DEPCOM;COM;PMUN;PCAP;PTOT
01001;L' Abergement-Clémenciat;804;14;818
01002;L' Abergement-de-Varey;195;6;201
01004;Ambérieu-en-Bugey;12696;435;13131
01005;Ambérieux-en-Dombes;1544;37;1581
01006;Ambléon;125;0;125
01007;Ambronay;2263;105;2368
01008;Ambutrix;649;14;663
01009;Andert-et-Condon;325;16;341
01010;Anglefort;918;9;927
01011;Apremont;333;20;353
01012;Aranc;286;13;299
01013;Arandas;158;1;159
01014;Arbent;3443;142;3585
01015;Arbignieu;469;14;483
01016;Arbigny;352;11;363
01017;Argis;421;4;425
01019;Armix;25;1;26
01021;Ars-sur-Formans;1264;19;1283
01022;Artemare;1081;26;1107
01023;Asnières-sur-Saône;86;2;88
01024;Attignat;2567;59;2626
01025;Bâgé-la-Ville;2756;83;2839
01026;Bâgé-le-Châtel;798;71;869
01027;Balan;2347;100;2447
01028;Baneins;606;11;617
01170;Béard-Géovreissiat;886;34;920
01029;Beaupont;560;10;570
01030;Beauregard;894;18;912
01032;Béligneux;2851;59;2910
01033;Bellegarde-sur-Valserine;11367;341;11708
01034;Belley;8665;425;9090
01035;Belleydoux;287;19;306
01031;Bellignat;3472;178;3650
01036;Belmont-Luthézieu;478;15;493
01037;Bénonces;271;2;273
01038;Bény;729;17;746
01039;Béon;355;13;368
01040;Béréziat;359;8;367
01041;Bettant;711;10;721
01042;Bey;241;10;251
01043;Beynost;4240;95;4335
01044;Billiat;444;6;450
01045;Birieux;220;2;222
01046;Biziat;765;10;775
01047;Blyes;927;15;942
01245;Bohas-Meyriat-Rignat;805;35;840
01049;La Boisse;2804;64;2868
01050;Boissey;225;5;230
01051;Bolozon;100;3;103
01052;Bouligneux;304;10;314
01053;Bourg-en-Bresse;40506;2147;42653
01054;Bourg-Saint-Christophe;1065;18;1083
01056;Boyeux-Saint-Jérôme;309;12;321
01057;Boz;491;8;499
01058;Brégnier-Cordon;699;29;728
01059;Brénaz;93;7;100
01060;Brénod;523;16;539
01061;Brens;920;36;956
01062;Bressolles;703;18;721
01063;Brion;511;20;531
01064;Briord;838;17;855
01065;Buellas;1633;68;1701
01066;La Burbanche;65;0;65
01067;Ceignes;277;5;282
01068;Cerdon;779;9;788
01069;Certines;1432;33;1465
01071;Cessy;3368;107;3475
01072;Ceyzériat;2594;73;2667
01073;Ceyzérieu;884;28;912
01074;Chalamont;2093;23;2116
01075;Chaleins;1191;22;1213
01076;Chaley;120;5;125
01077;Challes-la-Montagne;187;3;190
01078;Challex;1073;21;1094
01079;Champagne-en-Valromey;716;18;734
01080;Champdor;440;13;453
01081;Champfromier;630;32;662
01082;Chanay;602;28;630
01083;Chaneins;842;17;859
01084;Chanoz-Châtenay;652;16;668
01085;La Chapelle-du-Châtelard;310;2;312
01087;Charix;292;15;307
01088;Charnoz-sur-Ain;900;14;914
01089;Château-Gaillard;1704;38;1742
01090;Châtenay;336;3;339
01091;Châtillon-en-Michaille;2993;92;3085
01092;Châtillon-la-Palud;1446;60;1506
01093;Châtillon-sur-Chalaronne;4904;210;5114
01094;Chavannes-sur-Reyssouze;658;15;673
01095;Chavannes-sur-Suran;639;11;650
01096;Chaveyriat;896;23;919
01097;Chavornay;177;7;184
01098;Chazey-Bons;710;16;726
01099;Chazey-sur-Ain;1348;26;1374
01100;Cheignieu-la-Balme;144;4;148
01101;Chevillard;181;2;183
01102;Chevroux;847;10;857
01103;Chevry;1151;47;1198
01104;Chézery-Forens;404;13;417
01105;Civrieux;1341;79;1420
01106;Cize;150;2;152
01107;Cleyzieu;135;1;136
01108;Coligny;1147;30;1177
01109;Collonges;1421;26;1447
01110;Colomieu;117;1;118
01111;Conand;104;6;110
01112;Condamine;380;45;425
01113;Condeissiat;741;17;758
01114;Confort;515;22;537
01115;Confrançon;1059;27;1086
01116;Contrevoz;483;17;500
01117;Conzieu;111;4;115
01118;Corbonod;1105;20;1125
01119;Corcelles;211;5;216
01121;Corlier;114;1;115
01122;Cormaranche-en-Bugey;846;72;918
01123;Cormoranche-sur-Saône;1022;29;1051
01124;Cormoz;508;13;521
01125;Corveissiat;530;18;548
01127;Courmangoux;476;15;491
01128;Courtes;244;5;249
01129;Crans;275;7;282
01130;Cras-sur-Reyssouze;1116;36;1152
01133;Cressin-Rochefort;355;10;365
01134;Crottet;1676;42;1718
01135;Crozet;1720;63;1783
01136;Cruzilles-lès-Mépillat;781;14;795
01138;Culoz;2957;58;3015
01139;Curciat-Dongalon;423;6;429
01140;Curtafond;672;13;685
01141;Cuzieu;385;10;395
01142;Dagneux;3890;75;3965
01143;Divonne-les-Bains;7572;203;7775
01144;Dommartin;778;16;794
01146;Dompierre-sur-Chalaronne;362;17;379
01145;Dompierre-sur-Veyle;1173;24;1197
01147;Domsure;468;9;477
01148;Dortan;2088;80;2168
01149;Douvres;920;34;954
01150;Drom;179;1;180
01151;Druillat;1123;21;1144
01152;Échallon;765;27;792
01153;Échenevex;1500;52;1552
01154;Étrez;770;15;785
01155;Évosges;125;9;134
01156;Faramans;641;14;655
01157;Fareins;1948;56;2004
01158;Farges;825;12;837
01159;Feillens;3110;111;3221
01160;Ferney-Voltaire;7741;221;7962
01162;Flaxieu;55;3;58
01163;Foissiat;1828;36;1864
01165;Francheleins;1165;28;1193
01166;Frans;1972;38;2010
01167;Garnerans;632;20;652
01169;Genouilleux;561;10;571
01171;Géovreisset;887;29;916
01172;Germagnat;140;4;144
01173;Gex;9505;247;9752
01174;Giron;139;2;141
01175;Gorrevod;692;14;706
01176;Le Grand-Abergement;104;6;110
01177;Grand-Corent;135;5;140
01179;Grièges;1751;50;1801
01180;Grilly;677;23;700
01181;Groissiat;1098;36;1134
01182;Groslée;350;9;359
01183;Guéreins;1237;25;1262
01184;Hautecourt-Romanèche;735;13;748
01185;Hauteville-Lompnes;4114;135;4249
01186;Hostiaz;78;2;80
01187;Hotonnes;300;19;319
01188;Illiat;533;19;552
01189;Injoux-Génissiat;975;21;996
01190;Innimond;110;6;116
01191;Izenave;152;3;155
01192;Izernore;2230;49;2279
01193;Izieu;190;4;194
01194;Jassans-Riottier;5903;99;6002
01195;Jasseron;1394;41;1435
01196;Jayat;993;25;1018
01197;Journans;322;17;339
01198;Joyeux;230;2;232
01199;Jujurieux;1986;35;2021
01200;Labalme;156;1;157
01202;Lagnieu;6697;144;6841
01203;Laiz;1085;34;1119
01204;Lalleyriat;224;9;233
01205;Lancrans;1015;32;1047
01206;Lantenay;256;9;265
01207;Lapeyrouse;295;2;297
01208;Lavours;121;8;129
01209;Léaz;511;16;527
01210;Lélex;225;8;233
01211;Lent;1253;31;1284
01212;Lescheroux;691;17;708
01213;Leyment;1222;21;1243
01214;Leyssard;164;6;170
01215;Lhôpital;57;1;58
01216;Lhuis;809;24;833
01218;Lochieu;88;5;93
01219;Lompnas;165;2;167
01221;Lompnieu;103;3;106
01224;Loyettes;2439;34;2473
01225;Lurcy;388;11;399
01227;Magnieu;417;9;426
01228;Maillat;650;14;664
01229;Malafretaz;864;27;891
01230;Mantenay-Montlin;281;5;286
01231;Manziat;1859;59;1918
01232;Marboz;2176;48;2224
01233;Marchamp;112;3;115
01234;Marignieu;160;5;165
01235;Marlieux;758;62;820
01236;Marsonnas;889;17;906
01237;Martignat;1564;48;1612
01238;Massieux;2367;42;2409
01239;Massignieu-de-Rives;567;15;582
01240;Matafelon-Granges;647;9;656
01241;Meillonnas;1295;28;1323
01242;Mérignat;133;4;137
01243;Messimy-sur-Saône;1131;19;1150
01244;Meximieux;7383;146;7529
01246;Mézériat;2018;51;2069
01247;Mijoux;384;10;394
01248;Mionnay;2132;30;2162
01249;Miribel;8963;106;9069
01250;Misérieux;1700;221;1921
01252;Mogneneins;671;21;692
01254;Montagnat;1568;51;1619
01255;Montagnieu;472;18;490
01257;Montanges;331;12;343
01258;Montceaux;1054;32;1086
01259;Montcet;662;11;673
01260;Le Montellier;213;5;218
01261;Monthieux;593;14;607
01262;Montluel;6635;183;6818
01263;Montmerle-sur-Saône;3795;91;3886
01264;Montracol;892;23;915
01265;Montréal-la-Cluse;3521;119;3640
01266;Montrevel-en-Bresse;2311;36;2347
01268;Murs-et-Gélignieux;239;7;246
01269;Nantua;3663;156;3819
01271;Nattages;538;15;553
01272;Neuville-les-Dames;1538;22;1560
01273;Neuville-sur-Ain;1483;37;1520
01274;Les Neyrolles;663;23;686
01275;Neyron;2295;41;2336
01276;Niévroz;1499;15;1514
01277;Nivollet-Montgriffon;133;2;135
01267;Nurieux-Volognat;1094;25;1119
01279;Oncieu;91;4;95
01280;Ordonnaz;133;2;135
01281;Ornex;3108;114;3222
01282;Outriaz;275;8;283
01283;Oyonnax;23490;633;24123
01284;Ozan;509;9;518
01285;Parcieux;1033;15;1048
01286;Parves;332;20;352
01288;Péron;1905;31;1936
01289;Péronnas;6147;366;6513
01290;Pérouges;1191;29;1220
01291;Perrex;830;22;852
01292;Le Petit-Abergement;141;9;150
01293;Peyriat;166;11;177
01294;Peyrieu;777;39;816
01295;Peyzieux-sur-Saône;353;7;360
01296;Pirajoux;312;11;323
01297;Pizay;750;21;771
01298;Plagne;94;2;96
01299;Le Plantay;525;16;541
01300;Le Poizat;413;8;421
01301;Polliat;2336;58;2394
01302;Pollieu;155;5;160
01303;Poncin;1576;33;1609
01304;Pont-d'Ain;2459;90;2549
01305;Pont-de-Vaux;2130;53;2183
01306;Pont-de-Veyle;1496;99;1595
01307;Port;881;29;910
01308;Pougny;747;6;753
01309;Pouillat;79;2;81
01310;Prémeyzel;250;6;256
01311;Prémillieu;34;1;35
01312;Pressiat;207;6;213
01313;Prévessin-Moëns;4961;190;5151
01314;Priay;1433;23;1456
01316;Pugieu;135;2;137
01317;Ramasse;259;7;266
01318;Rancé;641;12;653
01319;Relevant;417;10;427
01320;Replonges;3167;83;3250
01321;Revonnas;650;10;660
01322;Reyrieux;3992;89;4081
01323;Reyssouze;870;14;884
01325;Rignieux-le-Franc;937;16;953
01328;Romans;577;14;591
01329;Rossillon;147;2;149
01330;Ruffieu;169;5;174
01331;Saint-Alban;179;6;185
01334;Saint-André-d'Huiriat;510;6;516
01332;Saint-André-de-Bâgé;551;14;565
01333;Saint-André-de-Corcy;2992;41;3033
01335;Saint-André-le-Bouchoux;303;5;308
01336;Saint-André-sur-Vieux-Jonc;1006;27;1033
01337;Saint-Bénigne;1108;28;1136
01338;Saint-Benoît;723;20;743
01339;Saint-Bernard;1369;30;1399
01340;Saint-Bois;118;3;121
01341;Saint-Champ;137;4;141
01343;Saint-Cyr-sur-Menthon;1544;32;1576
01345;Saint-Denis-en-Bugey;2067;51;2118
01344;Saint-Denis-lès-Bourg;5101;174;5275
01346;Saint-Didier-d'Aussiat;800;13;813
01347;Saint-Didier-de-Formans;1777;30;1807
01348;Saint-Didier-sur-Chalaronne;2616;49;2665
01349;Saint-Éloi;386;12;398
01350;Saint-Étienne-du-Bois;2397;46;2443
01351;Saint-Étienne-sur-Chalaronne;1402;35;1437
01352;Saint-Étienne-sur-Reyssouze;510;8;518
01354;Saint-Genis-Pouilly;8130;162;8292
01355;Saint-Genis-sur-Menthon;395;5;400
01356;Saint-Georges-sur-Renon;192;5;197
01357;Saint-Germain-de-Joux;501;14;515
01358;Saint-Germain-les-Paroisses;360;12;372
01359;Saint-Germain-sur-Renon;239;5;244
01360;Saint-Jean-de-Gonville;1420;40;1460
01361;Saint-Jean-de-Niost;1390;41;1431
01362;Saint-Jean-de-Thurigneux;586;6;592
01363;Saint-Jean-le-Vieux;1556;86;1642
01364;Saint-Jean-sur-Reyssouze;699;15;714
01365;Saint-Jean-sur-Veyle;1051;34;1085
01367;Saint-Julien-sur-Reyssouze;572;15;587
01368;Saint-Julien-sur-Veyle;647;8;655
01369;Saint-Just;883;38;921
01370;Saint-Laurent-sur-Saône;1727;21;1748
01371;Saint-Marcel;1202;10;1212
01372;Saint-Martin-de-Bavel;453;6;459
01373;Saint-Martin-du-Frêne;1064;30;1094
01374;Saint-Martin-du-Mont;1535;43;1578
01375;Saint-Martin-le-Châtel;771;20;791
01376;Saint-Maurice-de-Beynost;3885;36;3921
01378;Saint-Maurice-de-Gourdans;2354;49;2403
01379;Saint-Maurice-de-Rémens;670;10;680
01380;Saint-Nizier-le-Bouchoux;749;18;767
01381;Saint-Nizier-le-Désert;841;6;847
01383;Saint-Paul-de-Varax;1463;10;1473
01384;Saint-Rambert-en-Bugey;2167;41;2208
01385;Saint-Rémy;823;25;848
01386;Saint-Sorlin-en-Bugey;1064;52;1116
01387;Saint-Sulpice;133;1;134
01388;Saint-Trivier-de-Courtes;970;32;1002
01389;Saint-Trivier-sur-Moignans;1864;25;1889
01390;Saint-Vulbas;897;17;914
01342;Sainte-Croix;520;11;531
01353;Sainte-Euphémie;1362;34;1396
01366;Sainte-Julie;823;9;832
01382;Sainte-Olive;304;2;306
01391;Salavre;282;12;294
01392;Samognat;656;20;676
01393;Sandrans;516;7;523
01396;Sault-Brénaz;1043;16;1059
01397;Sauverny;1108;41;1149
01398;Savigneux;1169;11;1180
01399;Ségny;1536;49;1585
01400;Seillonnaz;143;3;146
01401;Sergy;1571;47;1618
01402;Sermoyer;651;11;662
01403;Serrières-de-Briord;1083;17;1100
01404;Serrières-sur-Ain;115;3;118
01405;Servas;1160;14;1174
01406;Servignat;153;4;157
01407;Seyssel;917;18;935
01408;Simandre-sur-Suran;654;19;673
01409;Songieu;117;4;121
01410;Sonthonnax-la-Montagne;317;22;339
01411;Souclin;255;0;255
01412;Sulignat;569;23;592
01413;Surjoux;74;2;76
01414;Sutrieu;223;8;231
01415;Talissieu;466;9;475
01416;Tenay;1103;22;1125
01417;Thézillieu;312;4;316
01418;Thil;1079;6;1085
01419;Thoiry;4842;144;4986
01420;Thoissey;1477;20;1497
01421;Torcieu;674;12;686
01422;Tossiat;1357;34;1391
01423;Toussieux;737;11;748
01424;Tramoyes;1625;20;1645
01425;La Tranclière;306;7;313
01426;Treffort-Cuisiat;2003;61;2064
01427;Trévoux;6790;207;6997
01428;Valeins;91;1;92
01429;Vandeins;590;10;600
01430;Varambon;544;8;552
01431;Vaux-en-Bugey;1103;25;1128
01432;Verjon;244;9;253
01433;Vernoux;198;2;200
01434;Versailleux;328;4;332
01435;Versonnex;2048;54;2102
01436;Vesancy;511;19;530
01437;Vescours;199;4;203
01439;Vésines;90;3;93
01442;Vieu;376;8;384
01441;Vieu-d'Izenave;667;16;683
01443;Villars-les-Dombes;4317;87;4404
01444;Villebois;1098;19;1117
01445;Villemotier;565;9;574
01446;Villeneuve;1306;23;1329
01447;Villereversure;1195;101;1296
01448;Villes;351;9;360
01449;Villette-sur-Ain;656;17;673
01450;Villieu-Loyes-Mollon;2790;67;2857
01451;Viriat;5719;170;5889
01452;Virieu-le-Grand;1063;23;1086
01453;Virieu-le-Petit;311;3;314
01454;Virignin;762;24;786
01456;Vongnes;66;5;71
01457;Vonnas;2673;61;2734
02001;Abbécourt;475;13;488
02002;Achery;539;7;546
02003;Acy;903;33;936
02004;Agnicourt-et-Séchelles;186;6;192
02005;Aguilcourt;339;15;354
02006;Aisonville-et-Bernoville;295;5;300
02007;Aizelles;105;0;105
02008;Aizy-Jouy;259;7;266
02009;Alaincourt;491;6;497
02010;Allemant;171;3;174
02011;Ambleny;1146;95;1241
02012;Ambrief;64;4;68
02013;Amifontaine;404;9;413
02014;Amigny-Rouy;720;11;731
02015;Ancienville;66;2;68
02016;Andelain;175;9;184
02017;Anguilcourt-le-Sart;280;6;286
02018;Anizy-le-Château;1900;31;1931
02019;Annois;378;4;382
02020;Any-Martin-Rieux;510;8;518
02021;Archon;91;2;93
02022;Arcy-Sainte-Restitue;427;14;441
02023;Armentières-sur-Ourcq;101;1;102
02024;Arrancy;47;0;47
02025;Artemps;356;6;362
02026;Artonges;161;3;164
02027;Assis-sur-Serre;257;5;262
02028;Athies-sous-Laon;2307;53;2360
02029;Attilly;398;9;407
02030;Aubencheul-aux-Bois;305;9;314
02031;Aubenton;703;10;713
02032;Aubigny-aux-Kaisnes;243;5;248
02033;Aubigny-en-Laonnois;116;2;118
02034;Audignicourt;101;6;107
02035;Audigny;245;8;253
02036;Augy;76;2;78
02037;Aulnois-sous-Laon;1308;27;1335
02038;Les Autels;75;1;76
02039;Autremencourt;166;3;169
02040;Autreppes;180;3;183
02041;Autreville;827;25;852
02042;Azy-sur-Marne;374;10;384
02043;Bagneux;71;1;72
02044;Bancigny;22;0;22
02046;Barenton-Bugny;575;9;584
02047;Barenton-Cel;147;2;149
02048;Barenton-sur-Serre;111;2;113
02049;Barisis;703;14;717
02050;Barzy-en-Thiérache;294;4;298
02051;Barzy-sur-Marne;380;8;388
02052;Bassoles-Aulers;136;4;140
02053;Baulne-en-Brie;290;4;294
02054;Bazoches-sur-Vesles;444;8;452
02055;Beaumé;100;2;102
02056;Beaumont-en-Beine;150;4;154
02057;Beaurevoir;1534;20;1554
02058;Beaurieux;793;14;807
02059;Beautor;2679;42;2721
02060;Beauvois-en-Vermandois;280;6;286
02061;Becquigny;280;5;285
02062;Belleau;130;0;130
02063;Bellenglise;389;8;397
02064;Belleu;3931;80;4011
02065;Bellicourt;644;11;655
02066;Benay;203;4;207
02067;Bergues-sur-Sambre;201;1;202
02068;Berlancourt;92;2;94
02069;Berlise;121;1;122
02070;Bernot;443;8;451
02071;Berny-Rivière;593;12;605
02072;Berrieux;165;4;169
02073;Berry-au-Bac;548;4;552
02074;Bertaucourt-Epourdon;565;7;572
02075;Berthenicourt;207;1;208
02076;Bertricourt;133;2;135
02077;Berzy-le-Sec;396;7;403
02078;Besmé;156;4;160
02079;Besmont;148;0;148
02080;Besny-et-Loizy;357;16;373
02081;Béthancourt-en-Vaux;386;15;401
02082;Beugneux;121;6;127
02083;Beuvardes;709;9;718
02084;Bézu-le-Guéry;243;11;254
02085;Bézu-Saint-Germain;663;10;673
02086;Bichancourt;966;13;979
02087;Bieuxy;26;0;26
02088;Bièvres;77;6;83
02089;Billy-sur-Aisne;1109;18;1127
02090;Billy-sur-Ourcq;217;5;222
02091;Blanzy-lès-Fismes;95;3;98
02093;Blérancourt;1260;57;1317
02094;Blesmes;379;13;392
02095;Bohain-en-Vermandois;6213;136;6349
02096;Bois-lès-Pargny;168;7;175
02097;Boncourt;236;9;245
02098;Bonneil;407;10;417
02099;Bonnesvalyn;209;7;216
02100;Bony;124;4;128
02101;Bosmont-sur-Serre;203;2;205
02102;Bouconville-Vauclair;157;4;161
02103;Boué;1265;18;1283
02104;Bouffignereux;109;4;113
02105;Bouresches;205;7;212
02106;Bourg-et-Comin;738;13;751
02107;Bourguignon-sous-Coucy;91;0;91
02108;Bourguignon-sous-Montbavin;129;0;129
02109;La Bouteille;512;11;523
02110;Braine;2105;33;2138
02111;Brancourt-en-Laonnois;640;24;664
02112;Brancourt-le-Grand;622;9;631
02114;Brasles;1264;37;1301
02117;Bray-Saint-Christophe;78;2;80
02118;Braye;119;1;120
02115;Braye-en-Laonnois;214;4;218
02116;Braye-en-Thiérache;153;3;156
02119;Brécy;335;7;342
02120;Brenelle;183;3;186
02121;Breny;272;13;285
02122;Brie;57;2;59
02123;Brissay-Choigny;320;6;326
02124;Brissy-Hamégicourt;639;11;650
02125;Brumetz;203;2;205
02126;Brunehamel;539;7;546
02128;Bruyères-et-Montbérault;1591;54;1645
02127;Bruyères-sur-Fère;209;10;219
02129;Bruys;20;0;20
02130;Bucilly;204;6;210
02131;Bucy-le-Long;1965;45;2010
02132;Bucy-lès-Cerny;180;10;190
02133;Bucy-lès-Pierrepont;420;12;432
02134;Buire;877;25;902
02135;Buironfosse;1210;24;1234
02136;Burelles;147;5;152
02137;Bussiares;113;1;114
02138;Buzancy;179;7;186
02139;Caillouël-Crépigny;409;16;425
02140;Camelin;439;11;450
02141;La Capelle;1896;98;1994
02142;Castres;216;4;220
02143;Le Catelet;199;5;204
02144;Caulaincourt;118;4;122
02145;Caumont;563;10;573
02147;La Celle-sous-Montmirail;109;1;110
02146;Celles-lès-Condé;76;5;81
02148;Celles-sur-Aisne;250;3;253
02149;Cerizy;58;1;59
02150;Cerny-en-Laonnois;72;0;72
02151;Cerny-lès-Bucy;114;8;122
02152;Cerseuil;86;0;86
02153;Cessières;437;12;449
02154;Chacrise;310;13;323
02155;Chaillevois;191;5;196
02156;Chalandry;208;6;214
02157;Chambry;767;19;786
02158;Chamouille;241;6;247
02159;Champs;286;9;295
02160;Chaourse;552;15;567
02161;La Chapelle-Monthodon;181;7;188
02162;La Chapelle-sur-Chézy;263;11;274
02163;Charly-sur-Marne;2703;54;2757
02164;Le Charmel;328;6;334
02165;Charmes;1693;38;1731
02166;Chartèves;358;10;368
02167;Chassemy;782;13;795
02168;Château-Thierry;14794;565;15359
02169;Châtillon-lès-Sons;81;3;84
02170;Châtillon-sur-Oise;141;3;144
02171;Chaudardes;85;3;88
02172;Chaudun;262;6;268
02173;Chauny;12518;439;12957
02174;Chavignon;728;14;742
02175;Chavigny;154;3;157
02176;Chavonne;189;1;190
02177;Chérêt;120;7;127
02178;Chermizy-Ailles;83;2;85
02179;Chéry-Chartreuve;324;1;325
02180;Chéry-lès-Pouilly;660;16;676
02181;Chéry-lès-Rozoy;101;1;102
02182;Chevennes;142;5;147
02183;Chevregny;195;5;200
02184;Chevresis-Monceau;352;10;362
02185;Chézy-en-Orxois;371;8;379
02186;Chézy-sur-Marne;1325;44;1369
02187;Chierry;1048;31;1079
02188;Chigny;174;5;179
02189;Chivres-en-Laonnois;346;2;348
02190;Chivres-Val;588;18;606
02191;Chivy-lès-Étouvelles;482;18;500
02192;Chouy;377;12;389
02193;Cierges;74;0;74
02194;Cilly;224;3;227
02195;Ciry-Salsogne;815;10;825
02196;Clacy-et-Thierret;354;15;369
02197;Clairfontaine;570;118;688
02198;Clamecy;232;7;239
02199;Clastres;543;1;544
02200;Clermont-les-Fermes;130;4;134
02201;Coeuvres-et-Valsery;468;15;483
02203;Coincy;1242;25;1267
02204;Coingt;80;1;81
02205;Colligis-Crandelain;151;0;151
02206;Colonfay;68;6;74
02207;Commenchon;168;7;175
02208;Concevreux;267;8;275
02209;Condé-en-Brie;637;9;646
02210;Condé-sur-Aisne;372;1;373
02211;Condé-sur-Suippe;245;6;251
02212;Condren;703;24;727
02213;Connigis;312;7;319
02214;Contescourt;72;2;74
02215;Corbeny;701;4;705
02216;Corcy;309;5;314
02219;Coucy-la-Ville;191;48;239
02217;Coucy-le-Château-Auffrique;1046;61;1107
02218;Coucy-lès-Eppes;572;5;577
02220;Coulonges-Cohan;426;13;439
02221;Coupru;169;8;177
02222;Courbes;35;3;38
02223;Courboin;280;10;290
02224;Courcelles-sur-Vesle;324;5;329
02225;Courchamps;90;3;93
02226;Courmelles;1711;29;1740
02227;Courmont;111;9;120
02228;Courtemont-Varennes;296;35;331
02229;Courtrizy-et-Fussigny;75;4;79
02230;Couvrelles;194;8;202
02231;Couvron-et-Aumencourt;1376;21;1397
02232;Coyolles;349;16;365
02233;Cramaille;120;2;122
02234;Craonne;64;0;64
02235;Craonnelle;100;2;102
02236;Crécy-au-Mont;316;5;321
02237;Crécy-sur-Serre;1480;50;1530
02238;Crépy;1832;41;1873
02239;Crézancy;1095;93;1188
02240;Croix-Fonsommes;226;4;230
02241;La Croix-sur-Ourcq;99;3;102
02242;Crouttes-sur-Marne;647;22;669
02243;Crouy;2653;49;2702
02244;Crupilly;56;2;58
02245;Cuffies;1708;28;1736
02246;Cugny;552;11;563
02248;Cuirieux;161;4;165
02249;Cuiry-Housse;108;2;110
02250;Cuiry-lès-Chaudardes;82;0;82
02251;Cuiry-lès-Iviers;39;1;40
02252;Cuissy-et-Geny;68;1;69
02253;Cuisy-en-Almont;331;10;341
02254;Cutry;112;1;113
02255;Cys-la-Commune;141;1;142
02256;Dagny-Lambercy;129;6;135
02257;Dallon;379;12;391
02258;Dammard;419;6;425
02259;Dampleux;425;10;435
02260;Danizy;553;10;563
02261;Dercy;387;7;394
02262;Deuillet;203;1;204
02263;Dhuizel;100;0;100
02264;Dizy-le-Gros;773;9;782
02265;Dohis;83;2;85
02266;Dolignon;58;2;60
02267;Dommiers;298;9;307
02268;Domptin;631;19;650
02269;Dorengt;151;0;151
02270;Douchy;143;1;144
02271;Dravegny;149;5;154
02272;Droizy;77;2;79
02273;Dury;184;1;185
02274;Ébouleau;202;8;210
02275;Effry;354;4;358
02276;Englancourt;113;5;118
02277;Épagny;327;9;336
02278;Éparcy;45;3;48
02279;Épaux-Bézu;560;13;573
02280;Épieds;362;11;373
02281;L' Épine-aux-Bois;259;1;260
02282;Eppes;376;9;385
02283;Erlon;289;8;297
02284;Erloy;98;4;102
02286;Esquéhéries;857;13;870
02287;Essigny-le-Grand;1135;37;1172
02288;Essigny-le-Petit;349;4;353
02289;Essises;423;14;437
02290;Essômes-sur-Marne;2528;75;2603
02291;Estrées;410;7;417
02292;Étampes-sur-Marne;1227;23;1250
02293;Étaves-et-Bocquiaux;551;7;558
02294;Étouvelles;208;5;213
02295;Étréaupont;859;26;885
02296;Étreillers;1120;34;1154
02297;Étrépilly;87;10;97
02298;Étreux;1604;32;1636
02299;Évergnicourt;539;5;544
02301;Faucoucourt;305;6;311
02302;Faverolles;343;8;351
02303;Fayet;532;34;566
02304;La Fère;2962;107;3069
02305;Fère-en-Tardenois;3306;58;3364
02306;La Ferté-Chevresis;590;12;602
02307;La Ferté-Milon;2300;153;2453
02308;Fesmy-le-Sart;474;11;485
02309;Festieux;536;13;549
02310;Fieulaine;274;4;278
02311;Filain;123;0;123
02312;La Flamengrie;1048;29;1077
02313;Flavigny-le-Grand-et-Beaurain;439;9;448
02315;Flavy-le-Martel;1625;26;1651
02316;Fleury;139;5;144
02317;Fluquières;206;4;210
02318;Folembray;1535;23;1558
02319;Fonsommes;507;8;515
02320;Fontaine-lès-Clercs;289;14;303
02321;Fontaine-lès-Vervins;934;206;1140
02322;Fontaine-Notre-Dame;391;14;405
02323;Fontaine-Uterte;111;3;114
02324;Fontenelle;281;3;284
02325;Fontenelle-en-Brie;181;9;190
02326;Fontenoy;528;14;542
02327;Foreste;179;4;183
02328;Fossoy;591;29;620
02329;Fourdrain;414;12;426
02330;Francilly-Selency;458;14;472
02331;Franqueville;125;5;130
02333;Fresnes;147;0;147
02332;Fresnes-en-Tardenois;243;5;248
02334;Fresnoy-le-Grand;3019;40;3059
02335;Fressancourt;224;6;230
02336;Frières-Faillouël;888;20;908
02337;Froidestrées;206;3;209
02338;Froidmont-Cohartille;205;5;210
02339;Gandelu;675;7;682
02340;Gauchy;5678;99;5777
02341;Gercy;302;4;306
02342;Gergny;156;4;160
02343;Germaine;66;0;66
02344;Gernicourt;70;1;71
02345;Gibercourt;43;0;43
02346;Gizy;695;15;710
02347;Gland;472;10;482
02348;Glennes;209;4;213
02349;Goudelancourt-lès-Berrieux;72;3;75
02350;Goudelancourt-lès-Pierrepont;127;4;131
02351;Goussancourt;98;0;98
02352;Gouy;615;10;625
02665;Grand-Rozoy;285;10;295
02783;Grand-Verly;137;4;141
02353;Grandlup-et-Fay;318;8;326
02354;Grandrieux;89;4;93
02355;Gricourt;850;25;875
02356;Grisolles;200;3;203
02357;Gronard;75;3;78
02358;Grougis;362;4;366
02359;Grugies;873;26;899
02360;Guignicourt;2142;41;2183
02361;Guise;5489;152;5641
02362;Guivry;254;1;255
02363;Guny;430;6;436
02364;Guyencourt;233;14;247
02366;Hannapes;267;2;269
02367;Happencourt;159;3;162
02368;Haramont;602;8;610
02369;Harcigny;254;8;262
02370;Hargicourt;537;5;542
02371;Harly;1761;35;1796
02372;Hartennes-et-Taux;337;14;351
02373;Hary;224;4;228
02375;Hautevesnes;133;2;135
02376;Hauteville;180;6;186
02377;Haution;145;3;148
02378;La Hérie;164;4;168
02379;Le Hérie-la-Viéville;228;115;343
02380;Hinacourt;35;0;35
02381;Hirson;9473;314;9787
02382;Holnon;1369;36;1405
02383;Homblières;1429;18;1447
02384;Houry;63;0;63
02385;Housset;180;11;191
02386;Iron;224;4;228
02387;Itancourt;1120;21;1141
02388;Iviers;169;5;174
02389;Jaulgonne;644;19;663
02390;Jeancourt;236;1;237
02391;Jeantes;214;5;219
02392;Joncourt;328;8;336
02393;Jouaignes;166;2;168
02395;Jumencourt;153;8;161
02396;Jumigny;70;3;73
02397;Jussy;1244;23;1267
02398;Juvigny;287;2;289
02399;Juvincourt-et-Damary;454;3;457
02400;Laffaux;131;0;131
02401;Laigny;231;1;232
02402;Lanchy;55;2;57
02403;Landifay-et-Bertaignemont;296;6;302
02404;Landouzy-la-Cour;151;0;151
02405;Landouzy-la-Ville;509;15;524
02406;Landricourt;122;2;124
02407;Laniscourt;183;3;186
02408;Laon;26463;1070;27533
02409;Lappion;289;11;300
02410;Largny-sur-Automne;242;7;249
02411;Latilly;222;3;225
02412;Launoy;96;1;97
02413;Laval-en-Laonnois;246;9;255
02414;Lavaqueresse;212;5;217
02415;Laversine;136;0;136
02374;Lehaucourt;761;11;772
02416;Lemé;450;14;464
02417;Lempire;96;2;98
02418;Lerzy;194;0;194
02419;Leschelle;283;2;285
02420;Lesdins;804;16;820
02421;Lesges;83;4;87
02422;Lesquielles-Saint-Germain;863;23;886
02423;Leuilly-sous-Coucy;420;6;426
02424;Leury;106;3;109
02425;Leuze;158;1;159
02426;Levergies;600;13;613
02427;Lhuys;140;1;141
02428;Licy-Clignon;89;1;90
02429;Lierval;119;2;121
02430;Liesse-Notre-Dame;1194;153;1347
02431;Liez;449;4;453
02432;Limé;187;4;191
02433;Lislet;247;2;249
02434;Lizy;239;24;263
02435;Logny-lès-Aubenton;75;1;76
02438;Longpont;282;8;290
02439;Longueval-Barbonval;471;7;478
02440;Lor;140;5;145
02441;Louâtre;212;6;218
02442;Loupeigne;82;2;84
02443;Lucy-le-Bocage;176;2;178
02444;Lugny;131;4;135
02445;Luzoir;287;5;292
02446;Ly-Fontaine;102;1;103
02447;Maast-et-Violaine;160;3;163
02448;Mâchecourt;142;1;143
02449;Macogny;70;1;71
02450;Macquigny;395;4;399
02451;Magny-la-Fosse;130;3;133
02452;Maissemy;236;7;243
02453;Maizy;400;2;402
02454;La Malmaison;407;16;423
02455;Malzy;204;2;206
02456;Manicamp;315;14;329
02457;Marchais;354;7;361
02458;Marchais-en-Brie;262;6;268
02459;Marcy;165;8;173
02460;Marcy-sous-Marle;207;5;212
02461;Marest-Dampcourt;329;5;334
02462;Mareuil-en-Dôle;218;4;222
02463;Marfontaine;92;3;95
02464;Margival;323;8;331
02465;Marigny-en-Orxois;469;9;478
02467;Marizy-Saint-Mard;45;1;46
02466;Marizy-Sainte-Geneviève;130;0;130
02468;Marle;2405;54;2459
02469;Marly-Gomont;419;10;429
02470;Martigny;451;9;460
02471;Martigny-Courpierre;112;4;116
02472;Mauregny-en-Haye;411;9;420
02473;Mayot;174;1;175
02474;Mennessis;392;5;397
02475;Menneville;389;0;389
02476;Mennevret;666;7;673
02477;Mercin-et-Vaux;932;47;979
02478;Merlieux-et-Fouquerolles;259;12;271
02479;Merval;79;0;79
02480;Mesbrecourt-Richecourt;286;6;292
02481;Mesnil-Saint-Laurent;443;11;454
02482;Meurival;59;0;59
02483;Mézières-sur-Oise;527;16;543
02484;Mézy-Moulins;504;4;508
02485;Missy-aux-Bois;103;3;106
02486;Missy-lès-Pierrepont;101;0;101
02487;Missy-sur-Aisne;694;15;709
02488;Molain;151;3;154
02489;Molinchart;292;9;301
02490;Monampteuil;129;5;134
02491;Monceau-le-Neuf-et-Faucouzy;338;11;349
02493;Monceau-le-Waast;238;3;241
02492;Monceau-lès-Leups;470;6;476
02494;Monceau-sur-Oise;124;6;130
02495;Mondrepuis;1008;27;1035
02496;Monnes;93;1;94
02497;Mons-en-Laonnois;1081;27;1108
02503;Mont-d'Origny;887;7;894
02520;Mont-Notre-Dame;647;11;658
02522;Mont-Saint-Jean;69;1;70
02523;Mont-Saint-Martin;61;4;65
02524;Mont-Saint-Père;639;12;651
02498;Montaigu;698;11;709
02499;Montbavin;36;4;40
02500;Montbrehain;809;28;837
02501;Montchâlons;67;1;68
02502;Montcornet;1644;15;1659
02504;Montescourt-Lizerolles;1654;17;1671
02505;Montfaucon;172;5;177
02506;Montgobert;190;1;191
02507;Montgru-Saint-Hilaire;34;0;34
02508;Monthenault;112;1;113
02509;Monthiers;168;3;171
02510;Monthurel;158;4;162
02511;Montigny-en-Arrouaise;288;4;292
02512;Montigny-l'Allier;268;1;269
02513;Montigny-le-Franc;165;2;167
02514;Montigny-Lengrain;660;17;677
02515;Montigny-lès-Condé;61;0;61
02516;Montigny-sous-Marle;70;2;72
02517;Montigny-sur-Crécy;312;2;314
02518;Montlevon;252;7;259
02519;Montloué;165;3;168
02521;Montreuil-aux-Lions;1352;35;1387
02525;Morcourt;589;18;607
02526;Morgny-en-Thiérache;98;2;100
02527;Morsain;429;8;437
02528;Mortefontaine;244;10;254
02529;Mortiers;214;5;219
02530;Moulins;97;1;98
02531;Moussy-Verneuil;128;2;130
02532;Moÿ-de-l'Aisne;996;18;1014
02533;Muret-et-Crouttes;131;3;134
02534;Muscourt;42;0;42
02535;Nampcelles-la-Cour;135;1;136
02536;Nampteuil-sous-Muret;77;0;77
02537;Nanteuil-la-Fosse;139;3;142
02538;Nanteuil-Notre-Dame;71;1;72
02539;Nauroy;683;12;695
02540;Nesles-la-Montagne;1156;30;1186
02541;Neufchâtel-sur-Aisne;449;8;457
02542;Neuflieux;91;1;92
02543;Neuilly-Saint-Front;2128;33;2161
02544;Neuve-Maison;629;11;640
02545;La Neuville-Bosmont;184;3;187
02546;La Neuville-en-Beine;166;8;174
02547;La Neuville-Housset;63;2;65
02548;La Neuville-lès-Dorengt;376;2;378
02549;Neuville-Saint-Amand;840;18;858
02550;Neuville-sur-Ailette;77;0;77
02551;Neuville-sur-Margival;110;1;111
02552;Neuvillette;198;0;198
02553;Nizy-le-Comte;258;10;268
02555;Nogent-l'Artaud;2130;46;2176
02554;Nogentel;1070;21;1091
02556;Noircourt;92;4;96
02557;Noroy-sur-Ourcq;151;4;155
02558;Le Nouvion-en-Thiérache;2823;59;2882
02559;Nouvion-et-Catillon;535;14;549
02560;Nouvion-le-Comte;275;6;281
02561;Nouvion-le-Vineux;164;2;166
02562;Nouvron-Vingré;214;1;215
02563;Noyales;164;5;169
02564;Noyant-et-Aconin;465;20;485
02565;OEuilly;269;6;275
02566;Ognes;1126;30;1156
02567;Ohis;310;2;312
02568;Oigny-en-Valois;159;11;170
02569;Oisy;411;17;428
02570;Ollezy;145;0;145
02571;Omissy;828;123;951
02572;Orainville;459;3;462
02573;Orgeval;69;5;74
02574;Origny-en-Thiérache;1517;38;1555
02575;Origny-Sainte-Benoite;1692;21;1713
02576;Osly-Courtil;293;10;303
02577;Ostel;82;1;83
02578;Oulches-la-Vallée-Foulon;50;1;51
02579;Oulchy-la-Ville;128;4;132
02580;Oulchy-le-Château;853;11;864
02581;Paars;259;4;263
02582;Paissy;70;1;71
02583;Pancy-Courtecon;45;2;47
02584;Papleux;111;2;113
02585;Parcy-et-Tigny;248;6;254
02586;Parfondeval;163;4;167
02587;Parfondru;347;10;357
02588;Pargnan;60;0;60
02589;Pargny-Filain;232;6;238
02590;Pargny-la-Dhuys;166;5;171
02591;Pargny-les-Bois;135;7;142
02592;Parpeville;227;5;232
02593;Pasly;1015;39;1054
02594;Passy-en-Valois;149;1;150
02595;Passy-sur-Marne;154;0;154
02596;Pavant;767;12;779
02597;Perles;84;0;84
02598;Pernant;692;24;716
02784;Petit-Verly;199;3;202
02599;Pierremande;281;3;284
02600;Pierrepont;394;2;396
02601;Pignicourt;135;4;139
02602;Pinon;1734;27;1761
02604;Pithon;84;1;85
02605;Pleine-Selve;167;5;172
02606;Le Plessier-Huleu;79;3;82
02607;Ploisy;86;3;89
02608;Plomion;500;6;506
02609;Ployart-et-Vaurseine;18;0;18
02610;Pommiers;622;18;640
02612;Pont-Arcy;130;1;131
02616;Pont-Saint-Mard;177;4;181
02613;Pontavert;608;4;612
02614;Pontru;305;6;311
02615;Pontruet;335;19;354
02617;Pouilly-sur-Serre;535;46;581
02618;Prémont;715;11;726
02619;Prémontré;767;8;775
02620;Presles-et-Boves;356;8;364
02621;Presles-et-Thierny;363;15;378
02622;Priez;48;2;50
02623;Prisces;114;0;114
02624;Proisy;309;55;364
02625;Proix;144;0;144
02626;Prouvais;379;10;389
02627;Proviseux-et-Plesnoy;101;2;103
02628;Puiseux-en-Retz;229;3;232
02629;Puisieux-et-Clanlieu;301;11;312
02631;Quierzy;425;7;432
02632;Quincy-Basse;50;0;50
02633;Quincy-sous-le-Mont;66;0;66
02634;Raillimont;85;2;87
02635;Ramicourt;173;1;174
02636;Regny;216;3;219
02637;Remaucourt;334;14;348
02638;Remies;240;8;248
02639;Remigny;347;6;353
02640;Renansart;172;0;172
02641;Renneval;131;2;133
02642;Résigny;164;3;167
02643;Ressons-le-Long;760;37;797
02644;Retheuil;373;6;379
02645;Reuilly-Sauvigny;234;6;240
02646;Révillon;62;0;62
02647;Ribeauville;83;0;83
02648;Ribemont;2042;51;2093
02649;Rocourt-Saint-Martin;312;7;319
02650;Rocquigny;392;11;403
02651;Rogécourt;78;2;80
02652;Rogny;100;2;102
02653;Romeny-sur-Marne;485;3;488
02654;Romery;79;0;79
02655;Ronchères;117;9;126
02656;Roucy;400;10;410
02657;Rougeries;230;4;234
02658;Roupy;249;12;261
02659;Rouvroy;376;6;382
02660;Rouvroy-sur-Serre;44;2;46
02661;Royaucourt-et-Chailvet;189;1;190
02662;Rozet-Saint-Albin;307;10;317
02663;Rozières-sur-Crise;233;9;242
02664;Rozoy-Bellevalle;110;1;111
02666;Rozoy-sur-Serre;1048;15;1063
02667;Saconin-et-Breuil;227;13;240
02668;Sains-Richaumont;944;22;966
02669;Saint-Agnan;108;2;110
02670;Saint-Algis;156;7;163
02671;Saint-Aubin;317;0;317
02672;Saint-Bandry;227;4;231
02673;Saint-Christophe-à-Berry;420;5;425
02674;Saint-Clément;53;1;54
02676;Saint-Erme-Outre-et-Ramecourt;1821;37;1858
02677;Saint-Eugène;226;4;230
02679;Saint-Gengoulph;146;2;148
02680;Saint-Gobain;2348;56;2404
02681;Saint-Gobert;307;4;311
02682;Saint-Mard;121;2;123
02683;Saint-Martin-Rivière;118;0;118
02684;Saint-Michel;3521;63;3584
02685;Saint-Nicolas-aux-Bois;105;3;108
02686;Saint-Paul-aux-Bois;392;12;404
02687;Saint-Pierre-Aigle;361;14;375
02688;Saint-Pierre-lès-Franqueville;58;0;58
02689;Saint-Pierremont;59;1;60
02691;Saint-Quentin;56471;1671;58142
02693;Saint-Rémy-Blanzy;230;6;236
02694;Saint-Simon;636;7;643
02695;Saint-Thibaut;61;6;67
02696;Saint-Thomas;74;2;76
02675;Sainte-Croix;133;4;137
02678;Sainte-Geneviève;74;1;75
02690;Sainte-Preuve;88;2;90
02697;Samoussy;369;15;384
02698;Sancy-les-Cheminots;111;3;114
02699;Saponay;259;4;263
02701;Saulchery;672;13;685
02702;Savy;642;25;667
02703;Seboncourt;1066;12;1078
02704;Selens;240;2;242
02705;La Selve;203;2;205
02706;Septmonts;547;20;567
02707;Septvaux;204;4;208
02708;Sequehart;226;5;231
02709;Serain;390;4;394
02710;Seraucourt-le-Grand;783;1;784
02711;Serches;296;8;304
02712;Sergy;158;3;161
02713;Seringes-et-Nesles;284;9;293
02714;Sermoise;315;7;322
02716;Servais;255;1;256
02715;Serval;40;0;40
02717;Séry-lès-Mézières;648;17;665
02718;Silly-la-Poterie;144;2;146
02719;Sinceny;2151;36;2187
02720;Sissonne;2196;103;2299
02721;Sissy;494;13;507
02722;Soissons;28471;1124;29595
02723;Soize;101;1;102
02724;Sommelans;55;2;57
02725;Sommeron;134;3;137
02726;Sommette-Eaucourt;135;3;138
02727;Sons-et-Ronchères;230;2;232
02728;Sorbais;276;6;282
02729;Soucy;75;5;80
02730;Soupir;306;3;309
02731;Le Sourd;163;7;170
02732;Surfontaine;99;0;99
02733;Suzy;295;6;301
02734;Taillefontaine;274;4;278
02735;Tannières;13;0;13
02736;Tartiers;174;1;175
02737;Tavaux-et-Pontséricourt;561;9;570
02738;Tergnier;14722;229;14951
02739;Terny-Sorny;310;7;317
02740;Thenailles;258;8;266
02741;Thenelles;590;2;592
02742;Thiernu;118;6;124
02743;Le Thuel;166;4;170
02744;Torcy-en-Valois;81;1;82
02745;Toulis-et-Attencourt;127;4;131
02746;Travecy;612;12;624
02747;Trefcon;82;3;85
02748;Trélou-sur-Marne;945;22;967
02749;Troësnes;227;10;237
02750;Trosly-Loire;578;11;589
02751;Trucy;134;3;137
02752;Tugny-et-Pont;240;8;248
02753;Tupigny;360;5;365
02754;Ugny-le-Gay;157;3;160
02755;Urcel;572;8;580
02756;Urvillers;597;11;608
02757;Vadencourt;630;8;638
02758;Vailly-sur-Aisne;2089;44;2133
02759;La Vallée-au-Blé;292;4;296
02760;La Vallée-Mulâtre;141;2;143
02761;Variscourt;201;0;201
02762;Vassens;165;2;167
02763;Vasseny;201;1;202
02764;Vassogne;61;1;62
02765;Vaucelles-et-Beffecourt;217;7;224
02766;Vaudesson;260;6;266
02769;Vaux-Andigny;952;23;975
02772;Vaux-en-Vermandois;151;0;151
02768;Vauxaillon;447;5;452
02770;Vauxbuin;783;24;807
02771;Vauxcéré;109;1;110
02767;Vauxrezis;326;15;341
02773;Vauxtin;49;0;49
02774;Vendelles;108;2;110
02775;Vendeuil;908;14;922
02776;Vendhuile;508;10;518
02777;Vendières;137;3;140
02778;Vendresse-Beaulne;115;3;118
02779;Vénérolles;228;4;232
02780;Venizel;1391;31;1422
02781;Verdilly;428;27;455
02782;Le Verguier;231;5;236
02785;Vermand;1040;20;1060
02786;Verneuil-sous-Coucy;127;1;128
02787;Verneuil-sur-Serre;269;4;273
02788;Versigny;454;6;460
02789;Vervins;2688;160;2848
02790;Vesles-et-Caumont;201;6;207
02791;Veslud;248;5;253
02792;Veuilly-la-Poterie;135;3;138
02793;Vézaponin;123;2;125
02794;Vézilly;155;3;158
02795;Vic-sur-Aisne;1718;38;1756
02796;Vichel-Nanteuil;98;4;102
02797;Viel-Arcy;175;0;175
02798;Viels-Maisons;999;21;1020
02799;Vierzy;421;13;434
02800;Viffort;296;4;300
02801;Vigneux-Hocquet;278;8;286
02802;La Ville-aux-Bois-lès-Dizy;195;0;195
02803;La Ville-aux-Bois-lès-Pontavert;119;3;122
02817;Ville-Savoye;58;1;59
02804;Villemontoire;210;3;213
02805;Villeneuve-Saint-Germain;2413;46;2459
02806;Villeneuve-sur-Fère;283;5;288
02807;Villequier-Aumont;595;24;619
02808;Villeret;313;2;315
02809;Villers-Agron-Aiguizy;94;3;97
02810;Villers-Cotterêts;10090;360;10450
02811;Villers-en-Prayères;117;3;120
02812;Villers-Hélon;210;0;210
02813;Villers-le-Sec;263;8;271
02814;Villers-lès-Guise;174;10;184
02815;Villers-Saint-Christophe;454;7;461
02816;Villers-sur-Fère;453;9;462
02818;Villiers-Saint-Denis;1036;19;1055
02819;Vincy-Reuil-et-Magny;128;1;129
02820;Viry-Noureuil;1913;52;1965
02821;Vivaise;765;22;787
02822;Vivières;393;12;405
02823;Voharies;72;3;75
02824;Vorges;379;16;395
02826;Voulpaix;392;12;404
02827;Voyenne;281;10;291
02828;Vregny;94;1;95
02829;Vuillery;31;0;31
02830;Wassigny;991;15;1006
02831;Watigny;364;17;381
02832;Wiège-Faty;225;4;229
02833;Wimy;499;8;507
02834;Wissignicourt;149;2;151
03001;Abrest;2591;84;2675
03002;Agonges;374;9;383
03003;Ainay-le-Château;1107;18;1125
03004;Andelaroche;285;9;294
03005;Archignat;346;6;352
03006;Arfeuilles;688;9;697
03007;Arpheuilles-Saint-Priest;333;14;347
03008;Arronnes;359;9;368
03009;Aubigny;118;46;164
03010;Audes;457;4;461
03011;Aurouër;369;11;380
03012;Autry-Issards;325;13;338
03013;Avermes;3827;154;3981
03014;Avrilly;165;7;172
03015;Bagneux;272;8;280
03016;Barberier;123;3;126
03017;Barrais-Bussolles;216;12;228
03018;Bayet;668;12;680
03019;Beaulon;1606;23;1629
03020;Beaune-d'Allier;288;11;299
03021;Bègues;228;5;233
03022;Bellenaves;1041;17;1058
03023;Bellerive-sur-Allier;8617;361;8978
03024;Bert;269;3;272
03025;Bessay-sur-Allier;1417;22;1439
03026;Besson;795;28;823
03027;Bézenet;972;29;1001
03028;Billezois;370;8;378
03029;Billy;847;19;866
03030;Biozat;707;19;726
03031;Bizeneuille;294;7;301
03032;Blomard;204;6;210
03033;Bost;171;2;173
03034;Boucé;551;12;563
03035;Le Bouchaud;210;7;217
03036;Bourbon-l'Archambault;2604;51;2655
03037;Braize;279;3;282
03038;Bransat;511;12;523
03039;Bresnay;392;8;400
03040;Bressolles;1050;31;1081
03041;Le Brethon;338;2;340
03042;Le Breuil;552;9;561
03043;Broût-Vernet;1159;68;1227
03044;Brugheas;1301;69;1370
03045;Busset;863;23;886
03046;Buxières-les-Mines;1079;15;1094
03047;La Celle;414;4;418
03048;Cérilly;1384;32;1416
03049;Cesset;368;8;376
03050;La Chabanne;190;5;195
03051;Chambérat;311;14;325
03052;Chamblet;1064;23;1087
03053;Chantelle;1059;32;1091
03054;Chapeau;221;3;224
03055;La Chapelaude;970;19;989
03056;La Chapelle;381;15;396
03057;La Chapelle-aux-Chasses;235;2;237
03058;Chappes;205;6;211
03059;Chareil-Cintrat;331;8;339
03060;Charmeil;724;28;752
03061;Charmes;337;4;341
03062;Charroux;383;14;397
03063;Chassenard;918;25;943
03064;Château-sur-Allier;169;4;173
03065;Châtel-de-Neuvre;517;13;530
03066;Châtel-Montagne;422;5;427
03067;Châtelperron;141;6;147
03068;Châtelus;134;3;137
03069;Châtillon;313;3;316
03070;Chavenon;142;8;150
03071;Chavroches;279;2;281
03072;Chazemais;444;4;448
03073;Chemilly;630;20;650
03074;Chevagnes;699;19;718
03075;Chezelle;160;3;163
03076;Chézy;209;4;213
03077;Chirat-l'Église;134;1;135
03078;Chouvigny;239;8;247
03079;Cindré;314;9;323
03080;Cognat-Lyonne;626;13;639
03081;Colombier;311;8;319
03082;Commentry;6803;229;7032
03083;Contigny;598;27;625
03084;Cosne-d'Allier;2195;51;2246
03085;Coulandon;689;88;777
03086;Coulanges;315;13;328
03087;Couleuvre;580;14;594
03088;Courçais;297;4;301
03089;Coutansouze;126;1;127
03090;Couzon;295;11;306
03091;Créchy;466;8;474
03092;Cressanges;654;19;673
03093;Creuzier-le-Neuf;994;25;1019
03094;Creuzier-le-Vieux;3195;132;3327
03095;Cusset;13358;563;13921
03096;Deneuille-lès-Chantelle;103;2;105
03097;Deneuille-les-Mines;340;3;343
03098;Désertines;4465;96;4561
03099;Deux-Chaises;415;10;425
03100;Diou;1514;49;1563
03101;Domérat;9000;207;9207
03102;Dompierre-sur-Besbre;3293;92;3385
03103;Le Donjon;1067;18;1085
03104;Doyet;1224;35;1259
03105;Droiturier;344;10;354
03106;Durdat-Larequille;1231;97;1328
03107;Ébreuil;1265;24;1289
03108;Échassières;387;4;391
03109;Escurolles;723;17;740
03110;Espinasse-Vozelle;821;17;838
03111;Estivareilles;1008;33;1041
03112;Étroussat;690;14;704
03113;Ferrières-sur-Sichon;561;12;573
03114;La Ferté-Hauterive;267;8;275
03115;Fleuriel;364;11;375
03116;Fourilles;205;5;210
03117;Franchesse;453;10;463
03118;Gannat;5881;210;6091
03119;Gannay-sur-Loire;409;5;414
03120;Garnat-sur-Engièvre;719;16;735
03121;Gennetines;549;16;565
03122;Gipcy;220;8;228
03123;Givarlais;240;9;249
03124;Gouise;218;10;228
03125;La Guillermie;152;3;155
03126;Hauterive;1082;31;1113
03127;Hérisson;680;15;695
03128;Huriel;2460;61;2521
03129;Hyds;304;19;323
03130;Isle-et-Bardais;284;7;291
03131;Isserpent;493;26;519
03132;Jaligny-sur-Besbre;646;22;668
03133;Jenzat;503;14;517
03134;Laféline;191;12;203
03135;Lalizolle;368;9;377
03136;Lamaids;142;4;146
03137;Langy;235;3;238
03138;Lapalisse;3196;142;3338
03139;Laprugne;365;7;372
03140;Lavault-Sainte-Anne;1184;54;1238
03141;Lavoine;152;6;158
03142;Lenax;249;5;254
03143;Lételon;133;3;136
03144;Liernolles;255;4;259
03145;Lignerolles;621;19;640
03146;Limoise;170;85;255
03147;Loddes;157;3;160
03148;Loriges;295;8;303
03149;Louchy-Montfand;451;15;466
03150;Louroux-Bourbonnais;227;7;234
03151;Louroux-de-Beaune;184;5;189
03152;Louroux-de-Bouble;291;3;294
03153;Louroux-Hodement;354;2;356
03154;Luneau;282;7;289
03155;Lurcy-Lévis;2134;29;2163
03156;Lusigny;1575;42;1617
03157;Magnet;761;11;772
03158;Maillet;374;3;377
03159;Malicorne;857;24;881
03160;Marcenat;358;13;371
03161;Marcillat-en-Combraille;907;32;939
03162;Marigny;189;7;196
03163;Mariol;772;16;788
03164;Le Mayet-d'École;272;6;278
03165;Le Mayet-de-Montagne;1519;151;1670
03166;Mazerier;273;7;280
03167;Mazirat;286;5;291
03168;Meaulne;782;19;801
03169;Meillard;244;10;254
03170;Meillers;159;12;171
03171;Mercy;292;11;303
03172;Mesples;132;2;134
03173;Molinet;1174;22;1196
03174;Molles;791;27;818
03175;Monestier;268;4;272
03176;Monétay-sur-Allier;539;17;556
03177;Monétay-sur-Loire;297;5;302
03179;Montaigu-le-Blin;307;11;318
03178;Montaiguët-en-Forez;307;5;312
03180;Montbeugny;616;9;625
03181;Montcombroux-les-Mines;414;14;428
03182;Monteignet-sur-l'Andelot;230;3;233
03183;Le Montet;510;9;519
03184;Montilly;541;15;556
03185;Montluçon;39761;1409;41170
03186;Montmarault;1574;26;1600
03187;Montoldre;638;18;656
03188;Montord;248;5;253
03189;Montvicq;731;9;740
03190;Moulins;20251;728;20979
03191;Murat;274;9;283
03192;Nades;122;1;123
03193;Nassigny;182;1;183
03194;Naves;115;2;117
03195;Néris-les-Bains;2728;124;2852
03196;Neuilly-en-Donjon;236;10;246
03197;Neuilly-le-Réal;1351;36;1387
03198;Neure;175;2;177
03200;Neuvy;1635;210;1845
03201;Nizerolles;330;8;338
03202;Noyant-d'Allier;707;17;724
03203;Paray-le-Frésil;430;6;436
03204;Paray-sous-Briailles;613;15;628
03205;Périgny;436;6;442
03206;La Petite-Marche;187;10;197
03207;Pierrefitte-sur-Loire;512;6;518
03208;Le Pin;375;4;379
03209;Poëzat;115;1;116
03210;Pouzy-Mésangy;420;15;435
03211;Prémilhat;2195;63;2258
03212;Quinssaines;1152;30;1182
03213;Reugny;262;1;263
03214;Rocles;356;5;361
03215;Rongères;535;13;548
03216;Ronnet;189;6;195
03217;Saint-Angel;728;49;777
03218;Saint-Aubin-le-Monial;291;11;302
03219;Saint-Bonnet-de-Four;195;9;204
03220;Saint-Bonnet-de-Rochefort;650;8;658
03221;Saint-Bonnet-Tronçais;760;11;771
03222;Saint-Caprais;91;2;93
03223;Saint-Christophe;453;7;460
03224;Saint-Clément;352;7;359
03225;Saint-Désiré;468;14;482
03226;Saint-Didier-en-Donjon;270;9;279
03227;Saint-Didier-la-Forêt;377;15;392
03228;Saint-Éloy-d'Allier;60;0;60
03229;Saint-Ennemond;649;10;659
03230;Saint-Étienne-de-Vicq;477;14;491
03231;Saint-Fargeol;217;4;221
03232;Saint-Félix;325;5;330
03233;Saint-Genest;364;10;374
03234;Saint-Gérand-de-Vaux;442;8;450
03235;Saint-Gérand-le-Puy;997;18;1015
03237;Saint-Germain-de-Salles;435;5;440
03236;Saint-Germain-des-Fossés;3672;74;3746
03238;Saint-Hilaire;536;19;555
03239;Saint-Léger-sur-Vouzance;286;7;293
03240;Saint-Léon;607;18;625
03241;Saint-Léopardin-d'Augy;359;29;388
03242;Saint-Loup;594;7;601
03244;Saint-Marcel-en-Marcillat;144;6;150
03243;Saint-Marcel-en-Murat;134;8;142
03245;Saint-Martin-des-Lais;141;4;145
03246;Saint-Martinien;605;15;620
03247;Saint-Menoux;950;28;978
03248;Saint-Nicolas-des-Biefs;178;2;180
03249;Saint-Palais;191;1;192
03250;Saint-Pierre-Laval;368;8;376
03251;Saint-Plaisir;413;16;429
03252;Saint-Pont;526;7;533
03253;Saint-Pourçain-sur-Besbre;419;5;424
03254;Saint-Pourçain-sur-Sioule;5045;157;5202
03255;Saint-Priest-d'Andelot;131;4;135
03256;Saint-Priest-en-Murat;254;4;258
03257;Saint-Prix;805;12;817
03258;Saint-Rémy-en-Rollat;1583;33;1616
03259;Saint-Sauvier;338;6;344
03260;Saint-Sornin;214;10;224
03262;Saint-Victor;2012;52;2064
03263;Saint-Voir;199;6;205
03264;Saint-Yorre;2734;68;2802
03261;Sainte-Thérence;200;4;204
03265;Saligny-sur-Roudon;810;90;900
03266;Sanssat;293;45;338
03267;Saulcet;655;25;680
03268;Saulzet;336;8;344
03269;Sauvagny;94;3;97
03270;Sazeret;153;5;158
03271;Serbannes;717;23;740
03272;Servilly;261;5;266
03273;Seuillet;470;19;489
03274;Sorbier;285;6;291
03275;Souvigny;1950;70;2020
03276;Sussat;103;1;104
03277;Target;257;6;263
03278;Taxat-Senat;227;5;232
03279;Teillet-Argenty;515;13;528
03280;Terjat;219;4;223
03281;Le Theil;400;15;415
03282;Theneuille;398;17;415
03283;Thiel-sur-Acolin;959;24;983
03284;Thionne;315;8;323
03285;Tortezais;171;5;176
03286;Toulon-sur-Allier;1098;37;1135
03287;Treban;393;6;399
03288;Treignat;452;21;473
03289;Treteau;543;5;548
03290;Trévol;1580;74;1654
03291;Trézelles;383;9;392
03292;Tronget;932;26;958
03293;Urçay;283;7;290
03294;Ussel-d'Allier;150;5;155
03295;Valignat;69;1;70
03296;Valigny;402;4;406
03297;Vallon-en-Sully;1717;31;1748
03298;Varennes-sur-Allier;3814;73;3887
03299;Varennes-sur-Tèche;255;3;258
03300;Vaumas;540;15;555
03301;Vaux;983;26;1009
03302;Veauce;41;0;41
03303;Venas;236;5;241
03304;Vendat;2158;50;2208
03305;Verneix;553;16;569
03306;Le Vernet;1757;54;1811
03307;Verneuil-en-Bourbonnais;249;6;255
03308;Vernusse;157;1;158
03309;Le Veurdre;541;42;583
03310;Vichy;25467;432;25899
03311;Vicq;321;9;330
03312;Vieure;250;12;262
03313;Le Vilhain;267;8;275
03314;Villebret;1248;24;1272
03315;Villefranche-d'Allier;1331;59;1390
03316;Villeneuve-sur-Allier;954;32;986
03317;Viplaix;274;8;282
03318;Vitray;120;2;122
03319;Voussac;463;11;474
03320;Ygrande;758;25;783
03321;Yzeure;12470;525;12995
04001;Aiglun;1193;56;1249
04004;Allemagne-en-Provence;494;17;511
04005;Allons;126;1;127
04006;Allos;676;19;695
04007;Angles;72;2;74
04008;Annot;1019;33;1052
04009;Archail;7;0;7
04012;Aubenas-les-Alpes;99;1;100
04013;Aubignosc;556;14;570
04016;Authon;40;1;41
04017;Auzet;82;3;85
04018;Banon;1077;20;1097
04019;Barcelonnette;2766;173;2939
04020;Barles;148;4;152
04021;Barras;152;4;156
04022;Barrême;495;5;500
04023;Bayons;255;8;263
04024;Beaujeu;155;6;161
04025;Beauvezer;352;8;360
04026;Bellaffaire;138;4;142
04027;Bevons;164;50;214
04028;Beynes;121;1;122
04030;Blieux;57;1;58
04031;Bras-d'Asse;486;4;490
04032;Braux;130;3;133
04033;La Bréole;344;6;350
04034;La Brillanne;869;20;889
04035;Brunet;254;2;256
04036;Le Brusquet;984;40;1024
04037;Le Caire;69;3;72
04039;Castellane;1604;62;1666
04040;Le Castellard-Melan;55;4;59
04041;Le Castellet;244;5;249
04042;Castellet-lès-Sausses;112;3;115
04045;Céreste;1196;17;1213
04046;Le Chaffaut-Saint-Jurson;702;109;811
04047;Champtercier;785;22;807
04049;Château-Arnoux-Saint-Auban;5148;122;5270
04050;Châteaufort;27;1;28
04051;Châteauneuf-Miravail;73;0;73
04053;Châteauneuf-Val-Saint-Donat;505;8;513
04054;Châteauredon;97;0;97
04055;Chaudon-Norante;147;2;149
04057;Clamensane;155;6;161
04058;Claret;224;9;233
04059;Clumanc;170;2;172
04061;Colmars;385;8;393
04062;La Condamine-Châtelard;147;6;153
04063;Corbières;939;16;955
04065;Cruis;590;6;596
04066;Curbans;361;10;371
04067;Curel;52;4;56
04068;Dauphin;784;22;806
04069;Demandolx;135;2;137
04070;Digne-les-Bains;17455;1300;18755
04072;Draix;74;3;77
04073;Enchastrayes;429;9;438
04074;Entrages;115;0;115
04075;Entrepierres;382;4;386
04076;Entrevaux;901;10;911
04077;Entrevennes;163;4;167
04079;L' Escale;1245;29;1274
04081;Esparron-de-Verdon;427;3;430
04084;Estoublon;408;4;412
04086;Faucon-de-Barcelonnette;306;4;310
04085;Faucon-du-Caire;52;1;53
04087;Fontienne;133;2;135
04088;Forcalquier;4649;75;4724
04090;Le Fugeret;218;2;220
04091;Ganagobie;106;3;109
04092;La Garde;89;0;89
04093;Gigors;56;1;57
04094;Gréoux-les-Bains;2459;41;2500
04177;Hautes-Duyes;33;0;33
04095;L' Hospitalet;89;3;92
04096;Jausiers;1040;48;1088
04097;La Javie;390;6;396
04099;Lambruisse;78;0;78
04100;Larche;73;3;76
04101;Lardiers;115;1;116
04102;Le Lauzet-Ubaye;236;6;242
04104;Limans;332;3;335
04106;Lurs;381;4;385
04107;Majastres;2;0;2
04108;Malijai;1924;31;1955
04109;Mallefougasse-Augès;210;8;218
04110;Mallemoisson;1051;30;1081
04111;Mane;1350;38;1388
04112;Manosque;21777;706;22483
04113;Marcoux;478;6;484
04115;Méailles;104;3;107
04116;Les Mées;3413;38;3451
04118;Melve;107;2;109
04161;Méolans-Revel;328;9;337
04120;Meyronnes;75;0;75
04121;Mézel;638;17;655
04122;Mirabeau;445;5;450
04123;Mison;976;34;1010
04124;Montagnac-Montpezat;409;12;421
04126;Montclar;454;10;464
04127;Montfort;396;3;399
04128;Montfuron;199;3;202
04129;Montjustin;51;1;52
04130;Montlaux;133;2;135
04132;Montsalier;104;4;108
04133;Moriez;188;7;195
04134;La Motte-du-Caire;498;10;508
04135;Moustiers-Sainte-Marie;705;9;714
04136;La Mure-Argens;320;7;327
04137;Nibles;46;0;46
04138;Niozelles;233;10;243
04139;Noyers-sur-Jabron;365;14;379
04140;Les Omergues;121;2;123
04141;Ongles;324;7;331
04142;Oppedette;63;0;63
04143;Oraison;4999;93;5092
04144;La Palud-sur-Verdon;314;1;315
04145;Peipin;1226;43;1269
04148;Peyroules;216;6;222
04149;Peyruis;2468;55;2523
04150;Piégut;136;3;139
04151;Pierrerue;521;14;535
04152;Pierrevert;3577;150;3727
04154;Pontis;65;3;68
04155;Prads-Haute-Bléone;170;1;171
04156;Puimichel;254;0;254
04157;Puimoisson;677;14;691
04158;Quinson;430;9;439
04159;Redortiers;86;3;89
04160;Reillanne;1478;32;1510
04162;Revest-des-Brousses;245;8;253
04163;Revest-du-Bion;536;2;538
04164;Revest-Saint-Martin;90;4;94
04166;Riez;1741;42;1783
04167;La Robine-sur-Galabre;317;7;324
04169;La Rochegiron;106;3;109
04170;La Rochette;56;0;56
04171;Rougon;125;1;126
04172;Roumoules;733;6;739
04173;Saint-André-les-Alpes;924;4;928
04174;Saint-Benoît;125;7;132
04178;Saint-Étienne-les-Orgues;1186;24;1210
04179;Saint-Geniez;101;4;105
04180;Saint-Jacques;56;1;57
04181;Saint-Jeannet;52;3;55
04182;Saint-Julien-d'Asse;153;3;156
04183;Saint-Julien-du-Verdon;134;3;137
04184;Saint-Jurs;156;2;158
04186;Saint-Laurent-du-Verdon;93;1;94
04187;Saint-Lions;41;1;42
04188;Saint-Maime;816;18;834
04189;Saint-Martin-de-Brômes;485;8;493
04190;Saint-Martin-les-Eaux;100;4;104
04191;Saint-Martin-lès-Seyne;19;0;19
04192;Saint-Michel-l'Observatoire;1089;21;1110
04193;Saint-Paul-sur-Ubaye;224;4;228
04194;Saint-Pierre;107;4;111
04195;Saint-Pons;697;26;723
04198;Saint-Vincent-les-Forts;259;4;263
04199;Saint-Vincent-sur-Jabron;183;3;186
04175;Sainte-Croix-à-Lauze;78;3;81
04176;Sainte-Croix-du-Verdon;140;2;142
04197;Sainte-Tulle;3247;57;3304
04200;Salignac;504;15;519
04201;Saumane;103;4;107
04202;Sausses;98;1;99
04203;Selonnet;427;12;439
04204;Senez;179;3;182
04205;Seyne;1427;35;1462
04206;Sigonce;393;6;399
04207;Sigoyer;83;4;87
04208;Simiane-la-Rotonde;574;12;586
04209;Sisteron;7288;294;7582
04210;Soleilhas;109;0;109
04211;Sourribes;176;3;179
04214;Tartonne;139;3;142
04216;Thèze;202;2;204
04217;Thoard;712;15;727
04218;Thorame-Basse;202;6;208
04219;Thorame-Haute;222;5;227
04220;Les Thuiles;386;9;395
04222;Turriers;406;5;411
04224;Ubraye;106;3;109
04226;Uvernet-Fours;638;25;663
04227;Vachères;297;10;307
04043;Val-de-Chalvagne;63;2;65
04228;Valavoire;35;1;36
04229;Valbelle;233;17;250
04230;Valensole;2700;38;2738
04231;Valernes;240;4;244
04233;Vaumeilh;276;8;284
04234;Venterol;208;3;211
04235;Verdaches;64;2;66
04236;Vergons;123;1;124
04237;Le Vernet;129;2;131
04240;Villars-Colmars;228;11;239
04241;Villemus;152;3;155
04242;Villeneuve;3448;47;3495
04244;Volonne;1643;48;1691
04245;Volx;2885;69;2954
05001;Abriès;377;14;391
05002;Agnières-en-Dévoluy;266;6;272
05003;Aiguilles;412;10;422
05004;Ancelle;808;13;821
05005;Antonaves;173;4;177
05006;L' Argentière-la-Bessée;2304;73;2377
05007;Arvieux;353;16;369
05008;Aspremont;303;2;305
05009;Aspres-lès-Corps;132;4;136
05010;Aspres-sur-Buëch;752;16;768
05011;Avançon;346;3;349
05012;Baratier;512;16;528
05013;Barcillonnette;125;3;128
05014;Barret-sur-Méouge;213;7;220
05016;La Bâtie-Montsaléon;189;5;194
05017;La Bâtie-Neuve;2019;76;2095
05018;La Bâtie-Vieille;257;19;276
05019;La Beaume;160;3;163
05020;Bénévent-et-Charbillac;286;9;295
05021;Le Bersac;151;3;154
05022;Bréziers;139;5;144
05023;Briançon;11604;357;11961
05024;Bruis;66;1;67
05025;Buissard;164;2;166
05026;Ceillac;297;8;305
05027;Cervières;144;5;149
05028;Chabestan;120;10;130
05029;Chabottes;746;22;768
05031;Champcella;164;6;170
05032;Champoléon;124;3;127
05033;Chanousse;44;0;44
05064;La Chapelle-en-Valgaudémar;121;4;125
05038;Château-Ville-Vieille;323;4;327
05035;Châteauneuf-d'Oze;28;0;28
05034;Châteauneuf-de-Chabre;300;8;308
05036;Châteauroux-les-Alpes;1097;32;1129
05037;Châteauvieux;438;21;459
05039;Chauffayer;383;6;389
05040;Chorges;2419;56;2475
05042;La Cluse;53;1;54
05043;Les Costes;142;3;145
05044;Crévoux;127;4;131
05045;Crots;906;29;935
05046;Embrun;6345;375;6720
05047;Éourres;128;4;132
05048;L' Épine;175;13;188
05049;Esparron;35;1;36
05050;Espinasses;660;15;675
05051;Étoile-Saint-Cyrice;35;4;39
05052;Eygliers;744;8;752
05053;Eyguians;250;2;252
05054;La Fare-en-Champsaur;421;3;424
05055;La Faurie;314;11;325
05056;Forest-Saint-Julien;270;2;272
05057;Fouillouse;183;5;188
05058;Freissinières;183;8;191
05059;La Freissinouse;501;10;511
05060;Furmeyer;147;5;152
05061;Gap;37785;1772;39557
05062;Le Glaizil;167;9;176
05063;La Grave;495;11;506
05065;Guillestre;2273;89;2362
05066;La Haute-Beaume;9;0;9
05067;Les Infournas;25;1;26
05068;Jarjayes;415;13;428
05069;Lagrand;288;16;304
05070;Laragne-Montéglin;3508;99;3607
05071;Lardier-et-Valença;261;5;266
05072;Laye;224;7;231
05073;Lazer;336;14;350
05074;Lettret;159;1;160
05075;Manteyer;400;16;416
05076;Méreuil;83;0;83
05077;Molines-en-Queyras;321;12;333
05078;Monêtier-Allemont;317;14;331
05079;Le Monêtier-les-Bains;1066;31;1097
05082;Mont-Dauphin;136;5;141
05080;Montbrand;52;1;53
05081;Montclus;46;2;48
05084;Montgardin;418;7;425
05085;Montgenèvre;466;15;481
05086;Montjay;98;1;99
05087;Montmaur;505;16;521
05088;Montmorin;88;1;89
05089;Montrond;49;1;50
05090;La Motte-en-Champsaur;175;6;181
05091;Moydans;48;4;52
05092;Neffes;709;17;726
05093;Névache;326;10;336
05094;Nossage-et-Bénévent;12;0;12
05095;Le Noyer;251;7;258
05096;Orcières;712;9;721
05097;Orpierre;323;49;372
05098;Les Orres;528;20;548
05099;Oze;90;2;92
05100;Pelleautier;539;17;556
05101;Pelvoux;444;10;454
05102;La Piarre;92;0;92
05103;Le Poët;741;26;767
05104;Poligny;294;6;300
05106;Prunières;283;8;291
05107;Puy-Saint-André;464;21;485
05108;Puy-Saint-Eusèbe;120;6;126
05109;Puy-Saint-Pierre;496;24;520
05110;Puy-Saint-Vincent;293;4;297
05111;Puy-Sanières;211;10;221
05112;Rabou;77;6;83
05113;Rambaud;354;12;366
05114;Réallon;228;4;232
05115;Remollon;422;11;433
05116;Réotier;185;6;191
05117;Ribeyret;106;5;111
05118;Ribiers;766;28;794
05119;Risoul;646;29;675
05120;Ristolas;93;3;96
05122;La Roche-de-Rame;805;22;827
05123;La Roche-des-Arnauds;1298;36;1334
05121;Rochebrune;150;2;152
05124;La Rochette;375;3;378
05126;Rosans;523;13;536
05127;Rousset;171;2;173
05128;Saint-André-d'Embrun;649;27;676
05129;Saint-André-de-Rosans;149;4;153
05130;Saint-Apollinaire;110;7;117
05131;Saint-Auban-d'Oze;67;2;69
05132;Saint-Bonnet-en-Champsaur;1677;47;1724
05133;Saint-Chaffrey;1689;67;1756
05134;Saint-Clément-sur-Durance;271;10;281
05136;Saint-Crépin;592;24;616
05138;Saint-Disdier;134;6;140
05139;Saint-Étienne-en-Dévoluy;579;21;600
05140;Saint-Étienne-le-Laus;285;4;289
05141;Saint-Eusèbe-en-Champsaur;137;0;137
05142;Saint-Firmin;448;12;460
05143;Saint-Genis;59;2;61
05144;Saint-Jacques-en-Valgodemard;162;2;164
05145;Saint-Jean-Saint-Nicolas;925;100;1025
05146;Saint-Julien-en-Beauchêne;122;2;124
05147;Saint-Julien-en-Champsaur;299;8;307
05148;Saint-Laurent-du-Cros;522;10;532
05149;Saint-Léger-les-Mélèzes;317;3;320
05151;Saint-Martin-de-Queyrières;1110;33;1143
05152;Saint-Maurice-en-Valgodemard;134;4;138
05153;Saint-Michel-de-Chaillol;331;8;339
05155;Saint-Pierre-Avez;24;0;24
05154;Saint-Pierre-d'Argençon;165;4;169
05156;Saint-Sauveur;436;12;448
05157;Saint-Véran;296;7;303
05135;Sainte-Colombe;52;1;53
05150;Sainte-Marie;42;0;42
05158;Le Saix;87;2;89
05159;Saléon;75;3;78
05160;Salérans;77;0;77
05161;La Salle-les-Alpes;901;41;942
05162;La Saulce;1249;26;1275
05163;Le Sauze-du-Lac;122;7;129
05164;Savines-le-Lac;1120;56;1176
05165;Savournon;253;12;265
05166;Serres;1322;30;1352
05167;Sigottier;64;3;67
05168;Sigoyer;657;19;676
05169;Sorbiers;37;1;38
05170;Tallard;1874;57;1931
05171;Théus;175;6;181
05172;Trescléoux;315;13;328
05173;Upaix;407;11;418
05174;Val-des-Prés;486;35;521
05175;Vallouise;717;30;747
05176;Valserres;211;6;217
05177;Vars;599;8;607
05178;Ventavon;503;61;564
05179;Veynes;3170;163;3333
05180;Les Vigneaux;468;14;482
05181;Villar-d'Arêne;277;3;280
05182;Villar-Loubière;50;1;51
05183;Villar-Saint-Pancrace;1461;57;1518
05184;Vitrolles;204;2;206
06001;Aiglun;92;1;93
06002;Amirat;35;0;35
06003;Andon;527;7;534
06004;Antibes;75770;1008;76778
06005;Ascros;150;4;154
06006;Aspremont;2106;25;2131
06007;Auribeau-sur-Siagne;2760;55;2815
06008;Auvare;54;1;55
06009;Bairols;104;1;105
06010;Le Bar-sur-Loup;2752;46;2798
06011;Beaulieu-sur-Mer;3720;19;3739
06012;Beausoleil;13879;154;14033
06013;Belvédère;677;11;688
06014;Bendejun;899;16;915
06015;Berre-les-Alpes;1261;15;1276
06016;Beuil;491;6;497
06017;Bézaudun-les-Alpes;172;2;174
06018;Biot;8995;224;9219
06019;Blausasc;1391;11;1402
06020;La Bollène-Vésubie;562;14;576
06021;Bonson;668;13;681
06022;Bouyon;448;4;452
06023;Breil-sur-Roya;2115;60;2175
06024;Briançonnet;192;1;193
06162;La Brigue;633;8;641
06025;Le Broc;1269;13;1282
06026;Cabris;1507;50;1557
06027;Cagnes-sur-Mer;48941;610;49551
06028;Caille;318;5;323
06029;Cannes;70829;961;71790
06030;Le Cannet;42207;389;42596
06031;Cantaron;1175;18;1193
06032;Cap-d'Ail;4942;63;5005
06033;Carros;11597;159;11756
06034;Castagniers;1494;26;1520
06035;Castellar;944;12;956
06036;Castillon;326;2;328
06037;Caussols;229;2;231
06040;Châteauneuf-d'Entraunes;66;0;66
06038;Châteauneuf-Grasse;3139;82;3221
06039;Châteauneuf-Villevieille;830;9;839
06041;Cipières;355;2;357
06042;Clans;554;9;563
06043;Coaraze;721;10;731
06044;La Colle-sur-Loup;7546;120;7666
06045;Collongues;101;1;102
06046;Colomars;3199;37;3236
06047;Conségudes;79;0;79
06048;Contes;6868;91;6959
06049;Courmes;95;1;96
06050;Coursegoules;440;14;454
06051;La Croix-sur-Roudoule;85;1;86
06052;Cuébris;195;3;198
06053;Daluis;115;3;118
06054;Drap;4475;42;4517
06055;Duranus;163;1;164
06056;Entraunes;128;3;131
06057;L' Escarène;2301;17;2318
06058;Escragnolles;519;4;523
06059;Èze;2957;30;2987
06060;Falicon;1874;29;1903
06061;Les Ferres;89;2;91
06062;Fontan;284;6;290
06063;Gars;59;0;59
06064;Gattières;4094;36;4130
06065;La Gaude;6670;130;6800
06066;Gilette;1449;19;1468
06067;Gorbio;1295;22;1317
06068;Gourdon;444;8;452
06069;Grasse;50257;1037;51294
06070;Gréolières;535;8;543
06071;Guillaumes;699;7;706
06072;Ilonse;147;1;148
06073;Isola;630;13;643
06074;Lantosque;1222;9;1231
06075;Levens;4503;42;4545
06076;Lieuche;44;1;45
06077;Lucéram;1251;16;1267
06078;Malaussène;221;1;222
06079;Mandelieu-la-Napoule;20621;268;20889
06080;Marie;83;1;84
06081;Le Mas;129;3;132
06082;Massoins;129;3;132
06083;Menton;28683;446;29129
06084;Mouans-Sartoux;10331;231;10562
06085;Mougins;19906;344;20250
06086;Moulinet;223;4;227
06087;Les Mujouls;59;0;59
06088;Nice;348721;3667;352388
06089;Opio;2133;71;2204
06090;Pégomas;6296;98;6394
06091;Peille;2271;12;2283
06092;Peillon;1336;8;1344
06093;La Penne;293;1;294
06094;Péone;803;6;809
06095;Peymeinade;7835;151;7986
06096;Pierlas;114;5;119
06097;Pierrefeu;253;8;261
06098;Puget-Rostang;107;2;109
06099;Puget-Théniers;1822;99;1921
06100;Revest-les-Roches;199;0;199
06101;Rigaud;205;5;210
06102;Rimplas;114;1;115
06103;Roquebillière;1634;81;1715
06104;Roquebrune-Cap-Martin;13177;136;13313
06105;Roquefort-les-Pins;6175;164;6339
06106;Roquesteron;520;1;521
06107;Roquestéron-Grasse;63;1;64
06108;La Roquette-sur-Siagne;4920;96;5016
06109;La Roquette-sur-Var;928;2;930
06110;Roubion;108;1;109
06111;Roure;204;3;207
06112;Le Rouret;3778;100;3878
06114;Saint-André-de-la-Roche;4701;43;4744
06115;Saint-Antonin;103;1;104
06116;Saint-Auban;226;4;230
06117;Saint-Blaise;928;8;936
06118;Saint-Cézaire-sur-Siagne;3499;63;3562
06119;Saint-Dalmas-le-Selvage;132;11;143
06120;Saint-Étienne-de-Tinée;1320;156;1476
06121;Saint-Jean-Cap-Ferrat;2135;13;2148
06122;Saint-Jeannet;3645;69;3714
06123;Saint-Laurent-du-Var;30290;315;30605
06124;Saint-Léger;69;1;70
06125;Saint-Martin-d'Entraunes;84;0;84
06126;Saint-Martin-du-Var;2502;20;2522
06127;Saint-Martin-Vésubie;1329;8;1337
06128;Saint-Paul;3374;52;3426
06129;Saint-Sauveur-sur-Tinée;346;96;442
06130;Saint-Vallier-de-Thiey;3142;97;3239
06113;Sainte-Agnès;1191;10;1201
06131;Sallagriffon;53;0;53
06132;Saorge;435;13;448
06133;Sauze;106;5;111
06134;Séranon;447;0;447
06135;Sigale;208;5;213
06136;Sospel;3514;66;3580
06137;Spéracèdes;1126;28;1154
06163;Tende;2018;53;2071
06138;Théoule-sur-Mer;1527;23;1550
06139;Thiéry;101;0;101
06140;Le Tignet;3062;82;3144
06141;Toudon;267;4;271
06142;Touët-de-l'Escarène;287;1;288
06143;Touët-sur-Var;607;7;614
06144;La Tour;424;4;428
06145;Tourette-du-Château;116;2;118
06146;Tournefort;154;2;156
06147;Tourrette-Levens;4709;50;4759
06148;Tourrettes-sur-Loup;4312;70;4382
06149;La Trinité;10336;103;10439
06150;La Turbie;3160;41;3201
06151;Utelle;685;11;696
06152;Valbonne;11874;438;12312
06153;Valdeblore;806;17;823
06154;Valderoure;384;4;388
06155;Vallauris;30645;194;30839
06156;Venanson;140;2;142
06157;Vence;19479;180;19659
06158;Villars-sur-Var;650;41;691
06159;Villefranche-sur-Mer;6662;42;6704
06160;Villeneuve-d'Entraunes;81;2;83
06161;Villeneuve-Loubet;13972;222;14194
07001;Accons;432;19;451
07002;Ailhon;462;23;485
07003;Aizac;162;4;166
07004;Ajoux;94;1;95
07005;Alba-la-Romaine;1361;38;1399
07006;Albon-d'Ardèche;159;4;163
07007;Alboussière;890;27;917
07008;Alissas;1230;36;1266
07009;Andance;1119;18;1137
07010;Annonay;17257;567;17824
07011;Antraigues-sur-Volane;593;15;608
07012;Arcens;417;13;430
07013;Ardoix;985;17;1002
07014;Arlebosc;345;6;351
07015;Arras-sur-Rhône;487;19;506
07016;Asperjoc;336;14;350
07017;Les Assions;614;17;631
07018;Astet;44;1;45
07019;Aubenas;11820;911;12731
07020;Aubignas;385;7;392
07022;Baix;1009;33;1042
07023;Balazuc;330;9;339
07024;Banne;642;28;670
07025;Barnas;223;5;228
07026;Le Béage;328;1;329
07027;Beauchastel;1709;31;1740
07028;Beaulieu;428;17;445
07029;Beaumont;204;8;212
07030;Beauvène;230;5;235
07031;Berrias-et-Casteljau;602;19;621
07032;Berzème;131;6;137
07033;Bessas;213;4;217
07034;Bidon;141;1;142
07035;Boffres;616;17;633
07036;Bogy;328;5;333
07037;Borée;164;5;169
07038;Borne;41;0;41
07040;Boucieu-le-Roi;275;3;278
07041;Boulieu-lès-Annonay;2075;63;2138
07042;Bourg-Saint-Andéol;7333;245;7578
07039;Bozas;244;2;246
07044;Brossainc;173;6;179
07045;Burzet;497;10;507
07047;Cellier-du-Luc;105;1;106
07048;Chalencon;308;5;313
07049;Le Chambon;54;2;56
07050;Chambonas;600;14;614
07051;Champagne;574;13;587
07052;Champis;558;12;570
07053;Chandolas;438;17;455
07054;Chanéac;271;10;281
07055;Charmes-sur-Rhône;2358;56;2414
07056;Charnas;683;3;686
07058;Chassiers;982;82;1064
07059;Châteaubourg;207;9;216
07060;Châteauneuf-de-Vernoux;194;7;201
07061;Chauzon;317;7;324
07062;Chazeaux;104;11;115
07063;Cheminas;258;4;262
07064;Le Cheylard;3313;147;3460
07065;Chirols;256;12;268
07066;Chomérac;2666;192;2858
07067;Colombier-le-Cardinal;257;5;262
07068;Colombier-le-Jeune;546;13;559
07069;Colombier-le-Vieux;630;23;653
07070;Cornas;2255;51;2306
07071;Coucouron;828;3;831
07072;Coux;1599;51;1650
07073;Le Crestet;533;14;547
07074;Creysseilles;136;1;137
07075;Cros-de-Géorand;186;3;189
07076;Cruas;2670;69;2739
07077;Darbres;247;7;254
07078;Davézieux;2801;89;2890
07079;Désaignes;1164;14;1178
07080;Devesset;294;9;303
07081;Dompnac;94;2;96
07082;Dornas;272;13;285
07083;Dunière-sur-Eyrieux;381;10;391
07084;Eclassan;833;25;858
07085;Empurany;538;4;542
07086;Étables;723;4;727
07087;Fabras;348;10;358
07088;Faugères;90;1;91
07089;Félines;1436;45;1481
07090;Flaviac;1107;33;1140
07091;Fons;291;10;301
07092;Freyssenet;53;1;54
07093;Genestelle;279;7;286
07094;Gilhac-et-Bruzac;147;3;150
07095;Gilhoc-sur-Ormèze;366;3;369
07096;Gluiras;388;9;397
07097;Glun;658;11;669
07098;Gourdon;85;2;87
07099;Gras;494;12;506
07100;Gravières;350;9;359
07101;Grospierres;816;18;834
07102;Guilherand-Granges;10847;270;11117
07103;Intres;116;1;117
07104;Issamoulenc;104;0;104
07105;Issanlas;127;5;132
07106;Issarlès;164;7;171
07107;Jaujac;1181;28;1209
07108;Jaunac;139;10;149
07109;Joannas;331;7;338
07110;Joyeuse;1612;42;1654
07111;Juvinas;157;2;159
07113;Labastide-de-Virac;210;5;215
07112;Labastide-sur-Bésorgues;220;8;228
07114;Labatie-d'Andaure;200;2;202
07115;Labeaume;536;27;563
07116;Labégude;1364;29;1393
07117;Lablachère;1783;44;1827
07118;Laboule;139;10;149
07119;Le Lac-d'Issarlès;265;2;267
07120;Lachamp-Raphaël;89;1;90
07121;Lachapelle-Graillouse;235;2;237
07122;Lachapelle-sous-Aubenas;1402;51;1453
07123;Lachapelle-sous-Chanéac;200;3;203
07124;Lafarre;43;2;45
07126;Lagorce;907;20;927
07127;Lalevade-d'Ardèche;1177;17;1194
07128;Lalouvesc;489;11;500
07129;Lamastre;2541;82;2623
07130;Lanarce;173;6;179
07131;Lanas;377;20;397
07132;Largentière;1820;127;1947
07133;Larnas;91;0;91
07134;Laurac-en-Vivarais;888;26;914
07135;Laval-d'Aurelle;62;0;62
07136;Laveyrune;129;2;131
07137;Lavillatte;78;1;79
07138;Lavilledieu;1799;25;1824
07139;Laviolle;125;2;127
07140;Lemps;740;16;756
07141;Lentillères;205;6;211
07142;Lespéron;315;14;329
07143;Limony;754;11;765
07144;Loubaresse;32;0;32
07145;Lussas;910;27;937
07146;Lyas;562;15;577
07147;Malarce-sur-la-Thines;252;14;266
07148;Malbosc;155;4;159
07149;Marcols-les-Eaux;330;2;332
07150;Mariac;708;33;741
07151;Mars;284;2;286
07152;Mauves;1129;26;1155
07153;Mayres;257;7;264
07154;Mazan-l'Abbaye;139;13;152
07155;Mercuer;1167;40;1207
07156;Meyras;825;26;851
07157;Meysse;1309;38;1347
07158;Mézilhac;109;2;111
07159;Mirabel;369;13;382
07160;Monestier;56;2;58
07161;Montpezat-sous-Bauzon;764;33;797
07162;Montréal;498;10;508
07163;Montselgues;91;4;95
07165;Nonières;201;2;203
07166;Nozières;246;4;250
07167;Les Ollières-sur-Eyrieux;898;20;918
07168;Orgnac-l'Aven;509;5;514
07169;Ozon;341;13;354
07170;Pailharès;289;6;295
07171;Payzac;466;10;476
07172;Peaugres;1944;68;2012
07173;Péreyres;53;0;53
07174;Peyraud;504;8;512
07175;Le Plagnal;72;2;74
07176;Planzolles;134;1;135
07177;Plats;733;11;744
07178;Pont-de-Labeaume;561;5;566
07179;Pourchères;132;14;146
07181;Le Pouzin;2820;42;2862
07182;Prades;1101;20;1121
07183;Pradons;412;7;419
07184;Pranles;444;7;451
07185;Préaux;555;8;563
07186;Privas;8646;356;9002
07187;Prunet;133;1;134
07188;Quintenas;1379;33;1412
07189;Ribes;253;9;262
07190;Rochecolombe;217;3;220
07191;Rochemaure;1978;64;2042
07192;Rochepaule;302;11;313
07193;Rocher;275;1;276
07194;Rochessauve;378;14;392
07195;La Rochette;62;1;63
07196;Rocles;206;7;213
07197;Roiffieux;2675;92;2767
07198;Rompon;956;13;969
07199;Rosières;1077;37;1114
07200;Le Roux;37;1;38
07201;Ruoms;2225;38;2263
07202;Sablières;140;5;145
07203;Sagnes-et-Goudoulet;136;3;139
07204;Saint-Agrève;2565;54;2619
07207;Saint-Alban-Auriolles;909;32;941
07205;Saint-Alban-d'Ay;1266;33;1299
07206;Saint-Alban-en-Montagne;70;2;72
07208;Saint-Andéol-de-Berg;126;4;130
07209;Saint-Andéol-de-Fourchades;57;2;59
07210;Saint-Andéol-de-Vals;538;24;562
07211;Saint-André-de-Cruzières;521;13;534
07212;Saint-André-en-Vivarais;229;4;233
07213;Saint-André-Lachamp;120;6;126
07214;Saint-Apollinaire-de-Rias;155;4;159
07216;Saint-Barthélemy-Grozon;516;34;550
07215;Saint-Barthélemy-le-Meil;211;7;218
07217;Saint-Barthélemy-le-Plain;752;19;771
07218;Saint-Basile;318;9;327
07219;Saint-Bauzile;263;16;279
07220;Saint-Christol;103;5;108
07221;Saint-Cierge-la-Serre;220;4;224
07222;Saint-Cierge-sous-le-Cheylard;202;13;215
07223;Saint-Cirgues-de-Prades;130;5;135
07224;Saint-Cirgues-en-Montagne;251;10;261
07225;Saint-Clair;1010;38;1048
07226;Saint-Clément;101;3;104
07227;Saint-Cyr;1246;23;1269
07228;Saint-Désirat;758;25;783
07229;Saint-Didier-sous-Aubenas;748;11;759
07230;Saint-Étienne-de-Boulogne;343;5;348
07231;Saint-Étienne-de-Fontbellon;2483;67;2550
07232;Saint-Étienne-de-Lugdarès;452;7;459
07233;Saint-Étienne-de-Serre;205;6;211
07234;Saint-Étienne-de-Valoux;283;2;285
07236;Saint-Félicien;1226;36;1262
07237;Saint-Fortunat-sur-Eyrieux;692;10;702
07238;Saint-Genest-de-Beauzon;236;7;243
07239;Saint-Genest-Lachamp;101;1;102
07240;Saint-Georges-les-Bains;1979;51;2030
07241;Saint-Germain;613;25;638
07242;Saint-Gineis-en-Coiron;97;2;99
07243;Saint-Jacques-d'Atticieux;237;0;237
07244;Saint-Jean-Chambre;252;10;262
07245;Saint-Jean-de-Muzols;2446;70;2516
07247;Saint-Jean-le-Centenier;634;6;640
07248;Saint-Jean-Roure;253;5;258
07249;Saint-Jeure-d'Andaure;93;2;95
07250;Saint-Jeure-d'Ay;437;3;440
07251;Saint-Joseph-des-Bancs;189;3;192
07252;Saint-Julien-Boutières;214;3;217
07253;Saint-Julien-du-Gua;185;10;195
07254;Saint-Julien-du-Serre;830;27;857
07255;Saint-Julien-en-Saint-Alban;1246;22;1268
07256;Saint-Julien-Labrousse;326;13;339
07257;Saint-Julien-le-Roux;89;4;93
07258;Saint-Julien-Vocance;259;2;261
07259;Saint-Just;1469;40;1509
07260;Saint-Lager-Bressac;850;34;884
07261;Saint-Laurent-du-Pape;1507;40;1547
07262;Saint-Laurent-les-Bains;157;4;161
07263;Saint-Laurent-sous-Coiron;136;6;142
07264;Saint-Marcel-d'Ardèche;2376;90;2466
07265;Saint-Marcel-lès-Annonay;1268;31;1299
07267;Saint-Martial;265;6;271
07268;Saint-Martin-d'Ardèche;834;19;853
07269;Saint-Martin-de-Valamas;1281;21;1302
07270;Saint-Martin-sur-Lavezon;435;7;442
07272;Saint-Maurice-d'Ardèche;295;5;300
07273;Saint-Maurice-d'Ibie;193;2;195
07274;Saint-Maurice-en-Chalencon;176;4;180
07275;Saint-Mélany;125;1;126
07276;Saint-Michel-d'Aurance;233;9;242
07277;Saint-Michel-de-Boulogne;141;11;152
07278;Saint-Michel-de-Chabrillanoux;349;11;360
07279;Saint-Montan;1718;51;1769
07280;Saint-Paul-le-Jeune;842;18;860
07281;Saint-Péray;7254;218;7472
07282;Saint-Pierre-de-Colombier;380;31;411
07283;Saint-Pierre-la-Roche;52;2;54
07284;Saint-Pierre-Saint-Jean;156;1;157
07285;Saint-Pierre-sur-Doux;101;2;103
07286;Saint-Pierreville;508;16;524
07287;Saint-Pons;256;10;266
07288;Saint-Priest;1208;56;1264
07289;Saint-Privat;1570;35;1605
07290;Saint-Prix;253;11;264
07291;Saint-Remèze;826;18;844
07292;Saint-Romain-d'Ay;959;18;977
07293;Saint-Romain-de-Lerps;690;20;710
07294;Saint-Sauveur-de-Cruzières;533;9;542
07295;Saint-Sauveur-de-Montagut;1154;38;1192
07296;Saint-Sernin;1453;38;1491
07297;Saint-Sylvestre;461;11;472
07299;Saint-Symphorien-de-Mahun;129;8;137
07298;Saint-Symphorien-sous-Chomérac;716;26;742
07300;Saint-Thomé;386;10;396
07301;Saint-Victor;929;24;953
07302;Saint-Vincent-de-Barrès;770;40;810
07303;Saint-Vincent-de-Durfort;210;5;215
07235;Sainte-Eulalie;233;6;239
07266;Sainte-Marguerite-Lafigère;80;1;81
07304;Salavas;534;12;546
07305;Les Salelles;297;8;305
07306;Sampzon;213;3;216
07307;Sanilhac;378;12;390
07308;Sarras;2066;27;2093
07309;Satillieu;1606;33;1639
07310;Savas;806;36;842
07311;Sceautres;137;2;139
07312;Sécheras;477;13;490
07313;Serrières;1159;17;1176
07314;Silhac;342;13;355
07315;La Souche;332;9;341
07316;Soyons;1976;55;2031
07317;Talencieux;906;24;930
07318;Tauriers;177;9;186
07319;Le Teil;7941;259;8200
07321;Thorrenc;236;8;244
07322;Thueyts;1141;19;1160
07323;Toulaud;1675;29;1704
07324;Tournon-sur-Rhône;10571;618;11189
07325;Ucel;1891;78;1969
07326;Usclades-et-Rieutord;121;4;125
07327;Uzer;393;5;398
07328;Vagnas;520;18;538
07329;Valgorge;439;5;444
07330;Vallon-Pont-d'Arc;2424;88;2512
07331;Vals-les-Bains;3741;109;3850
07332;Valvignères;416;14;430
07333;Vanosc;861;19;880
07334;Les Vans;2820;59;2879
07335;Vaudevant;211;7;218
07336;Vernon;215;2;217
07337;Vernosc-lès-Annonay;2153;42;2195
07338;Vernoux-en-Vivarais;1900;129;2029
07339;Vesseaux;1543;54;1597
07340;Veyras;1549;103;1652
07341;Villeneuve-de-Berg;2858;90;2948
07342;Villevocance;1159;22;1181
07343;Vinezac;1144;41;1185
07344;Vinzieux;356;4;360
07345;Vion;866;24;890
07346;Viviers;3869;84;3953
07347;Vocance;617;10;627
07348;Vogüé;886;20;906
07349;La Voulte-sur-Rhône;4993;84;5077
08001;Acy-Romance;456;6;462
08003;Aiglemont;1575;47;1622
08004;Aire;231;3;234
08005;Alincourt;114;2;116
08006;Alland'Huy-et-Sausseuil;237;3;240
08007;Les Alleux;79;0;79
08008;Amagne;689;36;725
08009;Amblimont;144;3;147
08010;Ambly-Fleury;139;13;152
08011;Anchamps;226;5;231
08013;Angecourt;335;7;342
08014;Annelles;130;10;140
08015;Antheny;105;3;108
08016;Aouste;203;15;218
08017;Apremont;129;3;132
08018;Ardeuil-et-Montfauxelles;89;2;91
08021;Arnicourt;154;3;157
08022;Arreux;363;9;372
08023;Artaise-le-Vivier;62;0;62
08024;Asfeld;999;20;1019
08025;Attigny;1178;31;1209
08026;Aubigny-les-Pothées;341;4;345
08027;Auboncourt-Vauzelles;105;1;106
08028;Aubrives;912;24;936
08029;Auflance;90;1;91
08030;Auge;60;4;64
08031;Aure;62;0;62
08032;Aussonce;165;1;166
08033;Authe;93;5;98
08034;Autrecourt-et-Pourron;348;6;354
08035;Autruche;52;2;54
08036;Autry;147;3;150
08037;Auvillers-les-Forges;894;10;904
08038;Avançon;318;9;327
08039;Avaux;462;16;478
08040;Les Ayvelles;889;23;912
08041;Baâlons;199;10;209
08042;Balaives-et-Butz;231;3;234
08043;Balan;1653;51;1704
08044;Balham;136;1;137
08045;Ballay;242;3;245
08046;Banogne-Recouvrance;154;8;162
08049;Bar-lès-Buzancy;110;3;113
08047;Barbaise;105;1;106
08048;Barby;369;16;385
08052;Bayonville;116;5;121
08053;Bazeilles;1976;212;2188
08055;Beaumont-en-Argonne;449;8;457
08056;Beffu-et-le-Morthomme;72;0;72
08057;Belleville-et-Châtillon-sur-Bar;307;55;362
08058;Belval;222;6;228
08059;Belval-Bois-des-Dames;41;2;43
08060;Bergnicourt;170;4;174
08061;La Berlière;45;0;45
08062;Bertoncourt;140;6;146
08063;La Besace;128;6;134
08064;Biermes;253;12;265
08065;Bièvres;65;1;66
08066;Bignicourt;61;2;63
08067;Blagny;1230;29;1259
08069;Blanchefosse-et-Bay;154;1;155
08070;Blanzy-la-Salonnaise;318;2;320
08071;Blombay;124;3;127
08081;Bogny-sur-Meuse;5566;80;5646
08072;Bosseval-et-Briancourt;426;13;439
08073;Bossus-lès-Rumigny;89;2;91
08074;Bouconville;49;1;50
08075;Boult-aux-Bois;141;6;147
08076;Boulzicourt;954;35;989
08077;Bourcq;58;6;64
08078;Bourg-Fidèle;823;16;839
08079;Boutancourt;280;12;292
08080;Bouvellemont;96;4;100
08082;Brécy-Brières;92;1;93
08083;Brévilly;393;3;396
08084;Brienne-sur-Aisne;175;2;177
08085;Brieulles-sur-Bar;219;4;223
08086;Briquenay;127;2;129
08087;Brognon;136;8;144
08088;Bulson;134;1;135
08089;Buzancy;369;10;379
08090;Carignan;3178;62;3240
08092;Cauroy;196;2;198
08094;Cernion;53;0;53
08095;Chagny;168;3;171
08096;Chalandry-Elaire;577;22;599
08097;Challerange;435;11;446
08099;Champigneul-sur-Vence;129;1;130
08098;Champigneulle;76;4;80
08100;Champlin;73;5;78
08101;La Chapelle;164;6;170
08102;Chappes;92;0;92
08103;Charbogne;212;4;216
08104;Chardeny;39;0;39
08105;Charleville-Mézières;51070;1903;52973
08106;Charnois;80;1;81
08107;Château-Porcien;1400;20;1420
08109;Chatel-Chéhéry;161;2;163
08111;Le Châtelet-sur-Retourne;533;10;543
08110;Le Châtelet-sur-Sormonne;165;0;165
08113;Chaumont-Porcien;455;6;461
08114;Chéhéry;139;6;145
08115;Chémery-sur-Bar;451;10;461
08116;Le Chesne;976;59;1035
08117;Chesnois-Auboncourt;158;1;159
08119;Cheveuges;416;17;433
08120;Chevières;51;1;52
08121;Chilly;149;2;151
08122;Chooz;764;23;787
08123;Chuffilly-Roche;88;0;88
08124;Clavy-Warby;350;7;357
08125;Cliron;292;10;302
08128;Condé-lès-Autry;74;2;76
08126;Condé-lès-Herpy;188;1;189
08130;Contreuve;70;5;75
08131;Cornay;78;3;81
08132;Corny-Machéroménil;138;2;140
08133;Coucy;511;5;516
08134;Coulommes-et-Marqueny;93;2;95
08135;La Croix-aux-Bois;118;2;120
08136;Daigny;355;7;362
08137;Damouzy;419;41;460
08138;Les Deux-Villes;257;1;258
08139;Deville;1164;14;1178
08140;Dom-le-Mesnil;1154;22;1176
08141;Dommery;187;6;193
08142;Donchery;2408;37;2445
08143;Doumely-Bégny;95;1;96
08144;Doux;68;0;68
08145;Douzy;1769;38;1807
08146;Draize;102;4;106
08147;Dricourt;85;11;96
08148;L' Écaille;173;0;173
08149;L' Échelle;136;3;139
08150;Écly;180;10;190
08151;Écordal;302;9;311
08152;Élan;79;6;85
08153;Escombres-et-le-Chesnois;327;2;329
08154;Estrebay;84;2;86
08155;Étalle;89;0;89
08156;Éteignières;457;12;469
08158;Étrépigny;262;6;268
08159;Euilly-et-Lombut;109;2;111
08160;Évigny;188;10;198
08161;Exermont;33;3;36
08162;Fagnon;358;11;369
08163;Faissault;200;9;209
08164;Falaise;344;8;352
08165;Faux;55;1;56
08166;Fépin;271;4;275
08167;La Férée;81;0;81
08168;La Ferté-sur-Chiers;189;3;192
08169;Flaignes-Havys;121;4;125
08170;Fleigneux;229;5;234
08171;Fléville;96;7;103
08172;Fligny;184;4;188
08173;Flize;1167;31;1198
08174;Floing;2476;65;2541
08175;Foisches;233;8;241
08176;Fossé;55;5;60
08178;Fraillicourt;219;7;226
08179;Francheval;629;13;642
08180;La Francheville;1592;50;1642
08182;Le Fréty;71;1;72
08183;Fromelennes;1065;31;1096
08184;Fromy;82;3;85
08185;Fumay;3986;90;4076
08186;Germont;40;0;40
08187;Gernelle;342;11;353
08188;Gespunsart;1153;18;1171
08189;Girondelle;146;5;151
08190;Givet;6777;217;6994
08191;Givonne;1125;26;1151
08192;Givron;74;5;79
08193;Givry;235;9;244
08194;Glaire;909;37;946
08195;Gomont;314;4;318
08196;Grandchamp;104;5;109
08019;Les Grandes-Armoises;46;2;48
08197;Grandham;54;1;55
08198;Grandpré;471;22;493
08199;La Grandville;783;15;798
08200;Grivy-Loisy;178;2;180
08201;Gruyères;62;1;63
08202;Gué-d'Hossus;504;7;511
08203;Guignicourt-sur-Vence;300;9;309
08204;Guincourt;97;6;103
08205;Hagnicourt;59;2;61
08206;Ham-les-Moines;353;7;360
08207;Ham-sur-Meuse;250;7;257
08208;Hannappes;158;0;158
08209;Hannogne-Saint-Martin;476;13;489
08210;Hannogne-Saint-Rémy;116;3;119
08211;Haraucourt;772;20;792
08212;Harcy;500;4;504
08214;Hargnies;498;16;514
08215;Harricourt;52;1;53
08216;Haudrecy;295;7;302
08217;Haulmé;68;0;68
08218;Les Hautes-Rivières;1767;38;1805
08219;Hauteville;114;2;116
08220;Hauviné;271;9;280
08222;Haybes;2062;55;2117
08223;Herbeuval;81;3;84
08225;Herpy-l'Arlésienne;185;5;190
08226;Hierges;207;6;213
08228;La Horgne;182;5;187
08229;Houdilcourt;150;2;152
08230;Houldizy;346;14;360
08232;Illy;407;11;418
08233;Imécourt;62;1;63
08234;Inaumont;66;1;67
08235;Issancourt-et-Rumel;404;15;419
08236;Jandun;265;6;271
08237;Joigny-sur-Meuse;707;13;720
08238;Jonval;81;7;88
08239;Juniville;1100;44;1144
08240;Justine-Herbigny;166;2;168
08242;Laifour;514;5;519
08243;Lalobbe;193;11;204
08244;Lametz;79;1;80
08246;Landres-et-Saint-Georges;101;5;106
08247;Landrichamps;142;1;143
08245;Lançon;41;5;46
08248;Launois-sur-Vence;577;49;626
08249;Laval-Morency;243;4;247
08250;Leffincourt;169;5;174
08251;Lépron-les-Vallées;84;0;84
08252;Létanne;119;4;123
08254;Liart;537;18;555
08255;Linay;240;2;242
08256;Liry;106;3;109
08257;Logny-Bogny;178;0;178
08259;Longwé;89;0;89
08260;Lonny;441;13;454
08261;Louvergny;77;4;81
08262;Lucquy;528;26;554
08263;Lumes;1133;42;1175
08264;Machault;495;13;508
08267;Mairy;206;2;208
08268;Maisoncelle-et-Villers;73;2;75
08269;Malandry;64;1;65
08271;Manre;127;2;129
08272;Maranwez;56;2;58
08273;Marby;64;3;67
08274;Marcq;112;3;115
08275;Margny;177;6;183
08276;Margut;790;20;810
08277;Marlemont;141;0;141
08278;Marquigny;66;2;68
08279;Mars-sous-Bourcq;46;1;47
08280;Marvaux-Vieux;67;0;67
08281;Matton-et-Clémency;463;5;468
08282;Maubert-Fontaine;1075;57;1132
08283;Mazerny;119;1;120
08284;Les Mazures;928;23;951
08286;Ménil-Annelles;96;5;101
08287;Ménil-Lépinois;96;2;98
08288;Mesmont;89;8;97
08289;Messincourt;588;13;601
08291;Mogues;144;3;147
08293;Moiry;185;6;191
08294;La Moncelle;131;6;137
08295;Mondigny;183;8;191
08300;Le Mont-Dieu;27;1;28
08306;Mont-Laurent;71;2;73
08308;Mont-Saint-Martin;83;5;88
08309;Mont-Saint-Remy;52;0;52
08296;Montcheutin;140;2;142
08297;Montcornet;249;8;257
08298;Montcy-Notre-Dame;1536;62;1598
08301;Montgon;75;3;78
08302;Monthermé;2533;70;2603
08303;Monthois;382;13;395
08304;Montigny-sur-Meuse;83;3;86
08305;Montigny-sur-Vence;220;4;224
08307;Montmeillant;99;8;107
08310;Mouron;79;4;83
08311;Mouzon;2453;82;2535
08312;Murtin-et-Bogny;178;6;184
08313;Nanteuil-sur-Aisne;124;5;129
08314;Neuflize;711;13;724
08315;Neufmaison;60;2;62
08316;Neufmanil;1200;28;1228
08317;La Neuville-à-Maire;101;3;104
08318;La Neuville-aux-Joûtes;358;12;370
08321;Neuville-Day;159;2;161
08320;La Neuville-en-Tourne-à-Fuy;436;9;445
08322;Neuville-lès-This;396;13;409
08323;La Neuville-lès-Wasigny;156;4;160
08319;Neuville-lez-Beaulieu;318;4;322
08324;Neuvizy;109;3;112
08325;Noirval;34;0;34
08326;Nouart;143;1;144
08327;Nouvion-sur-Meuse;2195;63;2258
08328;Nouzonville;6390;135;6525
08329;Novion-Porcien;494;20;514
08330;Novy-Chevrières;645;22;667
08331;Noyers-Pont-Maugis;718;17;735
08332;Oches;31;1;32
08333;Olizy-Primat;223;1;224
08334;Omicourt;49;0;49
08335;Omont;92;4;96
08336;Osnes;228;2;230
08338;Pauvres;176;4;180
08339;Perthes;287;17;304
08020;Les Petites-Armoises;63;1;64
08340;Poilcourt-Sydney;163;2;165
08341;Poix-Terron;830;18;848
08342;Pouru-aux-Bois;286;5;291
08343;Pouru-Saint-Remy;1224;29;1253
08344;Prez;139;5;144
08346;Prix-lès-Mézières;1309;60;1369
08347;Puilly-et-Charbeaux;255;4;259
08348;Puiseux;101;3;104
08349;Pure;625;6;631
08350;Quatre-Champs;196;8;204
08351;Quilly;82;0;82
08352;Raillicourt;213;6;219
08353;Rancennes;722;27;749
08354;Raucourt-et-Flaba;873;13;886
08355;Regniowez;387;16;403
08356;Remaucourt;156;2;158
08357;Remilly-Aillicourt;816;35;851
08358;Remilly-les-Pothées;262;3;265
08360;Renneville;209;5;214
08361;Renwez;1672;32;1704
08362;Rethel;7793;448;8241
08363;Revin;7687;198;7885
08364;Rilly-sur-Aisne;108;0;108
08365;Rimogne;1423;28;1451
08366;Rocquigny;760;19;779
08367;Rocroi;2376;46;2422
08368;Roizy;242;7;249
08369;La Romagne;122;4;126
08370;Rouvroy-sur-Audry;561;10;571
08371;Rubécourt-et-Lamécourt;164;4;168
08372;Rubigny;74;0;74
08373;Rumigny;377;4;381
08374;La Sabotterie;90;1;91
08375;Sachy;161;6;167
08376;Sailly;207;6;213
08377;Saint-Aignan;139;4;143
08378;Saint-Clément-à-Arnes;106;3;109
08379;Saint-Étienne-à-Arnes;203;5;208
08380;Saint-Fergeux;197;7;204
08381;Saint-Germainmont;798;10;808
08382;Saint-Jean-aux-Bois;141;2;143
08383;Saint-Juvin;111;6;117
08384;Saint-Lambert-et-Mont-de-Jeux;187;1;188
08385;Saint-Laurent;1193;159;1352
08386;Saint-Loup-en-Champagne;244;8;252
08387;Saint-Loup-Terrier;161;7;168
08388;Saint-Marceau;380;18;398
08389;Saint-Marcel;330;9;339
08391;Saint-Menges;1037;17;1054
08392;Saint-Morel;239;6;245
08393;Saint-Pierre-à-Arnes;67;4;71
08395;Saint-Pierre-sur-Vence;163;7;170
08394;Saint-Pierremont;97;8;105
08396;Saint-Quentin-le-Petit;151;9;160
08397;Saint-Remy-le-Petit;33;2;35
08390;Sainte-Marie;74;0;74
08398;Sainte-Vaubourg;95;1;96
08400;Sapogne-et-Feuchères;505;13;518
08399;Sapogne-sur-Marche;142;2;144
08401;Saulces-Champenoises;185;3;188
08402;Saulces-Monclin;629;15;644
08403;Sault-lès-Rethel;1877;29;1906
08404;Sault-Saint-Remy;159;0;159
08405;Sauville;244;0;244
08406;Savigny-sur-Aisne;370;20;390
08407;Séchault;77;3;80
08408;Sécheval;489;11;500
08409;Sedan;19691;543;20234
08410;Semide;213;17;230
08411;Semuy;95;1;96
08412;Senuc;155;1;156
08413;Seraincourt;241;15;256
08415;Sery;339;3;342
08416;Seuil;164;5;169
08417;Sévigny-la-Forêt;233;7;240
08418;Sévigny-Waleppe;258;3;261
08419;Signy-l'Abbaye;1363;37;1400
08420;Signy-le-Petit;1292;31;1323
08421;Signy-Montlibert;79;4;83
08422;Singly;126;6;132
08424;Sommauthe;116;5;121
08425;Sommerance;47;1;48
08426;Son;96;4;100
08427;Sorbon;208;9;217
08428;Sorcy-Bauthémont;140;4;144
08429;Sormonne;565;16;581
08430;Stonne;44;1;45
08431;Sugny;87;0;87
08432;Sury;100;2;102
08433;Suzanne;58;1;59
08434;Sy;41;3;44
08435;Tagnon;932;20;952
08436;Taillette;364;14;378
08437;Tailly;183;4;187
08438;Taizy;108;3;111
08439;Tannay;147;6;153
08440;Tarzy;143;2;145
08441;Termes;136;1;137
08443;Terron-sur-Aisne;116;2;118
08444;Tétaigne;82;1;83
08445;Thelonne;346;4;350
08446;Thénorgues;96;4;100
08448;Thilay;1064;20;1084
08449;Thin-le-Moutier;579;13;592
08450;This;196;2;198
08451;Le Thour;321;3;324
08452;Thugny-Trugny;215;0;215
08453;Toges;91;2;93
08454;Touligny;68;1;69
08455;Tourcelles-Chaumont;94;1;95
08456;Tournavaux;163;2;165
08457;Tournes;1080;45;1125
08458;Tourteron;173;7;180
08459;Tremblois-lès-Carignan;111;0;111
08460;Tremblois-lès-Rocroi;158;1;159
08461;Vandy;177;7;184
08462;Vaux-Champagne;116;5;121
08463;Vaux-en-Dieulet;70;0;70
08464;Vaux-lès-Mouron;80;0;80
08466;Vaux-lès-Mouzon;85;5;90
08465;Vaux-lès-Rubigny;49;1;50
08467;Vaux-Montreuil;104;4;108
08468;Vaux-Villaine;182;3;185
08469;Vendresse;474;8;482
08470;Verpel;93;0;93
08471;Verrières;35;1;36
08472;Viel-Saint-Remy;245;4;249
08473;Vieux-lès-Asfeld;260;8;268
08483;Ville-sur-Lumes;457;14;471
08484;Ville-sur-Retourne;74;7;81
08475;Villers-Cernay;319;0;319
08476;Villers-devant-le-Thour;329;3;332
08477;Villers-devant-Mouzon;113;1;114
08478;Villers-le-Tilleul;251;3;254
08479;Villers-le-Tourneur;184;3;187
08480;Villers-Semeuse;3179;112;3291
08481;Villers-sur-Bar;252;6;258
08482;Villers-sur-le-Mont;101;3;104
08485;Villy;184;5;189
08486;Vireux-Molhain;1692;38;1730
08487;Vireux-Wallerand;1916;75;1991
08488;Vivier-au-Court;3384;143;3527
08489;Voncq;222;7;229
08490;Vouziers;4226;216;4442
08491;Vrigne-aux-Bois;3499;65;3564
08492;Vrigne-Meuse;218;5;223
08493;Vrizy;363;13;376
08494;Wadelincourt;540;14;554
08496;Wagnon;106;3;109
08497;Warcq;1328;48;1376
08498;Warnécourt;362;12;374
08499;Wasigny;349;4;353
08500;Wignicourt;66;1;67
08501;Williers;44;1;45
08502;Yoncq;94;0;94
08503;Yvernaumont;143;5;148
09001;Aigues-Juntes;39;1;40
09002;Aigues-Vives;523;18;541
09003;L' Aiguillon;391;15;406
09004;Albiès;139;0;139
09005;Aleu;143;0;143
09006;Alliat;66;0;66
09007;Allières;65;3;68
09008;Alos;119;2;121
09009;Alzen;209;9;218
09011;Antras;73;1;74
09012;Appy;23;0;23
09013;Arabaux;63;2;65
09014;Argein;162;3;165
09015;Arignac;694;5;699
09016;Arnave;206;4;210
09017;Arrien-en-Bethmale;102;1;103
09018;Arrout;65;2;67
09019;Artigat;522;12;534
09020;Artigues;69;0;69
09021;Artix;100;1;101
09022;Arvigna;187;4;191
09023;Ascou;127;2;129
09024;Aston;236;10;246
09025;Aucazein;62;0;62
09026;Audressein;119;3;122
09027;Augirein;62;3;65
09028;Aulos;56;2;58
09029;Aulus-les-Bains;205;0;205
09030;Auzat;605;10;615
09032;Ax-les-Thermes;1467;75;1542
09031;Axiat;27;1;28
09033;Bagert;58;2;60
09034;Balacet;19;0;19
09035;Balaguères;195;7;202
09037;Barjac;39;3;42
09038;La Bastide-de-Besplas;365;7;372
09039;La Bastide-de-Bousignac;333;8;341
09040;La Bastide-de-Lordat;255;5;260
09042;La Bastide-de-Sérou;961;29;990
09041;La Bastide-du-Salat;193;4;197
09043;La Bastide-sur-l'Hers;720;15;735
09044;Baulou;162;1;163
09045;Bédeilhac-et-Aynat;175;1;176
09046;Bédeille;80;1;81
09047;Bélesta;1105;29;1134
09048;Belloc;65;4;69
09049;Bénac;187;2;189
09050;Benagues;463;9;472
09051;Bénaix;153;6;159
09052;Besset;142;1;143
09053;Bestiac;16;0;16
09054;Betchat;356;9;365
09055;Bethmale;95;1;96
09056;Bézac;270;7;277
09057;Biert;293;11;304
09058;Bompas;202;8;210
09059;Bonac-Irazein;138;4;142
09060;Bonnac;708;27;735
09061;Les Bordes-sur-Arize;545;13;558
09062;Les Bordes-sur-Lez;162;1;163
09063;Le Bosc;104;24;128
09064;Bouan;34;1;35
09065;Boussenac;188;13;201
09066;Brassac;612;56;668
09067;Brie;167;2;169
09068;Burret;36;0;36
09069;Buzan;25;2;27
09070;Les Cabannes;341;3;344
09071;Cadarcet;227;8;235
09072;Calzan;27;0;27
09073;Camarade;145;2;147
09074;Camon;162;3;165
09075;Campagne-sur-Arize;266;4;270
09076;Canté;201;2;203
09077;Capoulet-et-Junac;175;7;182
09078;Carcanières;53;0;53
09079;Carla-Bayle;736;19;755
09080;Carla-de-Roquefort;158;1;159
09081;Le Carlaret;201;3;204
09082;Castelnau-Durban;415;14;429
09083;Castéras;31;1;32
09084;Castex;93;3;96
09085;Castillon-en-Couserans;398;6;404
09086;Caumont;313;6;319
09087;Caussou;68;2;70
09088;Caychax;11;0;11
09089;Cazals-des-Baylès;39;1;40
09090;Cazaux;45;1;46
09091;Cazavet;190;3;193
09092;Cazenave-Serres-et-Allens;52;3;55
09093;Celles;115;2;117
09094;Cérizols;153;5;158
09095;Cescau;134;7;141
09096;Château-Verdun;52;1;53
09097;Clermont;86;2;88
09098;Contrazy;66;0;66
09099;Cos;358;16;374
09100;Couflens;81;2;83
09101;Coussa;216;3;219
09102;Coutens;151;7;158
09103;Crampagna;608;13;621
09104;Dalou;795;28;823
09105;Daumazan-sur-Arize;706;17;723
09106;Dreuilhe;380;5;385
09107;Dun;566;17;583
09108;Durban-sur-Arize;152;5;157
09109;Durfort;178;0;178
09110;Encourtiech;101;2;103
09111;Engomer;275;4;279
09113;Ercé;539;3;542
09114;Erp;120;1;121
09115;Esclagne;109;5;114
09116;Escosse;393;7;400
09117;Esplas;89;5;94
09118;Esplas-de-Sérou;157;6;163
09119;Eycheil;518;12;530
09120;Fabas;318;2;320
09121;Ferrières-sur-Ariège;796;97;893
09122;Foix;9658;461;10119
09123;Fornex;107;2;109
09124;Le Fossat;990;19;1009
09125;Fougax-et-Barrineuf;506;4;510
09126;Freychenet;99;0;99
09127;Gabre;92;3;95
09128;Gajan;296;18;314
09129;Galey;111;0;111
09130;Ganac;670;21;691
09131;Garanou;162;6;168
09132;Gaudiès;225;6;231
09133;Génat;32;2;34
09134;Gestiès;9;0;9
09135;Goulier;51;1;52
09136;Gourbit;91;1;92
09137;Gudas;134;3;137
09138;L' Herm;176;39;215
09139;L' Hospitalet-près-l'Andorre;98;2;100
09140;Ignaux;71;1;72
09142;Ilhat;123;3;126
09141;Illartein;73;0;73
09143;Illier-et-Laramade;21;0;21
09145;Les Issards;238;3;241
09146;Justiniac;51;3;54
09147;Labatut;114;5;119
09148;Lacave;118;5;123
09149;Lacourt;203;7;210
09150;Lagarde;181;4;185
09151;Lanoux;48;5;53
09152;Lapège;29;2;31
09153;Lapenne;115;1;116
09154;Larbont;40;2;42
09155;Larcat;39;2;41
09156;Larnat;18;1;19
09157;Laroque-d'Olmes;2705;62;2767
09158;Lasserre;185;2;187
09159;Lassur;70;1;71
09160;Lavelanet;6727;292;7019
09161;Léran;520;38;558
09162;Lercoul;30;0;30
09163;Lescousse;91;0;91
09164;Lescure;496;10;506
09165;Lesparrou;246;8;254
09166;Leychert;105;2;107
09167;Lézat-sur-Lèze;2253;33;2286
09168;Lieurac;150;5;155
09169;Limbrassac;115;4;119
09170;Lissac;202;2;204
09171;Lordat;36;0;36
09289;Lorp-Sentaraille;1239;51;1290
09172;Loubaut;31;0;31
09173;Loubens;248;9;257
09174;Loubières;209;5;214
09175;Ludiès;67;7;74
09176;Luzenac;635;10;645
09177;Madière;198;8;206
09178;Malegoude;62;2;64
09179;Malléon;47;1;48
09180;Manses;122;7;129
09181;Le Mas-d'Azil;1226;17;1243
09182;Massat;722;22;744
09183;Mauvezin-de-Prat;77;3;80
09184;Mauvezin-de-Sainte-Croix;43;1;44
09185;Mazères;3287;85;3372
09186;Méras;76;1;77
09187;Mercenac;319;8;327
09188;Mercus-Garrabet;1135;18;1153
09189;Mérens-les-Vals;187;3;190
09190;Mérigon;122;3;125
09192;Miglos;107;2;109
09193;Mijanès;91;1;92
09194;Mirepoix;3107;152;3259
09195;Monesple;26;0;26
09196;Montagagne;43;1;44
09197;Montaillou;17;1;18
09198;Montardit;181;5;186
09199;Montaut;669;16;685
09200;Montbel;106;4;110
09201;Montégut-en-Couserans;70;8;78
09202;Montégut-Plantaurel;316;4;320
09203;Montels;151;7;158
09204;Montesquieu-Avantès;233;0;233
09205;Montfa;77;0;77
09206;Montferrier;651;16;667
09207;Montgaillard;1338;33;1371
09208;Montgauch;117;3;120
09209;Montjoie-en-Couserans;1047;22;1069
09210;Montoulieu;363;5;368
09211;Montségur;108;5;113
09212;Montseron;80;0;80
09213;Moulin-Neuf;191;2;193
09214;Moulis;794;17;811
09215;Nalzen;131;1;132
09216;Nescus;69;3;72
09217;Niaux;194;5;199
09218;Orgeix;96;3;99
09219;Orgibet;170;4;174
09220;Orlu;197;4;201
09221;Ornolac-Ussat-les-Bains;217;1;218
09222;Orus;20;0;20
09223;Oust;531;15;546
09224;Pailhès;380;13;393
09225;Pamiers;15574;912;16486
09226;Pech;28;1;29
09227;Péreille;182;6;188
09228;Perles-et-Castelet;182;2;184
09229;Le Peyrat;479;8;487
09230;Le Pla;78;6;84
09231;Le Port;201;4;205
09232;Prades;50;2;52
09233;Pradettes;36;2;38
09234;Pradières;105;5;110
09235;Prat-Bonrepaux;861;22;883
09236;Prayols;353;19;372
09237;Le Puch;26;0;26
09238;Les Pujols;651;9;660
09239;Quérigut;136;3;139
09240;Quié;340;7;347
09241;Rabat-les-Trois-Seigneurs;293;11;304
09242;Raissac;43;2;45
09243;Régat;78;6;84
09244;Rieucros;564;22;586
09245;Rieux-de-Pelleport;1132;28;1160
09246;Rimont;531;14;545
09247;Rivèrenert;179;3;182
09249;Roquefixade;144;3;147
09250;Roquefort-les-Cascades;101;2;103
09251;Roumengoux;145;4;149
09252;Rouze;92;4;96
09253;Sabarat;344;5;349
09254;Saint-Amadou;229;5;234
09255;Saint-Amans;50;0;50
09256;Saint-Bauzeil;52;2;54
09258;Saint-Félix-de-Rieutord;398;11;409
09259;Saint-Félix-de-Tournegat;134;4;138
09261;Saint-Girons;6552;496;7048
09262;Saint-Jean-d'Aigues-Vives;408;8;416
09264;Saint-Jean-de-Verges;1077;32;1109
09263;Saint-Jean-du-Castillonnais;25;0;25
09265;Saint-Jean-du-Falga;2591;58;2649
09266;Saint-Julien-de-Gras-Capou;70;0;70
09267;Saint-Lary;153;3;156
09268;Saint-Lizier;1457;50;1507
09270;Saint-Martin-d'Oydes;248;3;251
09269;Saint-Martin-de-Caralp;342;11;353
09271;Saint-Michel;84;1;85
09272;Saint-Paul-de-Jarrat;1238;29;1267
09273;Saint-Pierre-de-Rivière;654;37;691
09274;Saint-Quentin-la-Tour;316;14;330
09275;Saint-Quirc;346;5;351
09276;Saint-Victor-Rouzaud;217;3;220
09277;Saint-Ybars;639;14;653
09257;Sainte-Croix-Volvestre;661;14;675
09260;Sainte-Foi;28;1;29
09342;Sainte-Suzanne;236;8;244
09279;Salsein;46;0;46
09280;Saurat;592;15;607
09281;Sautel;118;3;121
09282;Saverdun;4376;147;4523
09283;Savignac-les-Ormeaux;380;2;382
09284;Ségura;161;3;164
09285;Seix;806;28;834
09286;Sem;31;1;32
09287;Senconac;5;0;5
09290;Sentein;144;3;147
09291;Sentenac-d'Oust;87;8;95
09292;Sentenac-de-Sérou;35;2;37
09293;Serres-sur-Arget;778;25;803
09294;Sieuras;79;4;83
09295;Siguer;87;1;88
09296;Sinsat;112;0;112
09297;Sor;31;1;32
09298;Sorgeat;96;5;101
09299;Soueix-Rogalle;360;11;371
09300;Soula;201;0;201
09301;Soulan;340;14;354
09302;Suc-et-Sentenac;60;1;61
09303;Surba;350;6;356
09304;Suzan;22;0;22
09305;Tabre;355;12;367
09306;Tarascon-sur-Ariège;3493;60;3553
09307;Taurignan-Castet;155;2;157
09308;Taurignan-Vieux;214;6;220
09309;Teilhet;182;1;183
09310;Thouars-sur-Arize;47;3;50
09311;Tignac;27;0;27
09312;La Tour-du-Crieu;2333;81;2414
09313;Tourtouse;163;8;171
09314;Tourtrol;242;7;249
09315;Trémoulet;83;1;84
09316;Troye-d'Ariège;81;6;87
09317;Uchentein;40;1;41
09318;Unac;123;2;125
09319;Unzent;123;1;124
09320;Urs;40;1;41
09321;Ussat;324;4;328
09322;Ustou;351;6;357
09323;Vals;81;1;82
09324;Varilhes;2848;87;2935
09325;Vaychis;30;0;30
09326;Vèbre;139;3;142
09327;Ventenac;228;9;237
09328;Verdun;235;7;242
09329;Vernajoul;697;32;729
09330;Vernaux;32;0;32
09331;Le Vernet;631;24;655
09332;Verniolle;2215;72;2287
09334;Vicdessos;474;47;521
09335;Villeneuve;36;0;36
09336;Villeneuve-d'Olmes;1162;19;1181
09338;Villeneuve-du-Latou;107;2;109
09339;Villeneuve-du-Paréage;627;14;641
09340;Vira;150;3;153
09341;Viviès;104;3;107
10002;Ailleville;271;6;277
10003;Aix-en-Othe;2379;37;2416
10004;Allibaudières;255;32;287
10005;Amance;253;6;259
10006;Arcis-sur-Aube;3024;109;3133
10007;Arconville;118;3;121
10008;Argançon;105;5;110
10009;Arrelles;82;2;84
10010;Arrembécourt;44;1;45
10011;Arrentières;208;7;215
10012;Arsonval;334;8;342
10013;Assenay;141;2;143
10014;Assencières;170;0;170
10015;Aubeterre;218;9;227
10017;Aulnay;112;4;116
10018;Auxon;971;19;990
10020;Avant-lès-Marcilly;476;5;481
10021;Avant-lès-Ramerupt;149;2;151
10022;Avirey-Lingey;222;3;225
10023;Avon-la-Pèze;166;5;171
10024;Avreuil;170;3;173
10025;Bagneux-la-Fosse;180;8;188
10026;Bailly-le-Franc;31;0;31
10027;Balignicourt;83;2;85
10028;Balnot-la-Grange;154;7;161
10029;Balnot-sur-Laignes;159;2;161
10033;Bar-sur-Aube;5461;228;5689
10034;Bar-sur-Seine;3415;238;3653
10030;Barberey-Saint-Sulpice;1176;17;1193
10031;Barbuise;402;8;410
10032;Baroville;347;13;360
10035;Bayel;860;14;874
10037;Bercenay-en-Othe;366;16;382
10038;Bercenay-le-Hayer;142;9;151
10039;Bergères;119;7;126
10040;Bernon;201;2;203
10041;Bertignolles;69;1;70
10042;Bérulle;240;4;244
10043;Bessy;132;0;132
10044;Bétignicourt;32;0;32
10045;Beurey;185;7;192
10046;Blaincourt-sur-Aube;95;2;97
10047;Blignicourt;50;4;54
10048;Bligny;207;4;211
10049;Les Bordes-Aumont;377;12;389
10050;Bossancourt;210;11;221
10051;Bouilly;1045;49;1094
10052;Boulages;230;9;239
10053;Bouranton;498;11;509
10054;Bourdenay;104;2;106
10055;Bourguignons;280;4;284
10056;Bouy-Luxembourg;187;2;189
10057;Bouy-sur-Orvin;66;1;67
10058;Bragelogne-Beauvoir;280;6;286
10059;Braux;109;11;120
10060;Bréviandes;2165;47;2212
10061;Brévonnes;676;15;691
10062;Briel-sur-Barse;183;3;186
10063;Brienne-la-Vieille;450;14;464
10064;Brienne-le-Château;3175;84;3259
10065;Brillecourt;87;1;88
10066;Bucey-en-Othe;416;4;420
10067;Buchères;1403;27;1430
10068;Buxeuil;142;4;146
10069;Buxières-sur-Arce;155;4;159
10070;Celles-sur-Ource;445;15;460
10071;Chacenay;62;4;66
10072;La Chaise;35;1;36
10073;Chalette-sur-Voire;140;7;147
10074;Chamoy;469;1;470
10078;Champ-sur-Barse;34;0;34
10075;Champfleury;158;3;161
10076;Champignol-lez-Mondeville;339;5;344
10077;Champigny-sur-Aube;80;3;83
10079;Channes;128;5;133
10080;Chaource;1105;29;1134
10081;La Chapelle-Saint-Luc;13401;214;13615
10082;Chapelle-Vallon;192;3;195
10083;Chappes;306;6;312
10084;Charmont-sous-Barbuise;902;13;915
10085;Charmoy;59;0;59
10086;Charny-le-Bachot;172;4;176
10087;Chaserey;48;2;50
10089;Châtres;595;13;608
10090;Chauchigny;252;4;256
10091;Chaudrey;154;2;156
10092;Chauffour-lès-Bailly;111;0;111
10093;Chaumesnil;82;1;83
10094;Chavanges;664;21;685
10095;Le Chêne;247;3;250
10096;Chennegy;465;12;477
10097;Chervey;193;2;195
10098;Chesley;340;13;353
10099;Chessy-les-Prés;523;12;535
10100;Clérey;1104;27;1131
10101;Coclois;184;3;187
10102;Colombé-la-Fosse;220;6;226
10103;Colombé-le-Sec;140;3;143
10104;Cormost;286;4;290
10105;Courcelles-sur-Voire;35;0;35
10106;Courceroy;103;6;109
10107;Coursan-en-Othe;99;6;105
10108;Courtaoult;78;4;82
10109;Courtenot;216;8;224
10110;Courteranges;578;2;580
10111;Courteron;120;3;123
10112;Coussegrey;169;8;177
10113;Couvignon;247;2;249
10114;Crancey;814;16;830
10115;Creney-près-Troyes;1546;35;1581
10116;Crésantignes;277;6;283
10117;Crespy-le-Neuf;150;8;158
10118;Les Croûtes;104;0;104
10119;Cunfin;210;8;218
10120;Cussangy;202;4;206
10121;Dampierre;299;7;306
10122;Davrey;249;6;255
10123;Dienville;805;15;820
10124;Dierrey-Saint-Julien;246;2;248
10125;Dierrey-Saint-Pierre;187;2;189
10126;Dolancourt;141;8;149
10127;Dommartin-le-Coq;64;1;65
10128;Donnement;91;6;97
10129;Dosches;283;7;290
10130;Dosnon;95;3;98
10131;Droupt-Saint-Basle;308;7;315
10132;Droupt-Sainte-Marie;236;5;241
10133;Eaux-Puiseaux;233;1;234
10134;Échemines;82;0;82
10135;Éclance;123;2;125
10136;Éguilly-sous-Bois;109;0;109
10137;Engente;45;1;46
10138;Épagne;111;4;115
10139;Épothémont;163;2;165
10140;Ervy-le-Châtel;1191;17;1208
10141;Essoyes;685;23;708
10142;Estissac;1790;28;1818
10143;Étourvy;220;5;225
10144;Étrelles-sur-Aube;129;5;134
10145;Faux-Villecerf;227;10;237
10146;Fay-lès-Marcilly;104;0;104
10147;Fays-la-Chapelle;151;5;156
10148;Ferreux-Quincey;341;4;345
10149;Feuges;200;5;205
10150;Fontaine;301;6;307
10151;Fontaine-les-Grès;891;13;904
10153;Fontaine-Mâcon;487;10;497
10154;Fontenay-de-Bossery;81;3;84
10155;Fontette;177;6;183
10156;Fontvannes;552;9;561
10157;La Fosse-Corduan;215;3;218
10158;Fouchères;476;21;497
10159;Fralignes;72;1;73
10160;Fravaux;51;1;52
10161;Fresnay;47;3;50
10162;Fresnoy-le-Château;242;3;245
10163;Fuligny;51;1;52
10164;Gélannes;726;20;746
10165;Géraudot;290;6;296
10166;Les Grandes-Chapelles;362;6;368
10167;Grandville;90;0;90
10168;Les Granges;78;1;79
10169;Gumery;225;8;233
10170;Gyé-sur-Seine;519;9;528
10171;Hampigny;255;9;264
10172;Herbisse;183;12;195
10174;Isle-Aubigny;146;5;151
10173;Isle-Aumont;516;9;525
10175;Jasseines;152;7;159
10176;Jaucourt;183;13;196
10177;Javernant;153;1;154
10178;Jessains;248;14;262
10179;Jeugny;449;4;453
10180;Joncreuil;98;1;99
10181;Jully-sur-Sarce;296;7;303
10182;Juvancourt;163;6;169
10183;Juvanzé;32;2;34
10184;Juzanvigny;125;0;125
10185;Lagesse;187;4;191
10186;Laines-aux-Bois;499;16;515
10187;Landreville;528;12;540
10188;Lantages;241;6;247
10189;Lassicourt;54;1;55
10190;Laubressel;406;8;414
10191;Lavau;771;18;789
10192;Lentilles;97;1;98
10193;Lesmont;355;8;363
10194;Lévigny;111;4;115
10195;Lhuître;263;7;270
10196;Lignières;227;9;236
10197;Lignol-le-Château;204;4;208
10198;Lirey;89;3;92
10199;Loches-sur-Ource;358;14;372
10200;La Loge-aux-Chèvres;78;2;80
10201;La Loge-Pomblin;68;1;69
10202;Les Loges-Margueron;221;50;271
10203;Longchamp-sur-Aujon;412;7;419
10204;Longeville-sur-Mogne;107;3;110
10205;Longpré-le-Sec;85;0;85
10206;Longsols;126;2;128
10207;Longueville-sur-Aube;135;3;138
10208;La Louptière-Thénard;250;11;261
10209;Lusigny-sur-Barse;1668;47;1715
10210;Luyères;441;8;449
10211;Macey;858;22;880
10212;Machy;102;4;106
10213;Magnant;177;12;189
10214;Magnicourt;67;2;69
10215;Magny-Fouchard;240;10;250
10216;Mailly-le-Camp;1624;30;1654
10217;Maison-des-Champs;41;0;41
10218;Maisons-lès-Chaource;177;2;179
10219;Maisons-lès-Soulaines;76;2;78
10220;Maizières-la-Grande-Paroisse;1404;39;1443
10221;Maizières-lès-Brienne;164;6;170
10222;Maraye-en-Othe;504;9;513
10223;Marcilly-le-Hayer;673;16;689
10224;Marigny-le-Châtel;1554;31;1585
10225;Marnay-sur-Seine;245;4;249
10226;Marolles-lès-Bailly;109;3;112
10227;Marolles-sous-Lignières;317;7;324
10228;Mathaux;229;4;233
10229;Maupas;94;1;95
10230;Mergey;661;16;677
10231;Le Mériot;558;12;570
10232;Merrey-sur-Arce;330;8;338
10233;Méry-sur-Seine;1380;65;1445
10234;Mesgrigny;231;4;235
10235;Mesnil-la-Comtesse;38;0;38
10236;Mesnil-Lettre;59;4;63
10237;Mesnil-Saint-Loup;539;37;576
10238;Mesnil-Saint-Père;385;9;394
10239;Mesnil-Sellières;534;10;544
10240;Messon;422;8;430
10241;Metz-Robert;56;1;57
10242;Meurville;180;3;183
10243;Molins-sur-Aube;112;3;115
10245;Montaulin;711;9;720
10246;Montceaux-lès-Vaudes;244;40;284
10247;Montfey;134;2;136
10248;Montgueux;407;11;418
10250;Montier-en-l'Isle;206;10;216
10249;Montiéramey;452;8;460
10251;Montigny-les-Monts;267;6;273
10252;Montmartin-le-Haut;56;0;56
10253;Montmorency-Beaufort;123;7;130
10254;Montpothier;310;5;315
10255;Montreuil-sur-Barse;276;5;281
10256;Montsuzain;335;14;349
10257;Morembert;47;0;47
10258;Morvilliers;271;6;277
10259;La Motte-Tilly;361;4;365
10260;Moussey;496;6;502
10261;Mussy-sur-Seine;1170;36;1206
10262;Neuville-sur-Seine;366;12;378
10263;Neuville-sur-Vanne;438;6;444
10264;Noë-les-Mallets;120;5;125
10265;Les Noës-près-Troyes;3166;46;3212
10266;Nogent-en-Othe;36;1;37
10267;Nogent-sur-Aube;347;6;353
10268;Nogent-sur-Seine;5984;137;6121
10269;Nozay;131;8;139
10270;Onjon;244;6;250
10271;Origny-le-Sec;606;20;626
10272;Ormes;197;7;204
10273;Ortillon;35;0;35
10274;Orvilliers-Saint-Julien;281;4;285
10275;Ossey-les-Trois-Maisons;566;8;574
10276;Paisy-Cosdon;302;8;310
10277;Palis;606;11;617
10278;Pargues;122;1;123
10279;Pars-lès-Chavanges;69;4;73
10280;Pars-lès-Romilly;756;15;771
10281;Le Pavillon-Sainte-Julie;318;6;324
10282;Payns;1142;49;1191
10283;Pel-et-Der;149;3;152
10284;Périgny-la-Rose;105;3;108
10285;Perthes-lès-Brienne;73;4;77
10286;Petit-Mesnil;233;9;242
10287;Piney;1252;16;1268
10288;Plaines-Saint-Lange;322;5;327
10289;Plancy-l'Abbaye;932;25;957
10290;Planty;178;4;182
10291;Plessis-Barbuise;152;3;155
10293;Poivres;164;1;165
10294;Poligny;61;0;61
10295;Polisot;334;5;339
10296;Polisy;185;12;197
10297;Pont-Sainte-Marie;4795;159;4954
10298;Pont-sur-Seine;984;14;998
10299;Pouan-les-Vallées;484;10;494
10300;Pougy;272;6;278
10301;Pouy-sur-Vannes;143;1;144
10302;Praslin;56;2;58
10303;Précy-Notre-Dame;79;4;83
10304;Précy-Saint-Martin;211;5;216
10305;Prémierfait;103;5;108
10306;Proverville;270;13;283
10307;Prugny;395;5;400
10308;Prunay-Belleville;224;7;231
10309;Prusy;106;3;109
10310;Puits-et-Nuisement;200;6;206
10312;Racines;199;4;203
10313;Radonvilliers;381;8;389
10314;Ramerupt;385;11;396
10315;Rances;45;0;45
10316;Rhèges;217;4;221
10317;Les Riceys;1363;62;1425
10318;Rigny-la-Nonneuse;135;7;142
10319;Rigny-le-Ferron;369;9;378
10320;Rilly-Sainte-Syre;246;2;248
10321;La Rivière-de-Corps;2959;176;3135
10323;Romilly-sur-Seine;14167;262;14429
10324;Roncenay;133;5;138
10325;Rosières-près-Troyes;3023;314;3337
10326;Rosnay-l'Hôpital;215;8;223
10327;La Rothière;106;1;107
10328;Rouilly-Sacey;330;3;333
10329;Rouilly-Saint-Loup;534;54;588
10330;Rouvres-les-Vignes;128;2;130
10331;Rumilly-lès-Vaudes;462;9;471
10332;Ruvigny;408;11;419
10333;Saint-André-les-Vergers;11088;263;11351
10334;Saint-Aubin;561;11;572
10335;Saint-Benoist-sur-Vanne;237;5;242
10336;Saint-Benoît-sur-Seine;400;18;418
10337;Saint-Christophe-Dodinicourt;38;4;42
10338;Saint-Étienne-sous-Barbuise;132;5;137
10339;Saint-Flavy;255;5;260
10340;Saint-Germain;2351;48;2399
10341;Saint-Hilaire-sous-Romilly;378;23;401
10342;Saint-Jean-de-Bonneval;392;7;399
10343;Saint-Julien-les-Villas;6741;159;6900
10344;Saint-Léger-près-Troyes;671;12;683
10345;Saint-Léger-sous-Brienne;388;8;396
10346;Saint-Léger-sous-Margerie;61;5;66
10347;Saint-Loup-de-Buffigny;178;5;183
10348;Saint-Lupien;231;13;244
10349;Saint-Lyé;2841;64;2905
10350;Saint-Mards-en-Othe;636;4;640
10351;Saint-Martin-de-Bossenay;379;9;388
10353;Saint-Mesmin;849;8;857
10354;Saint-Nabord-sur-Aube;127;2;129
10355;Saint-Nicolas-la-Chapelle;77;1;78
10356;Saint-Oulph;202;2;204
10357;Saint-Parres-aux-Tertres;2826;79;2905
10358;Saint-Parres-lès-Vaudes;975;26;1001
10359;Saint-Phal;524;9;533
10360;Saint-Pouange;878;231;1109
10361;Saint-Remy-sous-Barbuise;165;3;168
10363;Saint-Thibault;485;9;494
10364;Saint-Usage;86;3;89
10352;Sainte-Maure;1473;232;1705
10362;Sainte-Savine;10110;437;10547
10365;Salon;150;3;153
10366;Saulcy;87;1;88
10367;La Saulsotte;591;12;603
10368;Savières;898;16;914
10369;Semoine;219;2;221
10370;Soligny-les-Étangs;219;2;221
10371;Sommeval;325;6;331
10372;Soulaines-Dhuys;297;11;308
10373;Souligny;406;15;421
10374;Spoy;156;7;163
10375;Thennelières;329;7;336
10376;Thieffrain;158;1;159
10377;Thil;159;3;162
10378;Thors;79;4;83
10379;Torcy-le-Grand;422;16;438
10380;Torcy-le-Petit;80;1;81
10381;Torvilliers;839;21;860
10382;Traînel;1026;24;1050
10383;Trancault;206;4;210
10384;Trannes;270;8;278
10386;Trouans;227;3;230
10387;Troyes;61823;1633;63456
10388;Turgy;38;0;38
10389;Unienville;107;2;109
10390;Urville;151;5;156
10391;Vailly;268;6;274
10019;Val-d'Auzon;394;2;396
10392;Vallant-Saint-Georges;380;1;381
10393;Vallentigny;208;7;215
10394;Vallières;135;2;137
10395;Vanlay;312;5;317
10396;Vauchassis;519;11;530
10397;Vauchonvilliers;129;0;129
10398;Vaucogne;79;2;81
10399;Vaudes;598;7;605
10400;Vaupoisson;144;5;149
10401;Vendeuvre-sur-Barse;2383;65;2448
10402;La Vendue-Mignot;234;7;241
10403;Vernonvilliers;84;3;87
10404;Verpillières-sur-Ource;119;7;126
10405;Verricourt;45;1;46
10406;Verrières;1688;41;1729
10408;Viâpres-le-Petit;123;2;125
10409;Villacerf;484;13;497
10410;Villadin;137;4;141
10411;La Ville-aux-Bois;20;1;21
10426;Ville-sous-la-Ferté;1328;17;1345
10427;Ville-sur-Arce;244;12;256
10428;Ville-sur-Terre;137;9;146
10412;Villechétif;774;16;790
10414;Villeloup;136;3;139
10415;Villemaur-sur-Vanne;483;16;499
10416;Villemereuil;239;8;247
10417;Villemoiron-en-Othe;220;7;227
10418;Villemorien;191;2;193
10419;Villemoyenne;656;8;664
10420;Villenauxe-la-Grande;2760;64;2824
10421;La Villeneuve-au-Châtelot;127;0;127
10422;Villeneuve-au-Chemin;193;6;199
10423;La Villeneuve-au-Chêne;426;5;431
10424;Villeret;72;1;73
10425;Villery;275;7;282
10429;Villette-sur-Aube;222;6;228
10430;Villiers-Herbisse;97;7;104
10431;Villiers-le-Bois;96;1;97
10432;Villiers-sous-Praslin;68;3;71
10433;Villy-en-Trodes;225;3;228
10434;Villy-le-Bois;60;0;60
10435;Villy-le-Maréchal;142;2;144
10436;Vinets;172;14;186
10437;Virey-sous-Bar;653;10;663
10438;Vitry-le-Croisé;265;7;272
10439;Viviers-sur-Artaut;116;5;121
10440;Voigny;187;6;193
10441;Vosnon;195;5;200
10442;Voué;535;6;541
10443;Vougrey;55;0;55
10444;Vulaines;217;6;223
10445;Yèvres-le-Petit;73;1;74
11001;Aigues-Vives;504;5;509
11002;Airoux;126;1;127
11003;Ajac;244;3;247
11004;Alaigne;337;5;342
11005;Alairac;1193;18;1211
11006;Albas;78;1;79
11007;Albières;89;7;96
11008;Alet-les-Bains;439;8;447
11009;Alzonne;1239;32;1271
11010;Antugnac;320;8;328
11011;Aragon;435;14;449
11012;Argeliers;1546;22;1568
11013;Argens-Minervois;374;8;382
11014;Armissan;1506;30;1536
11015;Arques;260;6;266
11016;Arquettes-en-Val;94;2;96
11017;Artigues;88;3;91
11018;Arzens;1126;18;1144
11019;Aunat;49;0;49
11020;Auriac;39;2;41
11021;Axat;701;11;712
11022;Azille;1116;15;1131
11023;Badens;756;13;769
11024;Bages;826;29;855
11025;Bagnoles;189;4;193
11026;Baraigne;128;4;132
11027;Barbaira;649;10;659
11028;Belcaire;411;13;424
11029;Belcastel-et-Buc;67;5;72
11030;Belflou;103;1;104
11031;Belfort-sur-Rebenty;39;1;40
11032;Bellegarde-du-Razès;209;4;213
11033;Belpech;1280;26;1306
11034;Belvèze-du-Razès;797;12;809
11035;Belvianes-et-Cavirac;285;4;289
11036;Belvis;178;4;182
11037;Berriac;831;28;859
11038;Bessède-de-Sault;53;1;54
11039;La Bezole;46;1;47
11040;Bizanet;1254;29;1283
11041;Bize-Minervois;1050;24;1074
11042;Blomac;194;4;198
11043;Bouilhonnac;226;3;229
11044;Bouisse;93;1;94
11045;Bouriège;143;5;148
11046;Bourigeole;50;2;52
11047;Le Bousquet;48;4;52
11048;Boutenac;690;9;699
11049;Bram;3168;89;3257
11050;Brenac;199;11;210
11051;Brézilhac;156;3;159
11052;Brousses-et-Villaret;314;4;318
11053;Brugairolles;242;3;245
11054;Les Brunels;214;2;216
11055;Bugarach;189;3;192
11056;Cabrespine;187;5;192
11057;Cahuzac;34;0;34
11058;Cailhau;248;6;254
11059;Cailhavel;102;1;103
11060;Cailla;50;0;50
11061;Cambieure;234;5;239
11062;Campagna-de-Sault;17;1;18
11063;Campagne-sur-Aude;642;17;659
11064;Camplong-d'Aude;270;7;277
11065;Camps-sur-l'Agly;83;1;84
11066;Camurac;125;2;127
11067;Canet;1224;10;1234
11068;Capendu;1500;64;1564
11069;Carcassonne;47620;1513;49133
11070;Carlipa;303;13;316
11071;Cascastel-des-Corbières;208;1;209
11072;La Cassaigne;189;3;192
11073;Cassaignes;63;2;65
11074;Les Cassés;222;5;227
11075;Castans;119;2;121
11077;Castelnau-d'Aude;439;5;444
11076;Castelnaudary;11308;466;11774
11078;Castelreng;195;11;206
11079;Caudebronde;158;5;163
11080;Caudeval;170;7;177
11081;Caunes-Minervois;1582;29;1611
11082;Caunette-sur-Lauquet;5;1;6
11083;Caunettes-en-Val;56;3;59
11084;Caux-et-Sauzens;770;30;800
11085;Cavanac;853;17;870
11086;Caves;588;9;597
11087;Cazalrenoux;76;1;77
11088;Cazilhac;1583;44;1627
11089;Cenne-Monestiés;316;9;325
11090;Cépie;634;3;637
11091;Chalabre;1144;24;1168
11092;Citou;83;0;83
11093;Le Clat;36;0;36
11094;Clermont-sur-Lauquet;22;1;23
11095;Comigne;230;4;234
11096;Comus;45;3;48
11098;Conilhac-Corbières;786;12;798
11097;Conilhac-de-la-Montagne;55;3;58
11099;Conques-sur-Orbiel;2269;55;2324
11100;Corbières;36;1;37
11101;Coudons;52;0;52
11102;Couffoulens;568;4;572
11103;Couiza;1244;31;1275
11104;Counozouls;46;0;46
11105;Cournanel;598;20;618
11106;Coursan;6166;122;6288
11107;Courtauly;74;2;76
11108;La Courtète;46;0;46
11109;Coustaussa;54;1;55
11110;Coustouge;86;3;89
11111;Cruscades;428;7;435
11112;Cubières-sur-Cinoble;86;0;86
11113;Cucugnan;133;3;136
11114;Cumiès;38;0;38
11115;Cuxac-Cabardès;913;65;978
11116;Cuxac-d'Aude;4343;80;4423
11117;Davejean;106;2;108
11118;Dernacueillette;40;1;41
11119;La Digne-d'Amont;275;14;289
11120;La Digne-d'Aval;575;7;582
11121;Donazac;95;3;98
11122;Douzens;706;10;716
11123;Duilhac-sous-Peyrepertuse;122;2;124
11124;Durban-Corbières;684;11;695
11125;Embres-et-Castelmaure;149;5;154
11126;Escales;358;3;361
11127;Escouloubre;99;0;99
11128;Escueillens-et-Saint-Just-de-Bélengard;178;1;179
11129;Espéraza;2138;35;2173
11130;Espezel;206;7;213
11131;Fa;316;5;321
11132;Fabrezan;1231;14;1245
11133;Fajac-en-Val;30;2;32
11134;Fajac-la-Relenque;44;0;44
11135;La Fajolle;14;0;14
11136;Fanjeaux;771;52;823
11137;Félines-Termenès;136;1;137
11138;Fendeille;558;11;569
11139;Fenouillet-du-Razès;87;2;89
11140;Ferrals-les-Corbières;1047;22;1069
11141;Ferran;99;3;102
11142;Festes-et-Saint-André;210;12;222
11143;Feuilla;98;1;99
11144;Fitou;840;16;856
11145;Fleury;3146;29;3175
11146;Floure;356;9;365
11147;Fontanès-de-Sault;11;0;11
11148;Fontcouverte;535;8;543
11149;Fonters-du-Razès;90;4;94
11150;Fontiers-Cabardès;419;55;474
11151;Fontiès-d'Aude;400;6;406
11152;Fontjoncouse;134;3;137
11153;La Force;178;4;182
11154;Fournes-Cabardès;64;1;65
11155;Fourtou;53;2;55
11156;Fraisse-Cabardès;110;4;114
11157;Fraissé-des-Corbières;230;3;233
11158;Gaja-et-Villedieu;305;9;314
11159;Gaja-la-Selve;162;0;162
11160;Galinagues;43;2;45
11161;Gardie;104;1;105
11162;Generville;60;0;60
11163;Gincla;45;0;45
11164;Ginestas;1328;27;1355
11165;Ginoles;369;13;382
11166;Gourvieille;57;0;57
11167;Gramazie;98;1;99
11168;Granès;124;2;126
11169;Greffeil;70;3;73
11170;Gruissan;4272;63;4335
11171;Gueytes-et-Labastide;34;0;34
11172;Homps;656;5;661
11173;Hounoux;127;5;132
11174;Les Ilhes;56;1;57
11175;Issel;456;5;461
11176;Jonquières;71;1;72
11177;Joucou;33;0;33
11178;Labastide-d'Anjou;896;13;909
11179;Labastide-en-Val;65;2;67
11180;Labastide-Esparbairenque;85;4;89
11181;Labécède-Lauragais;372;6;378
11182;Lacombe;164;1;165
11183;Ladern-sur-Lauquet;253;6;259
11184;Lafage;88;2;90
11185;Lagrasse;601;26;627
11186;Lairière;47;1;48
11187;Lanet;44;1;45
11189;Laprade;90;0;90
11191;Laroque-de-Fa;152;3;155
11192;Lasbordes;818;20;838
11193;Lasserre-de-Prouille;224;6;230
11194;Lastours;165;2;167
11195;Laurabuc;379;1;380
11196;Laurac;159;4;163
11197;Lauraguel;515;9;524
11198;Laure-Minervois;1050;34;1084
11199;Lavalette;1224;37;1261
11200;Lespinassière;104;2;106
11201;Leuc;627;23;650
11202;Leucate;3655;55;3710
11203;Lézignan-Corbières;9712;144;9856
11204;Lignairolles;37;0;37
11205;Limousis;105;0;105
11206;Limoux;9709;577;10286
11207;Loupia;215;13;228
11208;La Louvière-Lauragais;91;3;94
11209;Luc-sur-Aude;190;8;198
11210;Luc-sur-Orbieu;937;22;959
11211;Magrie;516;12;528
11212;Mailhac;416;3;419
11213;Maisons;43;1;44
11214;Malras;347;10;357
11215;Malves-en-Minervois;746;27;773
11216;Malviès;348;6;354
11217;Marcorignan;1102;32;1134
11218;Marquein;73;2;75
11219;Marsa;28;0;28
11220;Marseillette;706;14;720
11221;Les Martys;269;3;272
11222;Mas-Cabardès;200;3;203
11223;Mas-des-Cours;16;0;16
11225;Mas-Saintes-Puelles;889;23;912
11224;Massac;27;0;27
11226;Mayreville;65;1;66
11227;Mayronnes;37;0;37
11228;Mazerolles-du-Razès;173;5;178
11229;Mazuby;25;0;25
11230;Mérial;25;0;25
11231;Mézerville;101;2;103
11232;Miraval-Cabardes;45;2;47
11233;Mirepeisset;738;12;750
11234;Mireval-Lauragais;161;9;170
11235;Missègre;66;1;67
11236;Molandier;215;6;221
11238;Molleville;86;4;90
11239;Montauriol;79;3;82
11240;Montazels;489;19;508
11241;Montbrun-des-Corbières;319;4;323
11242;Montclar;184;6;190
11243;Montferrand;477;8;485
11244;Montfort-sur-Boulzane;101;3;104
11245;Montgaillard;57;1;58
11246;Montgradail;60;2;62
11247;Monthaut;46;0;46
11248;Montirat;68;4;72
11249;Montjardin;105;1;106
11250;Montjoi;43;2;45
11251;Montlaur;530;11;541
11252;Montmaur;310;1;311
11253;Montolieu;760;18;778
11254;Montréal;1933;158;2091
11255;Montredon-des-Corbières;1015;21;1036
11256;Montséret;474;9;483
11257;Monze;179;2;181
11258;Moussan;1709;24;1733
11259;Moussoulens;871;14;885
11260;Mouthoumet;105;4;109
11261;Moux;563;14;577
11262;Narbonne;51306;1236;52542
11263;Nébias;260;5;265
11264;Névian;1303;24;1327
11265;Niort-de-Sault;33;1;34
11267;Ornaisons;1180;26;1206
11268;Orsans;90;6;96
11269;Ouveillan;2139;30;2169
11270;Padern;127;0;127
11271;Palairac;28;1;29
11272;Palaja;2129;74;2203
11188;La Palme;1469;29;1498
11273;Paraza;573;9;582
11274;Pauligne;329;23;352
11275;Payra-sur-l'Hers;154;5;159
11276;Paziols;519;5;524
11278;Pech-Luna;97;2;99
11277;Pécharic-et-le-Py;29;1;30
11279;Pennautier;2443;59;2502
11280;Pépieux;975;36;1011
11281;Pexiora;992;16;1008
11282;Peyrefitte-du-Razès;48;2;50
11283;Peyrefitte-sur-l'Hers;72;2;74
11284;Peyrens;405;12;417
11285;Peyriac-de-Mer;1025;31;1056
11286;Peyriac-Minervois;1048;23;1071
11287;Peyrolles;68;2;70
11288;Pezens;1242;119;1361
11289;Pieusse;930;24;954
11290;Plaigne;121;3;124
11291;Plavilla;112;2;114
11292;La Pomarède;166;4;170
11293;Pomas;736;23;759
11294;Pomy;47;3;50
11266;Port-la-Nouvelle;5541;79;5620
11295;Portel-des-Corbières;1125;16;1141
11296;Pouzols-Minervois;364;1;365
11297;Pradelles-Cabardès;152;0;152
11298;Pradelles-en-Val;193;8;201
11299;Preixan;509;7;516
11300;Puginier;144;1;145
11301;Puichéric;1014;24;1038
11302;Puilaurens;254;5;259
11303;Puivert;497;8;505
11304;Quillan;3406;145;3551
11305;Quintillan;60;0;60
11306;Quirbajou;36;3;39
11307;Raissac-d'Aude;251;6;257
11308;Raissac-sur-Lampy;291;6;297
11190;La Redorte;1131;18;1149
11309;Rennes-le-Château;91;1;92
11310;Rennes-les-Bains;172;2;174
11311;Ribaute;213;4;217
11312;Ribouisse;105;2;107
11313;Ricaud;279;7;286
11314;Rieux-en-Val;77;0;77
11315;Rieux-Minervois;2042;56;2098
11316;Rivel;220;4;224
11317;Rodome;120;1;121
11318;Roquecourbe-Minervois;120;1;121
11319;Roquefère;78;3;81
11320;Roquefeuil;273;8;281
11321;Roquefort-de-Sault;103;5;108
11322;Roquefort-des-Corbières;912;24;936
11323;Roquetaillade;211;1;212
11324;Roubia;445;8;453
11325;Rouffiac-d'Aude;341;7;348
11326;Rouffiac-des-Corbières;88;3;91
11327;Roullens;473;14;487
11328;Routier;259;9;268
11329;Rouvenac;195;3;198
11330;Rustiques;430;6;436
11331;Saint-Amans;63;0;63
11332;Saint-André-de-Roquelongue;1033;21;1054
11333;Saint-Benoît;112;3;115
11337;Saint-Couat-d'Aude;356;6;362
11338;Saint-Couat-du-Razès;54;3;57
11339;Saint-Denis;456;10;466
11341;Saint-Ferriol;142;6;148
11342;Saint-Frichoux;219;4;223
11343;Saint-Gaudéric;71;2;73
11344;Saint-Hilaire;730;10;740
11345;Saint-Jean-de-Barrou;248;3;251
11346;Saint-Jean-de-Paracol;109;2;111
11347;Saint-Julia-de-Bec;119;4;123
11348;Saint-Julien-de-Briola;85;3;88
11350;Saint-Just-et-le-Bézu;66;3;69
11351;Saint-Laurent-de-la-Cabrerisse;715;36;751
11352;Saint-Louis-et-Parahou;57;0;57
11353;Saint-Marcel-sur-Aude;1527;25;1552
11355;Saint-Martin-de-Villereglan;325;5;330
11354;Saint-Martin-des-Puits;18;0;18
11356;Saint-Martin-Lalande;1079;28;1107
11357;Saint-Martin-le-Vieil;214;3;217
11358;Saint-Martin-Lys;49;2;51
11359;Saint-Michel-de-Lanès;335;5;340
11360;Saint-Nazaire-d'Aude;1703;42;1745
11361;Saint-Papoul;779;17;796
11362;Saint-Paulet;180;2;182
11363;Saint-Pierre-des-Champs;158;8;166
11364;Saint-Polycarpe;171;5;176
11365;Saint-Sernin;30;0;30
11334;Sainte-Camelle;112;0;112
11335;Sainte-Colombe-sur-Guette;46;1;47
11336;Sainte-Colombe-sur-l'Hers;514;16;530
11340;Sainte-Eulalie;505;11;516
11366;Sainte-Valière;539;12;551
11367;Saissac;1007;11;1018
11368;Sallèles-Cabardès;114;1;115
11369;Sallèles-d'Aude;2285;35;2320
11370;Salles-d'Aude;2486;51;2537
11371;Salles-sur-l'Hers;574;8;582
11372;Salsigne;370;3;373
11373;Salvezines;98;1;99
11374;Salza;18;1;19
11375;Seignalens;32;1;33
11376;La Serpent;74;1;75
11377;Serres;50;2;52
11378;Serviès-en-Val;228;12;240
11379;Sigean;5047;116;5163
11380;Sonnac-sur-l'Hers;156;4;160
11381;Sougraigne;82;3;85
11382;Souilhanels;375;67;442
11383;Souilhe;309;8;317
11384;Soulatgé;105;5;110
11385;Soupex;253;2;255
11386;Talairan;360;6;366
11387;Taurize;67;0;67
11388;Termes;55;3;58
11389;Terroles;16;0;16
11390;Thézan-des-Corbières;525;6;531
11391;La Tourette-Cabardès;24;0;24
11392;Tournissan;257;10;267
11393;Tourouzelle;490;7;497
11394;Tourreilles;116;3;119
11395;Trassanel;24;0;24
11396;Trausse;503;5;508
11397;Trèbes;5643;110;5753
11398;Treilles;180;1;181
11399;Tréville;112;8;120
11400;Tréziers;113;3;116
11401;Tuchan;815;23;838
11402;Valmigère;21;1;22
11404;Ventenac-Cabardès;867;38;905
11405;Ventenac-en-Minervois;499;4;503
11406;Véraza;38;0;38
11407;Verdun-en-Lauragais;251;13;264
11408;Verzeille;420;3;423
11409;Vignevieille;95;3;98
11410;Villalier;819;14;833
11411;Villanière;124;3;127
11414;Villar-en-Val;33;0;33
11415;Villar-Saint-Anselme;91;2;93
11412;Villardebelle;71;2;73
11413;Villardonnel;530;7;537
11416;Villarzel-Cabardès;173;3;176
11417;Villarzel-du-Razès;89;6;95
11418;Villasavary;1122;16;1138
11419;Villautou;47;2;49
11420;Villebazy;99;2;101
11421;Villedaigne;466;8;474
11422;Villedubert;355;14;369
11423;Villefloure;126;3;129
11424;Villefort;105;1;106
11425;Villegailhenc;1625;31;1656
11426;Villegly;860;19;879
11427;Villelongue-d'Aude;327;17;344
11428;Villemagne;270;5;275
11429;Villemoustaussou;3082;92;3174
11430;Villeneuve-la-Comptal;1187;37;1224
11431;Villeneuve-les-Corbières;275;6;281
11432;Villeneuve-lès-Montréal;214;4;218
11433;Villeneuve-Minervois;844;15;859
11434;Villepinte;1218;22;1240
11435;Villerouge-Termenès;158;8;166
11436;Villesèque-des-Corbières;380;11;391
11437;Villesèquelande;800;5;805
11438;Villesiscle;323;5;328
11439;Villespy;370;9;379
11440;Villetritouls;40;0;40
11441;Vinassan;2218;38;2256
12001;Agen-d'Aveyron;1053;40;1093
12002;Aguessac;842;17;859
12003;Les Albres;353;7;360
12004;Almont-les-Junies;489;9;498
12005;Alpuech;80;1;81
12006;Alrance;382;7;389
12007;Ambeyrac;177;6;183
12008;Anglars-Saint-Félix;599;17;616
12009;Arnac-sur-Dourdou;23;0;23
12010;Arques;128;1;129
12011;Arvieu;863;18;881
12012;Asprières;705;11;716
12013;Aubin;4237;227;4464
12014;Aurelle-Verlac;177;2;179
12015;Auriac-Lagast;262;7;269
12016;Auzits;890;29;919
12017;Ayssènes;218;3;221
12018;Balaguier-d'Olt;142;5;147
12019;Balaguier-sur-Rance;91;1;92
12020;Balsac;573;22;595
12056;Baraqueville;2898;167;3065
12021;La Bastide-l'Évêque;822;31;853
12022;La Bastide-Pradines;108;4;112
12023;La Bastide-Solages;114;1;115
12024;Belcastel;231;7;238
12025;Belmont-sur-Rance;1012;30;1042
12026;Bertholène;1003;30;1033
12027;Bessuéjouls;227;11;238
12028;Boisse-Penchot;543;3;546
12029;Bor-et-Bar;187;5;192
12030;Bouillac;421;6;427
12031;Bournazel;339;11;350
12032;Boussac;521;18;539
12033;Bozouls;2759;69;2828
12034;Brandonnet;305;9;314
12035;Brasc;200;1;201
12036;Brommat;718;17;735
12037;Broquiès;648;25;673
12038;Brousse-le-Château;171;6;177
12039;Brusque;320;4;324
12040;Buzeins;181;8;189
12041;Cabanès;228;9;237
12042;Calmels-et-le-Viala;236;7;243
12043;Calmont;1901;61;1962
12044;Camarès;979;34;1013
12045;Camboulazet;346;9;355
12046;Camjac;530;10;540
12047;Campagnac;460;13;473
12048;Campouriez;399;16;415
12049;Campuac;448;3;451
12050;Canet-de-Salars;398;7;405
12051;Cantoin;318;10;328
12052;Capdenac-Gare;4614;178;4792
12053;La Capelle-Balaguier;281;6;287
12054;La Capelle-Bleys;384;7;391
12055;La Capelle-Bonance;88;4;92
12057;Cassagnes-Bégonhès;948;42;990
12058;Cassuéjouls;139;3;142
12059;Castanet;546;27;573
12060;Castelmary;131;2;133
12061;Castelnau-de-Mandailles;548;11;559
12062;Castelnau-Pégayrols;320;6;326
12257;Causse-et-Diège;701;18;719
12063;La Cavalerie;999;35;1034
12064;Le Cayrol;285;4;289
12065;Centrès;549;21;570
12066;Clairvaux-d'Aveyron;1127;16;1143
12067;Le Clapier;77;9;86
12068;Colombiès;950;23;973
12069;Combret;296;6;302
12070;Compeyre;532;25;557
12071;Compolibat;409;17;426
12072;Comprégnac;241;17;258
12073;Comps-la-Grand-Ville;499;8;507
12074;Condom-d'Aubrac;321;9;330
12075;Connac;115;3;118
12076;Conques;283;8;291
12077;Cornus;511;9;520
12078;Les Costes-Gozon;181;0;181
12079;Coubisou;532;13;545
12080;Coupiac;486;15;501
12081;Coussergues;224;7;231
12082;La Couvertoirade;176;10;186
12083;Cransac;1698;58;1756
12084;Creissels;1495;34;1529
12085;Crespin;269;7;276
12086;La Cresse;309;6;315
12087;Cruéjouls;412;11;423
12307;Curan;302;5;307
12088;Curières;256;8;264
12089;Decazeville;6203;204;6407
12090;Druelle;1938;68;2006
12091;Drulhe;397;12;409
12092;Durenque;556;12;568
12094;Entraygues-sur-Truyère;1182;52;1234
12095;Escandolières;205;2;207
12096;Espalion;4549;172;4721
12097;Espeyrac;242;6;248
12098;Estaing;610;21;631
12099;Fayet;279;5;284
12093;Le Fel;172;6;178
12100;Firmi;2557;61;2618
12101;Flagnac;935;21;956
12102;Flavin;2172;63;2235
12103;Florentin-la-Capelle;330;12;342
12104;Foissac;413;9;422
12155;Fondamente;287;4;291
12105;La Fouillade;1114;62;1176
12106;Gabriac;431;11;442
12107;Gaillac-d'Aveyron;296;7;303
12108;Galgan;350;12;362
12109;Gissac;112;9;121
12110;Golinhac;440;5;445
12111;Goutrens;420;16;436
12112;Graissac;216;8;224
12113;Gramond;384;7;391
12114;Grand-Vabre;411;18;429
12115;L' Hospitalet-du-Larzac;325;2;327
12116;Huparlac;244;8;252
12117;Lacalm;205;8;213
12118;Lacroix-Barrez;521;9;530
12119;Laguiole;1261;53;1314
12120;Laissac;1531;45;1576
12121;Lanuéjouls;715;16;731
12123;Lapanouse;742;64;806
12122;Lapanouse-de-Cernon;116;2;118
12124;Lassouts;314;8;322
12125;Laval-Roquecezière;310;6;316
12126;Lavernhe;244;4;248
12127;Lédergues;701;19;720
12128;Lescure-Jaoul;260;8;268
12129;Lestrade-et-Thouels;423;10;433
12130;Livinhac-le-Haut;1068;34;1102
12131;La Loubière;1336;46;1382
12133;Luc-la-Primaube;5417;167;5584
12134;Lugan;326;4;330
12135;Lunac;451;19;470
12136;Maleville;931;20;951
12137;Manhac;626;11;637
12138;Marcillac-Vallon;1636;51;1687
12139;Marnhagues-et-Latour;144;1;145
12140;Martiel;894;38;932
12141;Martrin;216;8;224
12142;Mayran;511;11;522
12143;Mélagues;67;1;68
12144;Meljac;144;5;149
12145;Millau;22041;879;22920
12146;Le Monastère;2095;81;2176
12147;Montagnol;156;3;159
12148;Montbazens;1311;35;1346
12149;Montclar;149;3;152
12150;Monteils;523;108;631
12151;Montézic;250;8;258
12152;Montfranc;135;3;138
12153;Montjaux;393;12;405
12154;Montlaur;664;26;690
12156;Montpeyroux;566;14;580
12157;Montrozier;1399;45;1444
12158;Montsalès;234;3;237
12159;Morlhon-le-Haut;550;20;570
12160;Mostuéjouls;277;6;283
12192;Mounes-Prohencoux;197;7;204
12161;Mouret;552;19;571
12162;Moyrazès;1099;20;1119
12164;Mur-de-Barrez;821;27;848
12163;Murasson;204;13;217
12165;Muret-le-Château;298;16;314
12166;Murols;106;4;110
12167;Najac;751;23;774
12168;Nant;916;21;937
12169;Naucelle;1960;275;2235
12170;Naussac;313;10;323
12171;Nauviale;541;18;559
12172;Le Nayrac;565;8;573
12173;Noailhac;181;3;184
12174;Olemps;3149;120;3269
12175;Ols-et-Rinhodes;143;10;153
12176;Onet-le-Château;10423;548;10971
12177;Palmas;286;7;293
12178;Paulhe;351;17;368
12179;Peux-et-Couffouleux;110;6;116
12180;Peyreleau;70;3;73
12181;Peyrusse-le-Roc;209;8;217
12182;Pierrefiche;263;11;274
12183;Plaisance;227;7;234
12184;Pomayrols;153;3;156
12185;Pont-de-Salars;1544;43;1587
12186;Pousthomy;212;8;220
12187;Prades-d'Aubrac;417;11;428
12188;Prades-Salars;285;10;295
12189;Pradinas;369;12;381
12190;Prévinquières;276;10;286
12191;Privezac;323;4;327
12193;Pruines;270;6;276
12194;Quins;781;17;798
12195;Rebourguil;263;7;270
12196;Recoules-Prévinquières;464;9;473
12197;Réquista;2092;99;2191
12198;Rieupeyroux;2073;75;2148
12199;Rignac;1860;165;2025
12200;Rivière-sur-Tarn;1020;21;1041
12201;Rodelle;951;38;989
12202;Rodez;24289;2035;26324
12204;La Roque-Sainte-Marguerite;197;7;204
12203;Roquefort-sur-Soulzon;691;24;715
12205;La Rouquette;710;26;736
12206;Roussennac;491;12;503
12207;Rullac-Saint-Cirq;358;19;377
12208;Saint-Affrique;8067;661;8728
12209;Saint-Amans-des-Cots;773;20;793
12210;Saint-André-de-Najac;413;13;426
12211;Saint-André-de-Vézines;123;4;127
12212;Saint-Beaulize;98;2;100
12213;Saint-Beauzély;512;18;530
12214;Saint-Chély-d'Aubrac;547;19;566
12215;Saint-Christophe-Vallon;1057;49;1106
12216;Saint-Côme-d'Olt;1399;38;1437
12218;Saint-Cyprien-sur-Dourdou;796;38;834
12221;Saint-Félix-de-Lunel;387;6;393
12222;Saint-Félix-de-Sorgues;199;3;202
12224;Saint-Geniez-d'Olt;2019;47;2066
12225;Saint-Georges-de-Luzençon;1664;38;1702
12226;Saint-Hippolyte;458;20;478
12227;Saint-Igest;172;4;176
12228;Saint-Izaire;327;12;339
12229;Saint-Jean-d'Alcapiès;255;16;271
12230;Saint-Jean-Delnous;454;9;463
12231;Saint-Jean-du-Bruel;690;12;702
12232;Saint-Jean-et-Saint-Paul;261;1;262
12233;Saint-Juéry;228;8;236
12235;Saint-Just-sur-Viaur;206;0;206
12237;Saint-Laurent-d'Olt;650;82;732
12236;Saint-Laurent-de-Lévézou;156;5;161
12238;Saint-Léons;340;5;345
12239;Saint-Martin-de-Lenne;243;6;249
12240;Saint-Parthem;430;12;442
12242;Saint-Rémy;317;5;322
12243;Saint-Rome-de-Cernon;754;24;778
12244;Saint-Rome-de-Tarn;835;24;859
12245;Saint-Salvadou;407;16;423
12246;Saint-Santin;570;18;588
12247;Saint-Saturnin-de-Lenne;352;9;361
12248;Saint-Sernin-sur-Rance;663;127;790
12249;Saint-Sever-du-Moustier;227;5;232
12250;Saint-Symphorien-de-Thénières;235;3;238
12251;Saint-Victor-et-Melvieu;371;11;382
12217;Sainte-Croix;709;27;736
12219;Sainte-Eulalie-d'Olt;333;20;353
12220;Sainte-Eulalie-de-Cernon;243;8;251
12223;Sainte-Geneviève-sur-Argence;1015;30;1045
12234;Sainte-Juliette-sur-Viaur;500;11;511
12241;Sainte-Radegonde;1561;55;1616
12252;Salles-Courbatiès;385;20;405
12253;Salles-Curan;1063;33;1096
12254;Salles-la-Source;1982;67;2049
12255;Salmiech;703;15;718
12256;Salvagnac-Cajarc;388;9;397
12258;La Salvetat-Peyralès;1067;22;1089
12259;Sanvensa;612;7;619
12260;Sauclières;187;9;196
12261;Saujac;134;3;137
12262;Sauveterre-de-Rouergue;803;24;827
12263;Savignac;601;22;623
12264;Sébazac-Concourès;2941;98;3039
12265;Sébrazac;517;6;523
12266;Ségur;591;13;604
12267;La Selve;670;17;687
12268;Sénergues;494;17;511
12269;La Serre;136;3;139
12271;Sévérac-l'Église;409;93;502
12270;Sévérac-le-Château;2402;101;2503
12272;Sonnac;383;15;398
12273;Soulages-Bonneval;275;6;281
12274;Sylvanès;95;5;100
12275;Tauriac-de-Camarès;59;2;61
12276;Tauriac-de-Naucelle;385;10;395
12277;Taussac;462;14;476
12278;Tayrac;172;8;180
12279;La Terrisse;167;7;174
12280;Thérondels;481;16;497
12281;Toulonjac;698;21;719
12282;Tournemire;459;12;471
12283;Trémouilles;526;18;544
12284;Le Truel;339;13;352
12285;Vabre-Tizac;432;11;443
12286;Vabres-l'Abbaye;1106;39;1145
12287;Vailhourles;607;17;624
12288;Valady;1421;29;1450
12289;Valzergues;210;13;223
12290;Vaureilles;491;12;503
12291;Verrières;375;9;384
12292;Versols-et-Lapeyre;437;8;445
12293;Veyreau;124;0;124
12294;Vézins-de-Lévézou;644;11;655
12295;Viala-du-Pas-de-Jaux;99;5;104
12296;Viala-du-Tarn;539;19;558
12297;Le Vibal;490;9;499
12298;Villecomtal;438;10;448
12299;Villefranche-de-Panat;777;24;801
12300;Villefranche-de-Rouergue;11957;716;12673
12301;Villeneuve;1968;56;2024
12303;Vimenet;252;15;267
12304;Vitrac-en-Viadène;117;1;118
12305;Viviez;1403;59;1462
13001;Aix-en-Provence;143404;3286;146690
13002;Allauch;18747;264;19011
13003;Alleins;2424;47;2471
13004;Arles;52197;1096;53293
13005;Aubagne;44804;430;45234
13006;Aureille;1463;43;1506
13007;Auriol;11699;87;11786
13008;Aurons;529;13;542
13009;La Barben;704;20;724
13010;Barbentane;3757;152;3909
13011;Les Baux-de-Provence;369;11;380
13012;Beaurecueil;610;24;634
13013;Belcodène;1731;45;1776
13014;Berre-l'Étang;13805;116;13921
13015;Bouc-Bel-Air;13604;284;13888
13016;La Bouilladisse;5652;52;5704
13017;Boulbon;1535;22;1557
13018;Cabannes;4291;74;4365
13019;Cabriès;8305;244;8549
13020;Cadolive;2130;28;2158
13119;Carnoux-en-Provence;6886;94;6980
13021;Carry-le-Rouet;6342;125;6467
13022;Cassis;7833;109;7942
13023;Ceyreste;4139;70;4209
13024;Charleval;2360;47;2407
13025;Châteauneuf-le-Rouge;2078;48;2126
13026;Châteauneuf-les-Martigues;11643;133;11776
13027;Châteaurenard;14495;166;14661
13028;La Ciotat;32901;420;33321
13029;Cornillon-Confoux;1327;29;1356
13118;Coudoux;3352;55;3407
13030;Cuges-les-Pins;4708;46;4754
13031;La Destrousse;2736;26;2762
13032;Éguilles;7544;213;7757
13033;Ensuès-la-Redonne;5166;69;5235
13034;Eygalières;1887;44;1931
13035;Eyguières;6331;106;6437
13036;Eyragues;4258;126;4384
13037;La Fare-les-Oliviers;6501;93;6594
13038;Fontvieille;3472;100;3572
13039;Fos-sur-Mer;15832;186;16018
13040;Fuveau;8683;155;8838
13041;Gardanne;20903;288;21191
13042;Gémenos;5945;104;6049
13043;Gignac-la-Nerthe;9245;95;9340
13044;Grans;4078;89;4167
13045;Graveson;3797;53;3850
13046;Gréasque;3878;57;3935
13047;Istres;42775;905;43680
13048;Jouques;4007;53;4060
13049;Lamanon;1737;40;1777
13050;Lambesc;8445;208;8653
13051;Lançon-Provence;7674;106;7780
13052;Maillane;2156;35;2191
13053;Mallemort;5676;101;5777
13054;Marignane;33159;340;33499
13201;Marseille 1er Arrondissement;40919;346;41265
13202;Marseille 2e  Arrondissement;25779;190;25969
13203;Marseille 3e  Arrondissement;45414;269;45683
13204;Marseille 4e  Arrondissement;47193;469;47662
13205;Marseille 5e  Arrondissement;44583;356;44939
13206;Marseille 6e  Arrondissement;43360;546;43906
13207;Marseille 7e  Arrondissement;35981;402;36383
13208;Marseille 8e  Arrondissement;78837;1333;80170
13209;Marseille 9e  Arrondissement;76868;730;77598
13210;Marseille 10e  Arrondissement;51299;480;51779
13211;Marseille 11e  Arrondissement;56792;536;57328
13212;Marseille 12e  Arrondissement;58734;687;59421
13213;Marseille 13e  Arrondissement;89316;861;90177
13214;Marseille 14e  Arrondissement;61920;301;62221
13215;Marseille 15e  Arrondissement;77770;355;78125
13216;Marseille 16e  Arrondissement;17630;107;17737
13056;Martigues;46247;664;46911
13057;Mas-Blanc-des-Alpilles;491;5;496
13058;Maussane-les-Alpilles;2127;42;2169
13059;Meyrargues;3480;62;3542
13060;Meyreuil;5008;101;5109
13062;Mimet;4433;77;4510
13063;Miramas;25257;364;25621
13064;Mollégès;2422;36;2458
13065;Mouriès;3049;77;3126
13066;Noves;5045;96;5141
13067;Orgon;3005;52;3057
13068;Paradou;1276;34;1310
13069;Pélissanne;9133;235;9368
13070;La Penne-sur-Huveaune;6228;46;6274
13071;Les Pennes-Mirabeau;20238;152;20390
13072;Peynier;3025;208;3233
13073;Peypin;5296;53;5349
13074;Peyrolles-en-Provence;4286;70;4356
13076;Plan-d'Orgon;2738;35;2773
13075;Plan-de-Cuques;10681;77;10758
13077;Port-de-Bouc;16968;166;17134
13078;Port-Saint-Louis-du-Rhône;8530;151;8681
13080;Le Puy-Sainte-Réparade;5119;88;5207
13079;Puyloubier;1708;111;1819
13081;Rognac;12088;159;12247
13082;Rognes;4562;79;4641
13083;Rognonas;4025;60;4085
13084;La Roque-d'Anthéron;5013;76;5089
13085;Roquefort-la-Bédoule;5085;60;5145
13086;Roquevaire;8373;94;8467
13087;Rousset;4186;97;4283
13088;Le Rove;4124;40;4164
13089;Saint-Andiol;3200;40;3240
13090;Saint-Antonin-sur-Bayon;135;5;140
13091;Saint-Cannat;5265;113;5378
13092;Saint-Chamas;7346;121;7467
13093;Saint-Estève-Janson;342;5;347
13094;Saint-Étienne-du-Grès;2117;76;2193
13095;Saint-Marc-Jaumegarde;1090;44;1134
13097;Saint-Martin-de-Crau;11215;166;11381
13098;Saint-Mitre-les-Remparts;5367;106;5473
13099;Saint-Paul-lès-Durance;964;6;970
13061;Saint-Pierre-de-Mézoargues;257;0;257
13100;Saint-Rémy-de-Provence;10251;203;10454
13101;Saint-Savournin;3035;35;3070
13102;Saint-Victoret;6530;53;6583
13096;Saintes-Maries-de-la-Mer;2317;35;2352
13103;Salon-de-Provence;40943;673;41616
13104;Sausset-les-Pins;7304;127;7431
13105;Sénas;6228;91;6319
13106;Septèmes-les-Vallons;10396;50;10446
13107;Simiane-Collongue;5947;76;6023
13108;Tarascon;13177;187;13364
13109;Le Tholonet;2232;52;2284
13110;Trets;10136;153;10289
13111;Vauvenargues;909;17;926
13112;Velaux;8305;140;8445
13113;Venelles;8110;208;8318
13114;Ventabren;4859;149;5008
13115;Vernègues;1344;25;1369
13116;Verquières;776;16;792
13117;Vitrolles;37479;388;37867
14001;Ablon;1160;19;1179
14002;Acqueville;159;5;164
14003;Agy;245;4;249
14004;Aignerville;154;2;156
14005;Airan;587;11;598
14006;Amayé-sur-Orne;982;13;995
14007;Amayé-sur-Seulles;190;7;197
14008;Amblie;264;7;271
14009;Amfreville;1188;20;1208
14011;Anctoville;1034;17;1051
14012;Angerville;125;5;130
14013;Angoville;31;1;32
14014;Anguerny;812;22;834
14015;Anisy;665;29;694
14016;Annebault;407;8;415
14019;Arganchy;225;9;234
14020;Argences;3495;55;3550
14021;Arromanches-les-Bains;609;8;617
14022;Asnelles;588;10;598
14023;Asnières-en-Bessin;62;1;63
14024;Auberville;452;12;464
14025;Aubigny;341;3;344
14026;Audrieu;978;11;989
14027;Aunay-sur-Odon;2944;41;2985
14028;Auquainville;301;7;308
14029;Les Autels-Saint-Bazile;46;1;47
14030;Authie;1349;40;1389
14031;Les Authieux-Papion;67;0;67
14032;Les Authieux-sur-Calonne;306;4;310
14033;Auvillars;209;2;211
14034;Avenay;504;7;511
14035;Balleroy;757;74;831
14036;Banneville-la-Campagne;112;2;114
14037;Banneville-sur-Ajon;394;6;400
14038;Banville;622;5;627
14039;Barbery;657;6;663
14040;Barbeville;182;2;184
14041;Barneville-la-Bertran;143;4;147
14042;Baron-sur-Odon;839;35;874
14043;Barou-en-Auge;87;1;88
14044;Basly;910;9;919
14045;Basseneville;262;4;266
14056;Bauquay;216;4;220
14046;Bavent;1738;25;1763
14047;Bayeux;13911;442;14353
14049;Bazenville;146;2;148
14050;La Bazoque;172;7;179
14231;Beaufour-Druval;424;8;432
14052;Beaulieu;165;2;167
14053;Beaumais;186;1;187
14054;Beaumesnil;194;9;203
14055;Beaumont-en-Auge;459;11;470
14057;Bellengreville;1496;18;1514
14058;Bellou;152;0;152
14059;Benerville-sur-Mer;494;40;534
14060;Bénouville;1928;39;1967
14061;Le Bény-Bocage;953;16;969
14062;Bény-sur-Mer;331;1;332
14063;Bernesq;209;0;209
14064;Bernières-d'Ailly;247;3;250
14065;Bernières-le-Patry;544;10;554
14066;Bernières-sur-Mer;2379;41;2420
14069;Beuvillers;1216;29;1245
14070;Beuvron-en-Auge;213;7;220
14068;Biéville-Beuville;2516;67;2583
14527;Biéville-Quétiéville;329;13;342
14073;La Bigne;183;2;185
14074;Billy;332;6;338
14075;Bissières;143;1;144
14076;Blainville-sur-Orne;5541;69;5610
14077;Blangy-le-Château;668;84;752
14078;Blay;312;9;321
14079;Blonville-sur-Mer;1576;40;1616
14080;Le Bô;108;5;113
14081;Boissey;181;0;181
14082;La Boissière;144;3;147
14083;Bonnebosq;702;21;723
14084;Bonnemaison;360;10;370
14085;Bonneville-la-Louvet;778;11;789
14086;Bonneville-sur-Touques;379;16;395
14087;Bonnoeil;117;0;117
14088;Bons-Tassilly;392;6;398
14089;Bougy;414;11;425
14090;Boulon;581;5;586
14091;Bourgeauville;140;2;142
14092;Bourguébus;1312;10;1322
14093;Branville;194;6;200
14096;Brémoy;214;8;222
14098;Bretteville-l'Orgueilleuse;2306;41;2347
14097;Bretteville-le-Rabet;257;1;258
14099;Bretteville-sur-Dives;307;5;312
14100;Bretteville-sur-Laize;1558;18;1576
14101;Bretteville-sur-Odon;4105;178;4283
14102;Le Breuil-en-Auge;938;22;960
14103;Le Breuil-en-Bessin;339;7;346
14104;Le Brévedent;148;5;153
14105;La Brévière;117;1;118
14106;Bréville-les-Monts;670;5;675
14107;Bricqueville;130;1;131
14109;Brouay;453;7;460
14110;Brucourt;131;3;134
14116;Le Bû-sur-Rouvres;100;2;102
14111;Bucéels;390;8;398
14113;Burcy;364;6;370
14115;Bures-les-Monts;132;1;133
14117;Cabourg;4027;74;4101
14118;Caen;109630;2848;112478
14119;Cagny;1483;18;1501
14120;Cahagnes;1291;27;1318
14121;Cahagnolles;215;2;217
14122;La Caine;97;1;98
14123;Cairon;1573;45;1618
14124;La Cambe;634;22;656
14125;Cambes-en-Plaine;1474;59;1533
14126;Cambremer;1086;28;1114
14127;Campagnolles;448;14;462
14128;Campandré-Valcongrain;111;1;112
14129;Campeaux;523;8;531
14130;Campigny;175;4;179
14131;Canapville;239;7;246
14132;Canchy;209;3;212
14134;Canteloup;170;4;174
14135;Carcagny;272;8;280
14136;Cardonville;103;2;105
14137;Carpiquet;2140;32;2172
14138;Cartigny-l'Épinay;295;10;305
14139;Carville;343;3;346
14140;Castillon;293;11;304
14141;Castillon-en-Auge;141;3;144
14142;Castilly;268;1;269
14143;Caumont-l'Éventé;1343;22;1365
14144;Caumont-sur-Orne;82;0;82
14145;Cauvicourt;420;9;429
14146;Cauville;161;3;164
14147;Cernay;117;6;123
14148;Cerqueux;104;1;105
14149;Cesny-aux-Vignes;295;7;302
14150;Cesny-Bois-Halbout;654;7;661
14151;Champ-du-Boult;376;7;383
14152;La Chapelle-Engerbold;107;2;109
14153;La Chapelle-Haute-Grue;44;0;44
14154;La Chapelle-Yvon;494;11;505
14155;Cheffreville-Tonnencourt;221;6;227
14156;Chênedollé;234;6;240
14157;Cheux;1260;16;1276
14158;Chicheboville;516;9;525
14159;Chouain;219;4;223
14160;Cintheaux;182;3;185
14161;Clarbec;350;7;357
14162;Clécy;1228;15;1243
14163;Cléville;335;6;341
14164;Clinchamps-sur-Orne;1011;7;1018
14166;Colleville-Montgomery;2223;38;2261
14165;Colleville-sur-Mer;166;6;172
14167;Colombelles;5771;65;5836
14168;Colombières;194;3;197
14169;Colombiers-sur-Seulles;162;4;166
14170;Colomby-sur-Thaon;415;14;429
14171;Combray;124;3;127
14172;Commes;410;19;429
14173;Condé-sur-Ifs;399;8;407
14174;Condé-sur-Noireau;5621;206;5827
14175;Condé-sur-Seulles;231;7;238
14176;Conteville;98;0;98
14177;Coquainvilliers;819;31;850
14178;Corbon;67;0;67
14179;Cordebugle;121;2;123
14180;Cordey;128;3;131
14181;Cormelles-le-Royal;4431;77;4508
14182;Cormolain;406;4;410
14183;Cossesseville;108;0;108
14184;Cottun;176;3;179
14185;Coudray-Rabut;331;9;340
14186;Coulombs;293;3;296
14187;Coulonces;678;8;686
14188;Coulvain;338;3;341
14189;Coupesarte;42;0;42
14190;Courcy;152;5;157
14191;Courseulles-sur-Mer;4137;60;4197
14192;Courson;430;15;445
14193;Courtonne-la-Meurdrac;699;5;704
14194;Courtonne-les-Deux-Églises;588;11;599
14195;Courvaudon;211;6;217
14196;Crépon;213;3;216
14197;Cresserons;1217;31;1248
14198;Cresseveuille;293;8;301
14200;Creully;1524;24;1548
14201;Crèvecoeur-en-Auge;520;5;525
14202;Cricqueboeuf;205;6;211
14203;Cricqueville-en-Auge;184;4;188
14204;Cricqueville-en-Bessin;183;3;186
14205;Cristot;208;4;212
14206;Crocy;291;12;303
14207;Croisilles;469;7;476
14208;Croissanville;435;4;439
14209;Crouay;516;11;527
14210;La Croupte;117;0;117
14211;Culey-le-Patry;335;6;341
14212;Cully;173;2;175
14213;Curcy-sur-Orne;410;12;422
14214;Cussy;131;6;137
14215;Cuverville;2031;20;2051
14216;Damblainville;211;2;213
14217;Dampierre;117;2;119
14218;Danestal;269;0;269
14219;Danvou-la-Ferrière;163;4;167
14220;Deauville;4005;83;4088
14221;Démouville;3153;78;3231
14222;Le Désert;76;1;77
14223;Le Détroit;87;0;87
14224;Deux-Jumeaux;77;1;78
14225;Dives-sur-Mer;5890;158;6048
14226;Donnay;187;7;194
14227;Douville-en-Auge;222;4;226
14228;Douvres-la-Délivrande;4884;266;5150
14229;Dozulé;1868;30;1898
14230;Drubec;112;1;113
14232;Ducy-Sainte-Marguerite;141;3;144
14235;Écrammeville;195;3;198
14236;Ellon;368;2;370
14237;Émiéville;436;6;442
14238;Englesqueville-en-Auge;110;3;113
14239;Englesqueville-la-Percée;93;2;95
14240;Épaney;428;9;437
14241;Épinay-sur-Odon;571;14;585
14242;Épron;1616;61;1677
14243;Équemauville;1261;34;1295
14244;Eraines;249;8;257
14245;Ernes;296;6;302
14246;Escoville;728;10;738
14248;Espins;229;5;234
14249;Esquay-Notre-Dame;1244;18;1262
14250;Esquay-sur-Seulles;346;9;355
14251;Esson;381;8;389
14252;Estrées-la-Campagne;205;2;207
14253;Estry;354;5;359
14254;Éterville;1351;28;1379
14255;Étouvy;300;9;309
14256;Étréham;256;5;261
14257;Évrecy;1525;66;1591
14258;Falaise;8456;308;8764
14259;Familly;127;7;134
14260;Fauguernon;242;4;246
14261;Le Faulq;279;12;291
14264;La Ferrière-Harang;301;5;306
14265;Fervaques;706;31;737
14266;Feuguerolles-Bully;1305;26;1331
14268;Fierville-Bray;462;11;473
14269;Fierville-les-Parcs;225;5;230
14270;Firfol;428;18;446
14271;Fleury-sur-Orne;4014;83;4097
14272;La Folie;111;4;115
14273;La Folletière-Abenon;154;1;155
14274;Fontaine-Étoupefour;1898;36;1934
14275;Fontaine-Henry;480;2;482
14276;Fontaine-le-Pin;323;2;325
14277;Fontenay-le-Marmion;1598;21;1619
14278;Fontenay-le-Pesnel;916;15;931
14279;Fontenermont;143;5;148
14280;Formentin;224;8;232
14281;Formigny;257;4;261
14282;Foulognes;160;4;164
14283;Fourches;161;7;168
14284;Fourneaux-le-Val;181;3;184
14285;Le Fournet;50;0;50
14286;Fourneville;470;18;488
14287;Frénouville;1609;21;1630
14288;Le Fresne-Camilly;819;27;846
14289;Fresné-la-Mère;480;7;487
14290;Fresney-le-Puceux;602;8;610
14291;Fresney-le-Vieux;271;1;272
14292;Friardel;235;2;237
14293;Fumichon;272;4;276
14294;Garcelles-Secqueville;756;9;765
14296;Le Gast;253;3;256
14297;Gavrus;442;5;447
14298;Géfosse-Fontenay;140;5;145
14299;Genneville;718;9;727
14300;Gerrots;57;1;58
14301;Giberville;4753;45;4798
14302;Glanville;177;7;184
14303;Glos;897;17;914
14306;Gonneville-en-Auge;398;9;407
14304;Gonneville-sur-Honfleur;770;20;790
14305;Gonneville-sur-Mer;585;24;609
14307;Goupillières;157;4;161
14308;Goustranville;176;3;179
14309;Gouvix;842;8;850
14310;Grainville-Langannerie;641;6;647
14311;Grainville-sur-Odon;1003;11;1014
14312;Grandcamp-Maisy;1782;30;1812
14313;Grandchamp-le-Château;58;1;59
14316;Grangues;226;6;232
14317;La Graverie;1127;37;1164
14318;Graye-sur-Mer;648;6;654
14319;Grentheville;955;12;967
14320;Grimbosq;280;2;282
14322;Guéron;218;7;225
14324;Hamars;416;5;421
14325;Hermanville-sur-Mer;2697;44;2741
14326;Hermival-les-Vaux;845;32;877
14327;Hérouville-Saint-Clair;22590;369;22959
14328;Hérouvillette;1100;19;1119
14329;Heuland;87;1;88
14330;Heurtevent;156;2;158
14331;Hiéville;286;5;291
14332;La Hoguette;633;24;657
14333;Honfleur;8163;196;8359
14334;L' Hôtellerie;297;1;298
14335;Hotot-en-Auge;298;10;308
14336;Hottot-les-Bagues;464;4;468
14337;La Houblonnière;308;5;313
14338;Houlgate;1933;34;1967
14339;Hubert-Folie;333;6;339
14341;Ifs;10738;155;10893
14342;Isigny-sur-Mer;2738;45;2783
14343;Les Isles-Bardel;64;1;65
14344;Janville;376;9;385
14345;Jort;289;3;292
14346;Juaye-Mondaye;687;15;702
14347;Jurques;625;8;633
14348;Juvigny-sur-Seulles;65;0;65
14349;Laize-la-Ville;470;14;484
14350;La Lande-sur-Drôme;61;0;61
14352;Landelles-et-Coupigny;821;14;835
14353;Landes-sur-Ajon;340;4;344
14354;Langrune-sur-Mer;1723;35;1758
14355;Lantheuil;656;16;672
14356;Lasson;565;18;583
14357;Lassy;342;13;355
14358;Léaupartie;68;0;68
14359;Lécaude;153;4;157
14360;Leffard;157;4;161
14361;Lénault;179;3;182
14362;Lessard-et-le-Chêne;157;10;167
14364;Lingèvres;496;7;503
14365;Lion-sur-Mer;2569;29;2598
14366;Lisieux;22700;882;23582
14367;Lison;475;5;480
14368;Lisores;289;6;295
14369;Litteau;246;4;250
14371;Livarot;2333;47;2380
14372;Livry;784;15;799
14373;Le Locheur;278;8;286
14374;Les Loges;135;3;138
14375;Les Loges-Saulces;147;3;150
14376;Longraye;234;2;236
14377;Longues-sur-Mer;688;22;710
14378;Longueville;254;5;259
14379;Longvillers;329;8;337
14380;Loucelles;185;3;188
14381;Louvagny;70;1;71
14382;Louvières;67;0;67
14383;Louvigny;2597;65;2662
14384;Luc-sur-Mer;3172;58;3230
14385;Magny-en-Bessin;138;5;143
14386;Magny-la-Campagne;528;5;533
14387;Magny-le-Freule;296;5;301
14388;Maisoncelles-la-Jourdan;470;12;482
14389;Maisoncelles-Pelvey;252;2;254
14390;Maisoncelles-sur-Ajon;195;1;196
14391;Maisons;399;8;407
14393;Maizet;278;1;279
14394;Maizières;429;10;439
14395;Malloué;30;1;31
14396;Maltot;781;29;810
14397;Mandeville-en-Bessin;280;5;285
14398;Manerbe;465;6;471
14399;Manneville-la-Pipard;318;15;333
14400;Le Manoir;207;3;210
14401;Manvieux;113;4;117
14402;Le Marais-la-Chapelle;78;4;82
14403;Marolles;653;14;667
14404;Martainville;98;1;99
14405;Martigny-sur-l'Ante;323;13;336
14406;Martragny;333;6;339
14407;Mathieu;1947;69;2016
14408;May-sur-Orne;1889;32;1921
14409;Merville-Franceville-Plage;1753;17;1770
14410;Méry-Corbon;805;9;814
14411;Meslay;229;2;231
14412;Le Mesnil-au-Grain;56;2;58
14413;Le Mesnil-Auzouf;299;2;301
14414;Le Mesnil-Bacley;213;5;218
14415;Le Mesnil-Benoist;52;0;52
14416;Le Mesnil-Caussois;125;2;127
14417;Mesnil-Clinchamps;947;26;973
14418;Le Mesnil-Durand;323;6;329
14419;Le Mesnil-Eudes;327;8;335
14420;Le Mesnil-Germain;243;8;251
14421;Le Mesnil-Guillaume;528;16;544
14422;Le Mesnil-Mauger;1033;19;1052
14423;Le Mesnil-Patry;277;6;283
14424;Le Mesnil-Robert;173;2;175
14425;Le Mesnil-Simon;164;3;167
14426;Le Mesnil-sur-Blangy;179;5;184
14427;Le Mesnil-Villement;293;1;294
14429;Meulles;393;9;402
14430;Meuvaines;144;7;151
14431;Mézidon-Canon;4683;54;4737
14432;Missy;548;6;554
14433;Mittois;168;3;171
14370;Le Molay-Littry;2989;48;3037
14435;Les Monceaux;171;3;174
14436;Monceaux-en-Bessin;396;10;406
14437;Mondeville;10124;209;10333
14438;Mondrainville;445;0;445
14439;Monfréville;104;1;105
14441;Mont-Bertrand;228;11;239
14440;Montamy;89;2;91
14442;Montchamp;542;12;554
14443;Montchauvet;362;0;362
14444;Monteille;190;4;194
14445;Montfiquet;94;3;97
14446;Montigny;91;1;92
14448;Montreuil-en-Auge;48;5;53
14449;Monts-en-Bessin;392;13;405
14450;Montviette;172;3;175
14452;Morteaux-Couliboeuf;511;11;522
14453;Mosles;292;12;304
14454;Mouen;1282;24;1306
14455;Moulines;251;3;254
14456;Moult;1687;26;1713
14457;Les Moutiers-en-Auge;122;2;124
14458;Les Moutiers-en-Cinglais;419;68;487
14459;Les Moutiers-Hubert;50;0;50
14460;Moyaux;1317;27;1344
14461;Mutrécy;323;6;329
14462;Neuilly-la-Forêt;464;8;472
14465;Nonant;432;13;445
14466;Norolles;263;16;279
14467;Noron-l'Abbaye;279;3;282
14468;Noron-la-Poterie;291;2;293
14469;Norrey-en-Auge;99;0;99
14474;Notre-Dame-d'Estrées;136;5;141
14471;Notre-Dame-de-Courson;392;1;393
14473;Notre-Dame-de-Livaye;132;1;133
14475;Noyers-Bocage;1135;25;1160
14476;Olendon;184;7;191
14477;Ondefontaine;309;5;314
14478;Orbec;2400;70;2470
14480;Osmanville;589;5;594
14481;Les Oubeaux;224;4;228
14697;L' Oudon;1538;197;1735
14482;Ouézy;238;2;240
14483;Ouffières;181;1;182
14484;Ouilly-du-Houley;184;2;186
14486;Ouilly-le-Tesson;527;8;535
14487;Ouilly-le-Vicomte;746;16;762
14488;Ouistreham;9248;145;9393
14489;Ouville-la-Bien-Tournée;220;8;228
14491;Parfouru-sur-Odon;154;7;161
14492;Pennedepie;319;5;324
14493;Percy-en-Auge;246;2;248
14494;Périers-en-Auge;139;6;145
14495;Périers-sur-le-Dan;488;20;508
14496;Périgny;54;2;56
14497;Perrières;264;3;267
14498;Pertheville-Ners;244;11;255
14499;Petiville;486;9;495
14500;Pierrefitte-en-Auge;146;2;148
14501;Pierrefitte-en-Cinglais;246;0;246
14502;Pierrepont;91;3;94
14503;Pierres;197;7;204
14504;Le Pin;698;19;717
14505;Placy;134;3;137
14506;Planquery;225;13;238
14508;Le Plessis-Grimoult;351;7;358
14509;Plumetot;215;9;224
14510;La Pommeraye;38;1;39
14511;Pont-Bellanger;69;0;69
14764;Pont-d'Ouilly;1038;17;1055
14513;Pont-Farcy;523;8;531
14514;Pont-l'Évêque;4163;63;4226
14512;Pontécoulant;94;1;95
14515;Port-en-Bessin-Huppain;2019;33;2052
14516;Potigny;1734;26;1760
14517;Poussy-la-Campagne;97;1;98
14520;Le Pré-d'Auge;841;10;851
14519;Préaux-Bocage;123;0;123
14518;Préaux-Saint-Sébastien;38;2;40
14521;Presles;259;1;260
14522;Prêtreville;412;17;429
14523;Proussy;407;7;414
14524;Putot-en-Auge;290;7;297
14525;Putot-en-Bessin;395;11;406
14528;Quetteville;375;8;383
14529;Ranchy;189;2;191
14530;Ranville;1737;27;1764
14531;Rapilly;41;1;42
14532;Le Reculey;249;4;253
14533;Repentigny;89;3;92
14534;Reux;326;5;331
14535;Reviers;558;8;566
14536;La Rivière-Saint-Sauveur;2062;45;2107
14538;Rocquancourt;710;6;716
14539;La Rocque;96;5;101
14540;Rocques;319;14;333
14541;La Roque-Baignard;129;2;131
14542;Rosel;503;18;521
14543;Rots;1409;21;1430
14544;Roucamps;173;5;178
14545;Roullours;849;29;878
14546;Rouvres;214;6;220
14547;Rubercy;109;1;110
14548;Rucqueville;128;8;136
14549;Rully;222;2;224
14550;Rumesnil;91;1;92
14551;Russy;168;2;170
14552;Ryes;480;3;483
14553;Saint-Agnan-le-Malherbe;120;0;120
14554;Saint-Aignan-de-Cramesnil;481;7;488
14555;Saint-André-d'Hébertot;452;8;460
14556;Saint-André-sur-Orne;1892;30;1922
14557;Saint-Arnoult;1004;21;1025
14558;Saint-Aubin-d'Arquenay;798;15;813
14559;Saint-Aubin-des-Bois;232;8;240
14562;Saint-Aubin-sur-Mer;1836;28;1864
14563;Saint-Benoît-d'Hébertot;332;8;340
14564;Saint-Charles-de-Percy;182;3;185
14565;Saint-Côme-de-Fresné;223;4;227
14566;Saint-Contest;2351;82;2433
14570;Saint-Cyr-du-Ronceray;662;12;674
14571;Saint-Denis-de-Mailloc;320;7;327
14572;Saint-Denis-de-Méré;824;20;844
14573;Saint-Denis-Maisoncelles;98;0;98
14574;Saint-Désir;1699;133;1832
14575;Saint-Étienne-la-Thillaye;486;12;498
14577;Saint-Gabriel-Brécy;300;56;356
14578;Saint-Gatien-des-Bois;1333;18;1351
14579;Saint-Georges-d'Aunay;701;14;715
14580;Saint-Georges-en-Auge;95;0;95
14581;Saint-Germain-d'Ectot;312;3;315
14582;Saint-Germain-de-Livet;811;8;819
14583;Saint-Germain-de-Montgommery;161;1;162
14584;Saint-Germain-de-Tallevende-la-Lande-Vaumont;1964;47;2011
14585;Saint-Germain-du-Crioult;827;26;853
14586;Saint-Germain-du-Pert;149;4;153
14587;Saint-Germain-la-Blanche-Herbe;2454;45;2499
14588;Saint-Germain-Langot;294;0;294
14589;Saint-Germain-le-Vasson;901;10;911
14593;Saint-Hymer;681;27;708
14595;Saint-Jean-de-Livet;202;5;207
14596;Saint-Jean-des-Essartiers;188;2;190
14597;Saint-Jean-le-Blanc;323;7;330
14598;Saint-Jouin;210;3;213
14599;Saint-Julien-de-Mailloc;461;10;471
14600;Saint-Julien-le-Faucon;675;6;681
14601;Saint-Julien-sur-Calonne;193;2;195
14602;Saint-Lambert;235;2;237
14603;Saint-Laurent-de-Condel;515;11;526
14604;Saint-Laurent-du-Mont;184;7;191
14605;Saint-Laurent-sur-Mer;236;6;242
14606;Saint-Léger-Dubosq;179;5;184
14607;Saint-Louet-sur-Seulles;177;0;177
14608;Saint-Loup-de-Fribois;201;2;203
14609;Saint-Loup-Hors;287;7;294
14611;Saint-Manvieu-Bocage;546;13;559
14610;Saint-Manvieu-Norrey;1725;133;1858
14613;Saint-Marcouf;91;1;92
14620;Saint-Martin-aux-Chartrains;386;19;405
14621;Saint-Martin-de-Bienfaite-la-Cressonnière;479;9;488
14622;Saint-Martin-de-Blagny;126;3;129
14623;Saint-Martin-de-Fontenay;2188;25;2213
14625;Saint-Martin-de-la-Lieue;850;19;869
14626;Saint-Martin-de-Mailloc;838;15;853
14627;Saint-Martin-de-Mieux;405;8;413
14628;Saint-Martin-de-Sallen;562;8;570
14629;Saint-Martin-des-Besaces;1154;9;1163
14630;Saint-Martin-des-Entrées;494;16;510
14632;Saint-Martin-Don;243;2;245
14633;Saint-Martin-du-Mesnil-Oury;98;2;100
14634;Saint-Michel-de-Livet;180;6;186
14635;Saint-Omer;162;2;164
14636;Saint-Ouen-des-Besaces;286;1;287
14637;Saint-Ouen-du-Mesnil-Oger;165;4;169
14638;Saint-Ouen-le-Houx;78;2;80
14639;Saint-Ouen-le-Pin;302;3;305
14640;Saint-Pair;248;3;251
14643;Saint-Paul-du-Vernay;667;13;680
14644;Saint-Philbert-des-Champs;680;22;702
14645;Saint-Pierre-Azif;152;3;155
14646;Saint-Pierre-Canivet;359;9;368
14647;Saint-Pierre-de-Mailloc;467;15;482
14648;Saint-Pierre-des-Ifs;451;5;456
14649;Saint-Pierre-du-Bû;435;8;443
14650;Saint-Pierre-du-Fresne;200;2;202
14651;Saint-Pierre-du-Jonquet;184;0;184
14652;Saint-Pierre-du-Mont;79;1;80
14653;Saint-Pierre-la-Vieille;362;5;367
14654;Saint-Pierre-sur-Dives;3636;24;3660
14655;Saint-Pierre-Tarentaine;315;3;318
14656;Saint-Rémy;1077;18;1095
14657;Saint-Samson;345;4;349
14658;Saint-Sever-Calvados;1369;42;1411
14659;Saint-Sylvain;1204;16;1220
14660;Saint-Vaast-en-Auge;95;2;97
14661;Saint-Vaast-sur-Seulles;138;0;138
14662;Saint-Vigor-des-Mézerets;247;3;250
14663;Saint-Vigor-le-Grand;2030;66;2096
14568;Sainte-Croix-Grand-Tonne;296;4;300
14569;Sainte-Croix-sur-Mer;233;7;240
14576;Sainte-Foy-de-Montgommery;203;4;207
14590;Sainte-Honorine-de-Ducy;131;2;133
14591;Sainte-Honorine-des-Pertes;571;8;579
14592;Sainte-Honorine-du-Fay;1184;37;1221
14614;Sainte-Marguerite-d'Elle;755;9;764
14616;Sainte-Marguerite-de-Viette;413;9;422
14615;Sainte-Marguerite-des-Loges;193;10;203
14618;Sainte-Marie-Laumont;603;15;618
14619;Sainte-Marie-Outre-l'Eau;89;2;91
14664;Sallen;276;0;276
14665;Sallenelles;277;10;287
14666;Sannerville;1576;31;1607
14667;Saon;231;1;232
14668;Saonnet;205;3;208
14669;Sassy;190;2;192
14670;Secqueville-en-Bessin;355;4;359
14671;Sept-Frères;345;21;366
14672;Sept-Vents;390;9;399
14674;Soignolles;83;1;84
14675;Soliers;2135;29;2164
14676;Sommervieu;1000;22;1022
14677;Soulangy;268;7;275
14678;Soumont-Saint-Quentin;558;9;567
14679;Subles;584;15;599
14680;Sully;117;5;122
14681;Surrain;152;4;156
14682;Surville;433;22;455
14684;Tessel;237;4;241
14685;Thaon;1470;24;1494
14686;Le Theil-Bocage;266;2;268
14687;Le Theil-en-Auge;166;2;168
14688;Thiéville;306;8;314
14689;Thury-Harcourt;1863;31;1894
14690;Tierceville;162;0;162
14691;Tilly-la-Campagne;96;2;98
14692;Tilly-sur-Seulles;1447;30;1477
14693;Tordouet;284;8;292
14694;Le Torquesne;409;10;419
14695;Torteval-Quesnay;350;4;354
14696;Tortisambert;144;3;147
14698;Touffréville;303;12;315
14699;Touques;3898;66;3964
14700;Tour-en-Bessin;582;17;599
14701;Tourgéville;914;18;932
14702;Tournay-sur-Odon;369;8;377
14703;Tournebu;356;3;359
14704;Le Tourneur;568;9;577
14705;Tournières;177;0;177
14706;Tourville-en-Auge;231;6;237
14707;Tourville-sur-Odon;1151;12;1163
14708;Tracy-Bocage;342;6;348
14709;Tracy-sur-Mer;321;4;325
14710;Tréprel;101;1;102
14711;Trévières;943;20;963
14712;Troarn;3712;87;3799
14713;Trois-Monts;343;4;347
14714;Le Tronquay;740;13;753
14715;Trouville-sur-Mer;4928;147;5075
14716;Trungy;218;6;224
14717;Truttemer-le-Grand;595;18;613
14718;Truttemer-le-Petit;120;1;121
14719;Urville;457;7;464
14720;Ussy;847;16;863
14721;Vacognes-Neuilly;481;24;505
14722;La Vacquerie;263;1;264
14723;Valsemé;271;2;273
14724;Varaville;754;11;765
14726;Vassy;1737;31;1768
14727;Vaubadon;393;8;401
14728;Vaucelles;310;6;316
14729;Vaudeloges;203;1;204
14730;Vaudry;1501;58;1559
14731;Vauville;235;9;244
14732;Vaux-sur-Aure;311;10;321
14733;Vaux-sur-Seulles;303;6;309
14734;Vendes;301;6;307
14735;Vendeuvre;736;13;749
14739;Ver-sur-Mer;1536;21;1557
14737;Versainville;402;10;412
14738;Verson;3651;64;3715
14740;La Vespière;943;27;970
14741;Le Vey;84;1;85
14742;Vicques;52;1;53
14743;Victot-Pontfol;123;3;126
14744;Vienne-en-Bessin;261;5;266
14745;Vierville-sur-Mer;240;9;249
14746;Viessoix;724;13;737
14747;Vieux;578;11;589
14748;Vieux-Bourg;80;2;82
14749;Vieux-Fumé;385;11;396
14750;Vieux-Pont-en-Auge;294;6;300
14751;Vignats;247;6;253
14752;Villers-Bocage;2894;37;2931
14753;Villers-Canivet;692;14;706
14754;Villers-sur-Mer;2597;40;2637
14755;Villerville;761;21;782
14756;La Villette;173;4;177
14757;Villiers-le-Sec;280;9;289
14758;Villons-les-Buissons;684;21;705
14760;Villy-Bocage;734;16;750
14759;Villy-lez-Falaise;245;18;263
14761;Vimont;581;13;594
14762;Vire;12385;646;13031
14763;Vouilly;176;0;176
15025;Albepierre-Bredons;217;8;225
15001;Allanche;925;32;957
15002;Alleuze;206;6;212
15003;Ally;667;21;688
15004;Andelat;411;11;422
15005;Anglards-de-Saint-Flour;318;6;324
15006;Anglards-de-Salers;767;17;784
15007;Anterrieux;130;9;139
15008;Antignac;277;10;287
15009;Apchon;207;3;210
15010;Arches;182;8;190
15011;Arnac;153;5;158
15012;Arpajon-sur-Cère;5924;328;6252
15013;Auriac-l'Église;204;7;211
15014;Aurillac;28943;1763;30706
15015;Auzers;208;6;214
15016;Ayrens;551;10;561
15017;Badailhac;116;3;119
15018;Barriac-les-Bosquets;168;1;169
15019;Bassignac;226;8;234
15020;Beaulieu;116;1;117
15269;Besse;134;3;137
15021;Boisset;619;15;634
15022;Bonnac;150;4;154
15024;Brageac;75;3;78
15026;Brezons;215;4;219
15027;Calvinet;467;9;476
15028;Carlat;288;12;300
15029;Cassaniouze;517;22;539
15030;Cayrols;238;1;239
15031;Celles;235;6;241
15032;Celoux;81;2;83
15033;Cézens;260;6;266
15034;Chaliers;182;5;187
15035;Chalinargues;435;3;438
15036;Chalvignac;422;9;431
15037;Champagnac;1120;51;1171
15038;Champs-sur-Tarentaine-Marchal;1030;19;1049
15040;Chanterelle;138;6;144
15041;La Chapelle-d'Alagnon;241;7;248
15042;La Chapelle-Laurent;339;9;348
15043;Charmensac;97;4;101
15044;Chastel-sur-Murat;129;7;136
15045;Chaudes-Aigues;970;24;994
15046;Chaussenac;243;4;247
15047;Chavagnac;103;3;106
15048;Chazelles;34;2;36
15049;Cheylade;286;5;291
15050;Le Claux;220;6;226
15051;Clavières;242;9;251
15052;Collandres;184;8;192
15053;Coltines;422;6;428
15054;Condat;1010;33;1043
15055;Coren;437;15;452
15056;Crandelles;642;21;663
15057;Cros-de-Montvert;221;2;223
15058;Cros-de-Ronesque;125;3;128
15059;Cussac;123;1;124
15060;Deux-Verges;59;1;60
15061;Dienne;258;5;263
15063;Drugeac;376;8;384
15064;Escorailles;71;0;71
15065;Espinasse;76;1;77
15066;Le Falgoux;155;3;158
15067;Le Fau;28;0;28
15068;Faverolles;304;11;315
15069;Ferrières-Saint-Mary;250;6;256
15070;Fontanges;222;10;232
15071;Fournoulès;66;5;71
15072;Freix-Anglards;183;4;187
15073;Fridefont;123;3;126
15074;Giou-de-Mamou;747;26;773
15075;Girgols;76;0;76
15076;Glénat;217;5;222
15077;Gourdièges;64;0;64
15078;Jabrun;157;11;168
15079;Jaleyrac;375;19;394
15081;Jou-sous-Monjou;113;1;114
15080;Joursac;155;12;167
15082;Junhac;333;9;342
15083;Jussac;1820;53;1873
15084;Labesserette;264;9;273
15085;Labrousse;374;4;378
15086;Lacapelle-Barrès;55;2;57
15087;Lacapelle-del-Fraisse;287;10;297
15088;Lacapelle-Viescamp;448;8;456
15089;Ladinhac;481;9;490
15090;Lafeuillade-en-Vézie;564;16;580
15091;Landeyrat;109;1;110
15092;Lanobre;1410;42;1452
15093;Lapeyrugue;107;2;109
15094;Laroquebrou;986;20;1006
15095;Laroquevieille;358;6;364
15096;Lascelle;316;6;322
15097;Lastic;115;6;121
15098;Laurie;91;5;96
15099;Lavastrie;225;4;229
15100;Laveissenet;91;4;95
15101;Laveissière;576;18;594
15102;Lavigerie;102;0;102
15103;Leucamp;236;4;240
15104;Leynhac;359;12;371
15105;Leyvaux;29;2;31
15106;Lieutadès;216;10;226
15107;Lorcières;205;9;214
15108;Loubaresse;410;12;422
15110;Lugarde;163;6;169
15111;Madic;227;5;232
15112;Malbo;124;2;126
15113;Mandailles-Saint-Julien;203;2;205
15114;Marcenat;542;12;554
15116;Marchastel;165;11;176
15117;Marcolès;608;51;659
15118;Marmanhac;725;32;757
15119;Massiac;1825;98;1923
15120;Mauriac;3898;288;4186
15121;Maurines;99;3;102
15122;Maurs;2265;71;2336
15123;Méallet;176;2;178
15124;Menet;511;13;524
15125;Mentières;130;3;133
15126;Molèdes;101;5;106
15127;Molompize;285;11;296
15128;La Monselie;116;4;120
15129;Montboudif;219;11;230
15130;Montchamp;131;1;132
15131;Le Monteil;269;1;270
15132;Montgreleix;56;0;56
15133;Montmurat;146;4;150
15134;Montsalvy;890;22;912
15135;Montvert;114;2;116
15136;Mourjou;326;3;329
15137;Moussages;266;6;272
15138;Murat;2053;101;2154
15139;Narnhac;81;1;82
15140;Naucelles;1925;82;2007
15141;Neussargues-Moissac;973;28;1001
15142;Neuvéglise;1151;29;1180
15143;Nieudan;106;6;112
15144;Omps;299;6;305
15145;Oradour;306;16;322
15146;Pailherols;167;1;168
15147;Parlan;297;5;302
15148;Paulhac;458;9;467
15149;Paulhenc;268;5;273
15150;Pers;295;7;302
15151;Peyrusse;175;6;181
15152;Pierrefort;921;25;946
15153;Pleaux;1645;43;1688
15154;Polminhac;1113;52;1165
15155;Pradiers;109;3;112
15156;Prunet;501;13;514
15157;Quézac;333;59;392
15158;Rageade;115;4;119
15159;Raulhac;349;4;353
15160;Reilhac;987;21;1008
15161;Rézentières;125;3;128
15162;Riom-ès-Montagnes;2761;75;2836
15163;Roannes-Saint-Mary;960;29;989
15164;Roffiac;577;16;593
15165;Rouffiac;225;4;229
15268;Le Rouget;964;16;980
15166;Roumégoux;242;5;247
15167;Rouziers;129;0;129
15168;Ruynes-en-Margeride;638;18;656
15169;Saignes;896;23;919
15170;Saint-Amandin;241;6;247
15172;Saint-Antoine;120;2;122
15173;Saint-Bonnet-de-Condat;151;3;154
15174;Saint-Bonnet-de-Salers;331;8;339
15175;Saint-Cernin;1070;28;1098
15176;Saint-Chamant;261;7;268
15178;Saint-Cirgues-de-Jordanne;148;4;152
15179;Saint-Cirgues-de-Malbert;215;4;219
15180;Saint-Clément;73;1;74
15181;Saint-Constant;568;6;574
15182;Saint-Étienne-Cantalès;134;8;142
15183;Saint-Étienne-de-Carlat;119;1;120
15185;Saint-Étienne-de-Chomeil;217;5;222
15184;Saint-Étienne-de-Maurs;732;8;740
15187;Saint-Flour;6637;626;7263
15188;Saint-Georges;1138;23;1161
15189;Saint-Gérons;180;3;183
15190;Saint-Hippolyte;114;6;120
15191;Saint-Illide;667;9;676
15192;Saint-Jacques-des-Blats;319;7;326
15194;Saint-Julien-de-Toursac;137;4;141
15195;Saint-Just;203;9;212
15196;Saint-Mamet-la-Salvetat;1411;35;1446
15197;Saint-Marc;86;6;92
15199;Saint-Martial;80;0;80
15200;Saint-Martin-Cantalès;177;11;188
15201;Saint-Martin-sous-Vigouroux;266;2;268
15202;Saint-Martin-Valmeroux;866;44;910
15203;Saint-Mary-le-Plain;157;4;161
15205;Saint-Paul-de-Salers;122;2;124
15204;Saint-Paul-des-Landes;1366;37;1403
15206;Saint-Pierre;173;3;176
15207;Saint-Poncy;324;11;335
15208;Saint-Projet-de-Salers;125;2;127
15209;Saint-Rémy-de-Chaudes-Aigues;121;6;127
15211;Saint-Santin-Cantalès;330;7;337
15212;Saint-Santin-de-Maurs;340;7;347
15213;Saint-Saturnin;226;10;236
15214;Saint-Saury;201;5;206
15215;Saint-Simon;1079;38;1117
15216;Saint-Urcize;501;13;514
15217;Saint-Victor;108;3;111
15218;Saint-Vincent-de-Salers;84;3;87
15171;Sainte-Anastasie;155;2;157
15186;Sainte-Eulalie;206;5;211
15198;Sainte-Marie;112;3;115
15219;Salers;364;6;370
15220;Salins;161;8;169
15221;Sansac-de-Marmiesse;1256;32;1288
15222;Sansac-Veinazès;200;3;203
15223;Sauvat;191;7;198
15224;La Ségalassière;114;0;114
15225;Ségur-les-Villas;224;3;227
15226;Sénezergues;193;8;201
15227;Sériers;134;3;137
15228;Siran;517;14;531
15229;Soulages;79;1;80
15230;Sourniac;190;12;202
15231;Talizat;556;25;581
15232;Tanavelle;251;5;256
15233;Teissières-de-Cornet;194;5;199
15234;Teissières-lès-Bouliès;305;4;309
15235;Les Ternes;531;19;550
15236;Thiézac;600;18;618
15237;Tiviers;143;8;151
15238;Tournemire;142;2;144
15240;Trémouille;194;1;195
15241;La Trinitat;43;1;44
15242;Le Trioulou;95;2;97
15243;Trizac;576;7;583
15244;Ussel;467;18;485
15245;Vabres;223;7;230
15246;Valette;259;10;269
15247;Valjouze;26;0;26
15248;Valuéjols;523;14;537
15249;Le Vaulmier;85;5;90
15250;Vebret;457;6;463
15251;Védrines-Saint-Loup;148;4;152
15252;Velzic;389;5;394
15253;Vernols;71;5;76
15254;Veyrières;120;4;124
15255;Vézac;1103;32;1135
15256;Vèze;68;2;70
15257;Vezels-Roussy;155;0;155
15258;Vic-sur-Cère;1960;57;2017
15259;Vieillespesse;253;6;259
15260;Vieillevie;114;4;118
15261;Le Vigean;835;43;878
15262;Villedieu;531;27;558
15263;Virargues;135;4;139
15264;Vitrac;294;3;297
15265;Ydes;1873;91;1964
15266;Yolet;590;21;611
15267;Ytrac;3778;145;3923
16001;Abzac;505;19;524
16002;Les Adjots;451;9;460
16003;Agris;804;13;817
16004;Aignes-et-Puypéroux;273;36;309
16005;Aigre;1109;28;1137
16007;Alloue;512;6;518
16008;Ambérac;314;4;318
16009;Ambernac;390;5;395
16010;Ambleville;207;3;210
16011;Anais;539;10;549
16012;Angeac-Champagne;499;11;510
16013;Angeac-Charente;379;9;388
16014;Angeduc;108;1;109
16015;Angoulême;42669;3017;45686
16016;Ansac-sur-Vienne;815;31;846
16017;Anville;190;1;191
16018;Ars;724;24;748
16019;Asnières-sur-Nouère;1093;25;1118
16020;Aubeterre-sur-Dronne;422;14;436
16021;Aubeville;138;3;141
16339;Auge-Saint-Médard;324;10;334
16023;Aunac;341;11;352
16024;Aussac-Vadalle;402;17;419
16025;Baignes-Sainte-Radegonde;1282;24;1306
16026;Balzac;1246;48;1294
16027;Barbezières;125;6;131
16028;Barbezieux-Saint-Hilaire;4645;181;4826
16029;Bardenac;239;5;244
16030;Barret;897;28;925
16031;Barro;343;10;353
16032;Bassac;533;7;540
16033;Bayers;123;3;126
16034;Bazac;177;1;178
16035;Beaulieu-sur-Sonnette;284;7;291
16036;Bécheresse;231;6;237
16037;Bellon;180;4;184
16038;Benest;363;5;368
16039;Bernac;414;13;427
16040;Berneuil;329;6;335
16041;Bessac;127;1;128
16042;Bessé;150;4;154
16043;Bignac;222;5;227
16044;Bioussac;228;6;234
16045;Birac;249;2;251
16046;Blanzac-Porcheresse;823;24;847
16047;Blanzaguet-Saint-Cybard;237;5;242
16048;Boisbreteau;124;0;124
16049;Bonnes;352;5;357
16050;Bonneuil;246;2;248
16051;Bonneville;157;4;161
16053;Bors (Canton de Baignes-Sainte-Radegonde);128;0;128
16052;Bors (Canton de Montmoreau-Saint-Cybard);268;7;275
16054;Le Bouchage;171;0;171
16055;Bouëx;898;17;915
16056;Bourg-Charente;713;16;729
16057;Bouteville;337;9;346
16058;Boutiers-Saint-Trojan;1319;48;1367
16059;Brettes;191;2;193
16060;Bréville;505;14;519
16061;Brie;3652;91;3743
16062;Brie-sous-Barbezieux;109;6;115
16063;Brie-sous-Chalais;167;4;171
16064;Brigueuil;1037;23;1060
16065;Brillac;638;11;649
16066;Brossac;549;20;569
16067;Bunzac;426;17;443
16068;Cellefrouin;513;6;519
16069;Cellettes;444;16;460
16070;Chabanais;1885;32;1917
16071;Chabrac;498;8;506
16072;Chadurie;517;12;529
16073;Chalais;1961;129;2090
16074;Challignac;299;11;310
16076;Champagne-Mouton;983;20;1003
16075;Champagne-Vigny;200;2;202
16077;Champmillon;533;14;547
16078;Champniers;5001;144;5145
16079;Chantillac;278;2;280
16081;La Chapelle;185;1;186
16082;Charmant;318;17;335
16083;Charmé;387;7;394
16084;Charras;319;4;323
16085;Chasseneuil-sur-Bonnieure;2916;251;3167
16086;Chassenon;902;16;918
16087;Chassiecq;167;1;168
16088;Chassors;1104;16;1120
16089;Châteaubernard;3884;108;3992
16090;Châteauneuf-sur-Charente;3451;53;3504
16091;Châtignac;205;2;207
16092;Chavenat;208;6;214
16093;Chazelles;1524;30;1554
16094;Chenommet;143;2;145
16095;Chenon;160;3;163
16096;Cherves-Châtelars;433;4;437
16097;Cherves-Richemont;2437;81;2518
16098;La Chèvrerie;151;5;156
16099;Chillac;199;0;199
16100;Chirac;690;26;716
16101;Claix;879;19;898
16102;Cognac;19243;614;19857
16103;Combiers;116;2;118
16104;Condac;472;15;487
16105;Condéon;553;13;566
16106;Confolens;2798;207;3005
16107;Coulgens;494;18;512
16108;Coulonges;148;5;153
16109;Courbillac;576;11;587
16110;Courcôme;428;9;437
16111;Courgeac;196;2;198
16112;Courlac;66;1;67
16113;La Couronne;7037;297;7334
16114;Couture;161;1;162
16115;Cressac-Saint-Genis;153;1;154
16116;Criteuil-la-Magdeleine;435;6;441
16117;Curac;120;6;126
16118;Deviat;165;4;169
16119;Dignac;1289;33;1322
16120;Dirac;1432;31;1463
16121;Douzat;353;7;360
16122;Ébréon;155;5;160
16123;Échallat;445;18;463
16124;Écuras;644;18;662
16125;Édon;246;24;270
16127;Empuré;119;4;123
16128;Épenède;209;3;212
16129;Éraville;175;6;181
16130;Les Essards;214;1;215
16131;Esse;503;10;513
16132;Étagnac;987;15;1002
16133;Étriac;186;5;191
16134;Exideuil;1053;24;1077
16135;Eymouthiers;303;17;320
16136;La Faye;600;6;606
16137;Feuillade;303;13;316
16138;Fléac;3518;196;3714
16139;Fleurac;229;2;231
16140;Fontclaireau;369;14;383
16141;Fontenille;337;7;344
16142;La Forêt-de-Tessé;204;7;211
16143;Fouquebrune;652;26;678
16144;Fouqueure;427;6;433
16145;Foussignac;591;7;598
16146;Garat;1764;61;1825
16147;Gardes-le-Pontaroux;277;12;289
16148;Genac;670;16;686
16149;Genouillac;582;13;595
16150;Gensac-la-Pallue;1604;44;1648
16151;Genté;877;30;907
16152;Gimeux;716;20;736
16154;Gond-Pontouvre;6044;246;6290
16153;Gondeville;513;8;521
16155;Les Gours;128;0;128
16156;Gourville;646;5;651
16157;Le Grand-Madieu;174;6;180
16158;Grassac;275;4;279
16297;Graves-Saint-Amant;317;7;324
16160;Guimps;498;13;511
16161;Guizengeard;167;2;169
16162;Gurat;187;5;192
16163;Hiersac;1074;26;1100
16164;Hiesse;251;7;258
16165;Houlette;385;8;393
16166;L' Isle-d'Espagnac;5325;142;5467
16167;Jarnac;4508;176;4684
16168;Jauldes;714;11;725
16169;Javrezac;646;17;663
16170;Juignac;419;9;428
16171;Juillac-le-Coq;669;24;693
16172;Juillaguet;131;0;131
16173;Juillé;186;1;187
16174;Julienne;432;9;441
16175;Jurignac;523;11;534
16176;Lachaise;285;7;292
16177;Ladiville;128;5;133
16178;Lagarde-sur-le-Né;179;2;181
16179;Lamérac;197;6;203
16180;Laprade;224;5;229
16183;Lésignac-Durand;194;3;197
16181;Lessac;582;11;593
16182;Lesterps;498;37;535
16184;Lichères;87;0;87
16185;Ligné;169;0;169
16186;Lignières-Sonneville;593;13;606
16187;Linars;2068;125;2193
16188;Le Lindois;322;4;326
16189;Londigny;244;4;248
16190;Longré;219;6;225
16191;Lonnes;165;3;168
16193;Louzac-Saint-André;996;30;1026
16194;Lupsault;125;3;128
16195;Lussac;283;6;289
16196;Luxé;787;9;796
16197;La Magdeleine;119;0;119
16198;Magnac-Lavalette-Villars;422;69;491
16199;Magnac-sur-Touvre;3010;83;3093
16200;Maine-de-Boixe;441;10;451
16201;Mainfonds;165;2;167
16202;Mainxe;613;14;627
16203;Mainzac;111;1;112
16204;Malaville;412;13;425
16205;Manot;591;20;611
16206;Mansle;1520;25;1545
16207;Marcillac-Lanville;588;17;605
16208;Mareuil;381;7;388
16209;Marillac-le-Franc;703;24;727
16210;Marsac;777;16;793
16211;Marthon;597;6;603
16212;Massignac;411;6;417
16213;Mazerolles;326;2;328
16214;Mazières;96;4;100
16215;Médillac;156;2;158
16216;Mérignac;702;25;727
16217;Merpins;1039;28;1067
16218;Mesnac;346;4;350
16220;Les Métairies;532;11;543
16221;Mons;259;2;261
16222;Montboyer;411;5;416
16223;Montbron;2167;54;2221
16224;Montchaude;518;7;525
16225;Montemboeuf;693;39;732
16226;Montignac-Charente;763;20;783
16227;Montignac-le-Coq;137;2;139
16228;Montigné;128;0;128
16229;Montjean;264;6;270
16230;Montmoreau-Saint-Cybard;1058;126;1184
16231;Montrollet;291;4;295
16232;Mornac;2114;52;2166
16233;Mosnac;458;12;470
16234;Moulidars;717;18;735
16236;Mouthiers-sur-Boëme;2442;68;2510
16237;Mouton;224;10;234
16238;Moutonneau;103;3;106
16239;Mouzon;147;2;149
16240;Nabinaud;75;6;81
16241;Nanclars;206;5;211
16242;Nanteuil-en-Vallée;1437;21;1458
16243;Nercillac;1019;33;1052
16244;Nersac;2317;53;2370
16245;Nieuil;923;24;947
16246;Nonac;307;13;320
16247;Nonaville;190;1;191
16248;Oradour;203;12;215
16249;Oradour-Fanais;363;17;380
16250;Orgedeuil;218;4;222
16251;Oriolles;241;6;247
16252;Orival;159;6;165
16253;Paizay-Naudouin-Embourie;403;4;407
16254;Palluaud;287;7;294
16255;Parzac;132;1;133
16256;Passirac;255;7;262
16257;Péreuil;414;9;423
16258;Pérignac;542;6;548
16259;La Péruse;485;46;531
16260;Pillac;256;6;262
16261;Les Pins;434;11;445
16262;Plaizac;158;4;162
16263;Plassac-Rouffiac;343;5;348
16264;Pleuville;354;7;361
16267;Poullignac;79;2;81
16268;Poursac;207;2;209
16269;Pranzac;888;12;900
16270;Pressignac;427;4;431
16271;Puymoyen;2401;218;2619
16272;Puyréaux;455;4;459
16273;Raix;148;3;151
16274;Rancogne;372;11;383
16275;Ranville-Breuillaud;180;3;183
16276;Reignac;634;26;660
16277;Réparsac;570;10;580
16279;Rioux-Martin;223;9;232
16280;Rivières;1883;40;1923
16281;La Rochefoucauld;3089;160;3249
16282;La Rochette;546;12;558
16283;Ronsenac;548;15;563
16284;Rouffiac;114;2;116
16285;Rougnac;522;16;538
16286;Rouillac;1754;30;1784
16287;Roullet-Saint-Estèphe;3686;79;3765
16192;Roumazières-Loubert;2580;60;2640
16289;Roussines;311;10;321
16290;Rouzède;254;16;270
16291;Ruelle-sur-Touvre;7468;417;7885
16292;Ruffec;3594;151;3745
16293;Saint-Adjutory;338;5;343
16294;Saint-Amant;664;14;678
16295;Saint-Amant-de-Boixe;1302;17;1319
16296;Saint-Amant-de-Bonnieure;347;5;352
16298;Saint-Amant-de-Nouère;383;8;391
16300;Saint-Angeau;669;6;675
16301;Saint-Aulais-la-Chapelle;238;2;240
16302;Saint-Avit;179;1;180
16303;Saint-Bonnet;383;9;392
16304;Saint-Brice;1072;29;1101
16306;Saint-Christophe;320;11;331
16307;Saint-Ciers-sur-Bonnieure;291;2;293
16308;Saint-Claud;1099;11;1110
16310;Saint-Coutant;216;3;219
16312;Saint-Cybardeaux;781;22;803
16314;Saint-Eutrope;157;4;161
16315;Saint-Félix;113;6;119
16316;Saint-Fort-sur-le-Né;399;5;404
16317;Saint-Fraigne;463;9;472
16318;Saint-Front;326;8;334
16320;Saint-Genis-d'Hiersac;850;13;863
16321;Saint-Georges;56;1;57
16322;Saint-Germain-de-Confolens;98;2;100
16323;Saint-Germain-de-Montbron;464;11;475
16325;Saint-Gourson;128;2;130
16326;Saint-Groux;134;0;134
16328;Saint-Laurent-de-Belzagot;359;21;380
16329;Saint-Laurent-de-Céris;757;26;783
16330;Saint-Laurent-de-Cognac;894;18;912
16331;Saint-Laurent-des-Combes;92;1;93
16332;Saint-Léger;124;1;125
16334;Saint-Martial;148;6;154
16335;Saint-Martin-du-Clocher;133;1;134
16336;Saint-Mary;367;6;373
16337;Saint-Maurice-des-Lions;960;19;979
16338;Saint-Médard;243;12;255
16340;Saint-Même-les-Carrières;1092;26;1118
16341;Saint-Michel;3078;111;3189
16342;Saint-Palais-du-Né;277;6;283
16343;Saint-Preuil;300;10;310
16344;Saint-Projet-Saint-Constant;1099;63;1162
16346;Saint-Quentin-de-Chalais;272;5;277
16345;Saint-Quentin-sur-Charente;225;6;231
16347;Saint-Romain;538;7;545
16348;Saint-Saturnin;1295;50;1345
16350;Saint-Séverin;781;19;800
16351;Saint-Simeux;517;6;523
16352;Saint-Simon;209;6;215
16353;Saint-Sornin;811;19;830
16355;Saint-Sulpice-de-Cognac;1252;17;1269
16356;Saint-Sulpice-de-Ruffec;36;1;37
16357;Saint-Vallier;152;1;153
16358;Saint-Yrieix-sur-Charente;6960;274;7234
16309;Sainte-Colombe;185;4;189
16349;Sainte-Sévère;541;9;550
16354;Sainte-Souline;124;3;127
16359;Salles-d'Angles;1092;21;1113
16360;Salles-de-Barbezieux;426;66;492
16361;Salles-de-Villefagnan;334;7;341
16362;Salles-Lavalette;341;8;349
16363;Saulgond;503;9;512
16364;Sauvagnac;76;1;77
16365;Sauvignac;104;1;105
16366;Segonzac;2166;77;2243
16368;Sers;728;22;750
16369;Sigogne;1009;32;1041
16370;Sireuil;1178;43;1221
16371;Sonneville;209;7;216
16372;Souffrignac;126;4;130
16373;Souvigné;242;4;246
16374;Soyaux;10348;647;10995
16375;Suaux;370;3;373
16376;Suris;275;11;286
16377;La Tâche;107;5;112
16378;Taizé-Aizie;562;22;584
16379;Taponnat-Fleurignac;1427;38;1465
16380;Le Tâtre;324;10;334
16381;Theil-Rabier;156;7;163
16382;Torsac;764;16;780
16383;Tourriers;713;7;720
16384;Touvérac;726;12;738
16385;Touvre;1100;23;1123
16386;Touzac;457;9;466
16387;Triac-Lautrait;444;70;514
16388;Trois-Palis;773;21;794
16389;Turgon;93;1;94
16390;Tusson;298;16;314
16391;Tuzie;138;1;139
16392;Valence;233;12;245
16393;Vars;1892;40;1932
16394;Vaux-Lavalette;92;4;96
16395;Vaux-Rouillac;299;7;306
16396;Ventouse;123;1;124
16397;Verdille;347;5;352
16398;Verneuil;98;8;106
16399;Verrières;370;22;392
16400;Verteuil-sur-Charente;720;22;742
16401;Vervant;134;1;135
16402;Vibrac;296;1;297
16403;Le Vieux-Cérier;142;0;142
16404;Vieux-Ruffec;100;2;102
16405;Vignolles;182;3;185
16406;Vilhonneur;324;7;331
16408;Villebois-Lavalette;759;26;785
16409;Villefagnan;1038;35;1073
16410;Villegats;247;15;262
16411;Villejésus;553;14;567
16412;Villejoubert;331;9;340
16413;Villiers-le-Roux;125;3;128
16414;Villognon;392;4;396
16415;Vindelle;956;22;978
16416;Vitrac-Saint-Vincent;530;8;538
16417;Viville;134;2;136
16418;Voeuil-et-Giget;1533;51;1584
16419;Vouharte;328;8;336
16420;Voulgézac;273;7;280
16421;Vouthon;343;2;345
16422;Vouzan;646;13;659
16423;Xambes;307;6;313
16424;Yviers;493;16;509
16425;Yvrac-et-Malleyrand;522;10;532
17002;Agudelle;113;4;117
17003;Aigrefeuille-d'Aunis;3577;60;3637
17005;Allas-Bocage;186;4;190
17006;Allas-Champagne;229;5;234
17007;Anais;284;8;292
17008;Andilly;1900;30;1930
17009;Angliers;707;12;719
17010;Angoulins;3695;118;3813
17011;Annepont;292;12;304
17012;Annezay;162;2;164
17013;Antezant-la-Chapelle;359;1;360
17015;Arces;622;15;637
17016;Archiac;814;22;836
17017;Archingeay;608;12;620
17018;Ardillières;775;13;788
17019;Ars-en-Ré;1315;35;1350
17020;Arthenac;323;5;328
17021;Arvert;3069;79;3148
17022;Asnières-la-Giraud;913;27;940
17023;Aujac;317;5;322
17024;Aulnay;1462;69;1531
17025;Aumagne;659;5;664
17026;Authon-Ébéon;388;8;396
17027;Avy;472;10;482
17028;Aytré;8806;207;9013
17029;Bagnizeau;187;3;190
17030;Balanzac;464;10;474
17031;Ballans;205;6;211
17032;Ballon;647;10;657
17033;La Barde;419;7;426
17034;Barzan;451;4;455
17035;Bazauges;126;3;129
17036;Beaugeay;585;12;597
17037;Beauvais-sur-Matha;693;18;711
17038;Bedenac;571;11;582
17039;Belluire;170;8;178
17040;La Benâte;411;18;429
17041;Benon;684;10;694
17042;Bercloux;358;4;362
17043;Bernay-Saint-Martin;726;12;738
17044;Berneuil;969;15;984
17045;Beurlay;962;22;984
17046;Bignay;395;9;404
17047;Biron;234;1;235
17048;Blanzac-lès-Matha;326;6;332
17049;Blanzay-sur-Boutonne;93;4;97
17050;Bois;472;96;568
17051;Le Bois-Plage-en-Ré;2303;71;2374
17052;Boisredon;630;10;640
17053;Bords;1242;26;1268
17054;Boresse-et-Martron;182;6;188
17055;Boscamnant;339;5;344
17056;Bougneau;510;9;519
17057;Bouhet;690;5;695
17058;Bourcefranc-le-Chapus;3311;106;3417
17059;Bourgneuf;1060;19;1079
17060;Boutenac-Touvent;194;6;200
17061;Bran;122;2;124
17486;La Brée-les-Bains;747;19;766
17062;Bresdon;263;7;270
17063;Breuil-la-Réorte;344;8;352
17065;Breuil-Magné;1494;41;1535
17064;Breuillet;2539;65;2604
17066;Brie-sous-Archiac;232;6;238
17067;Brie-sous-Matha;190;4;194
17068;Brie-sous-Mortagne;248;10;258
17069;Brives-sur-Charente;226;2;228
17070;Brizambourg;856;21;877
17071;La Brousse;502;8;510
17072;Burie;1259;22;1281
17074;Bussac-Forêt;947;22;969
17073;Bussac-sur-Charente;1247;45;1292
17075;Cabariot;1193;52;1245
17076;Celles;289;6;295
17077;Cercoux;1111;13;1124
17078;Chadenac;410;10;420
17079;Chaillevette;1327;24;1351
17080;Chambon;856;9;865
17081;Chamouillac;315;8;323
17082;Champagnac;519;18;537
17083;Champagne;606;22;628
17084;Champagnolles;517;14;531
17085;Champdolent;382;4;386
17086;Chaniers;3355;98;3453
17087;Chantemerle-sur-la-Soie;119;4;123
17089;La Chapelle-des-Pots;890;23;913
17091;Charron;2220;33;2253
17092;Chartuzac;166;1;167
17093;Le Château-d'Oléron;3949;95;4044
17094;Châtelaillon-Plage;5959;126;6085
17095;Chatenet;217;2;219
17096;Chaunac;78;3;81
17097;Le Chay;717;10;727
17098;Chenac-Saint-Seurin-d'Uzet;593;12;605
17099;Chepniers;643;12;655
17100;Chérac;1030;21;1051
17101;Cherbonnières;339;17;356
17102;Chermignac;1163;24;1187
17103;Chervettes;128;2;130
17104;Chevanceaux;1019;101;1120
17105;Chives;371;3;374
17106;Cierzac;226;7;233
17107;Ciré-d'Aunis;1136;12;1148
17108;Clam;339;8;347
17109;Clavette;908;19;927
17110;Clérac;932;22;954
17111;Clion;751;20;771
17112;La Clisse;536;8;544
17113;La Clotte;573;8;581
17114;Coivert;232;8;240
17115;Colombiers;321;11;332
17116;Consac;242;16;258
17117;Contré;148;4;152
17118;Corignac;329;0;329
17119;Corme-Écluse;983;14;997
17120;Corme-Royal;1538;42;1580
17121;La Couarde-sur-Mer;1241;35;1276
17122;Coulonges;219;1;220
17124;Courant;345;3;348
17125;Courcelles;435;17;452
17126;Courcerac;278;2;280
17128;Courcoury;699;13;712
17129;Courpignac;403;7;410
17127;Courçon;1499;18;1517
17130;Coux;444;8;452
17131;Cozes;1925;35;1960
17132;Cramchaban;567;12;579
17133;Cravans;686;79;765
17134;Crazannes;441;7;448
17135;Cressé;252;7;259
17136;Croix-Chapeau;1087;17;1104
17137;La Croix-Comtesse;170;6;176
17138;Dampierre-sur-Boutonne;299;7;306
17139;Doeuil-sur-le-Mignon;331;8;339
17140;Dolus-d'Oléron;3156;78;3234
17141;Dompierre-sur-Charente;449;11;460
17142;Dompierre-sur-Mer;5277;108;5385
17143;Le Douhet;700;18;718
17145;Échebrune;497;13;510
17146;Échillais;3269;77;3346
17147;Écoyeux;1152;22;1174
17148;Écurat;420;15;435
17149;Les Éduts;66;1;67
17150;Les Églises-d'Argenteuil;523;13;536
17151;L' Éguille;898;33;931
17152;Épargnes;789;12;801
17153;Esnandes;1994;56;2050
17154;Les Essards;565;7;572
17155;Étaules;2153;40;2193
17156;Expiremont;117;0;117
17157;Fenioux;126;1;127
17158;Ferrières;691;9;700
17159;Fléac-sur-Seugne;342;3;345
17160;Floirac;335;3;338
17161;La Flotte;2923;61;2984
17162;Fontaine-Chalendray;241;2;243
17163;Fontaines-d'Ozillac;467;9;476
17164;Fontcouverte;2109;70;2179
17165;Fontenet;369;11;380
17166;Forges;1119;14;1133
17167;Le Fouilloux;679;7;686
17168;Fouras;4056;93;4149
17169;La Frédière;78;0;78
17171;Geay;644;16;660
17172;Gémozac;2571;57;2628
17173;La Genétouze;214;6;220
17174;Genouillé;757;22;779
17175;Germignac;586;3;589
17176;Gibourne;121;0;121
17177;Le Gicq;115;4;119
17178;Givrezac;63;2;65
17179;Les Gonds;1576;40;1616
17180;Gourvillette;106;3;109
17485;Le Grand-Village-Plage;981;22;1003
17181;Grandjean;248;9;257
17182;La Grève-sur-Mignon;422;2;424
17183;Grézac;683;9;692
17184;La Gripperie-Saint-Symphorien;450;18;468
17185;Le Gua;1989;54;2043
17186;Le Gué-d'Alleré;665;11;676
17187;Guitinières;409;10;419
17188;Haimps;514;2;516
17189;Hiers-Brouage;633;12;645
17190;L' Houmeau;2107;77;2184
17004;Île-d'Aix;219;18;237
17191;La Jard;301;2;303
17192;Jarnac-Champagne;765;20;785
17193;La Jarne;2211;46;2257
17194;La Jarrie;2798;77;2875
17195;La Jarrie-Audouin;251;10;261
17196;Jazennes;475;8;483
17197;Jonzac;3511;360;3871
17198;Juicq;181;3;184
17199;Jussas;101;5;106
17200;Lagord;7054;196;7250
17201;La Laigne;265;12;277
17202;Landes;550;18;568
17203;Landrais;629;19;648
17204;Léoville;308;5;313
17205;Loire-les-Marais;333;4;337
17206;Loiré-sur-Nie;291;6;297
17207;Loix;715;11;726
17208;Longèves;720;10;730
17209;Lonzac;239;3;242
17210;Lorignac;456;7;463
17211;Loulay;750;21;771
17212;Louzignac;169;3;172
17213;Lozay;160;4;164
17214;Luchat;356;9;365
17215;Lussac;48;2;50
17216;Lussant;899;42;941
17217;Macqueville;291;3;294
17218;Marans;4655;55;4710
17219;Marennes;5315;105;5420
17220;Marignac;384;4;388
17221;Marsais;868;10;878
17222;Marsilly;2471;41;2512
17223;Massac;176;5;181
17224;Matha;2135;92;2227
17225;Les Mathes;1675;31;1706
17226;Mazeray;902;26;928
17227;Mazerolles;259;5;264
17228;Médis;2624;53;2677
17229;Mérignac;200;5;205
17230;Meschers-sur-Gironde;2673;59;2732
17231;Messac;109;3;112
17232;Meursac;1184;17;1201
17233;Meux;293;11;304
17234;Migré;335;7;342
17235;Migron;627;7;634
17236;Mirambeau;1470;52;1522
17237;Moëze;529;11;540
17238;Moings;174;1;175
17239;Mons;457;2;459
17240;Montendre;3146;100;3246
17241;Montguyon;1454;35;1489
17242;Montils;731;14;745
17243;Montlieu-la-Garde;1324;25;1349
17244;Montpellier-de-Médillan;625;9;634
17245;Montroy;641;14;655
17246;Moragne;448;9;457
17247;Mornac-sur-Seudre;737;15;752
17248;Mortagne-sur-Gironde;1037;16;1053
17249;Mortiers;189;5;194
17250;Mosnac;468;14;482
17252;Le Mung;263;3;266
17253;Muron;1207;34;1241
17254;Nachamps;219;3;222
17255;Nancras;567;10;577
17256;Nantillé;323;6;329
17257;Néré;734;19;753
17258;Neuillac;278;4;282
17259;Neulles;138;5;143
17260;Neuvicq;414;6;420
17261;Neuvicq-le-Château;393;27;420
17263;Nieul-le-Virouil;571;13;584
17262;Nieul-lès-Saintes;979;29;1008
17264;Nieul-sur-Mer;5600;182;5782
17265;Nieulle-sur-Seudre;846;11;857
17266;Les Nouillers;625;5;630
17267;Nuaillé-d'Aunis;924;6;930
17268;Nuaillé-sur-Boutonne;192;12;204
17269;Orignolles;611;10;621
17270;Ozillac;673;16;689
17271;Paillé;333;6;339
17272;Péré;327;17;344
17273;Pérignac;975;34;1009
17274;Périgny;6709;195;6904
17275;Pessines;770;22;792
17276;Le Pin;72;0;72
17278;Pisany;449;6;455
17279;Plassac;563;9;572
17280;Plassay;658;5;663
17281;Polignac;128;0;128
17282;Pommiers-Moulons;188;0;188
17283;Pons;4442;175;4617
17284;Pont-l'Abbé-d'Arnoult;1797;259;2056
17285;Port-d'Envaux;1003;36;1039
17484;Port-des-Barques;1835;42;1877
17286;Les Portes-en-Ré;645;22;667
17287;Pouillac;221;3;224
17288;Poursay-Garnaud;288;5;293
17289;Préguillac;406;19;425
17290;Prignac;295;5;300
17291;Puilboreau;5101;114;5215
17292;Puy-du-Lac;363;7;370
17293;Puyravault;534;9;543
17294;Puyrolland;207;7;214
17295;Réaux;455;24;479
17296;Rétaud;948;25;973
17298;Rioux;891;16;907
17297;Rivedoux-Plage;2260;44;2304
17299;Rochefort;25999;802;26801
17300;La Rochelle;76848;2673;79521
17301;Romazières;66;0;66
17302;Romegoux;612;16;628
17303;La Ronde;873;21;894
17304;Rouffiac;415;4;419
17305;Rouffignac;436;8;444
17306;Royan;18424;697;19121
17307;Sablonceaux;1154;26;1180
17308;Saint-Agnant;2329;91;2420
17309;Saint-Aigulin;1935;53;1988
17310;Saint-André-de-Lidon;897;17;914
17311;Saint-Augustin;1166;26;1192
17312;Saint-Bonnet-sur-Gironde;856;12;868
17313;Saint-Bris-des-Bois;414;15;429
17314;Saint-Césaire;915;18;933
17315;Saint-Christophe;1135;12;1147
17316;Saint-Ciers-Champagne;364;9;373
17317;Saint-Ciers-du-Taillon;498;9;507
17318;Saint-Clément-des-Baleines;724;13;737
17320;Saint-Coutant-le-Grand;315;5;320
17321;Saint-Crépin;250;6;256
17322;Saint-Cyr-du-Doret;549;9;558
17323;Saint-Denis-d'Oléron;1231;38;1269
17277;Saint-Denis-du-Pin;730;54;784
17324;Saint-Dizant-du-Bois;102;1;103
17325;Saint-Dizant-du-Gua;541;13;554
17326;Saint-Eugène;317;3;320
17327;Saint-Félix;289;1;290
17328;Saint-Fort-sur-Gironde;908;18;926
17329;Saint-Froult;270;5;275
17331;Saint-Genis-de-Saintonge;1214;58;1272
17332;Saint-Georges-Antignac;410;11;421
17337;Saint-Georges-d'Oléron;3490;57;3547
17333;Saint-Georges-de-Didonne;5040;96;5136
17334;Saint-Georges-de-Longuepierre;223;5;228
17335;Saint-Georges-des-Agoûts;260;4;264
17336;Saint-Georges-des-Coteaux;2481;74;2555
17338;Saint-Georges-du-Bois;1683;34;1717
17339;Saint-Germain-de-Lusignan;1213;117;1330
17340;Saint-Germain-de-Marencennes;1130;91;1221
17341;Saint-Germain-de-Vibrac;198;1;199
17342;Saint-Germain-du-Seudre;368;3;371
17343;Saint-Grégoire-d'Ardennes;128;0;128
17344;Saint-Hilaire-de-Villefranche;1131;29;1160
17345;Saint-Hilaire-du-Bois;279;6;285
17346;Saint-Hippolyte;1202;84;1286
17347;Saint-Jean-d'Angély;7463;565;8028
17348;Saint-Jean-d'Angle;536;5;541
17349;Saint-Jean-de-Liversay;2229;32;2261
17350;Saint-Julien-de-l'Escap;911;9;920
17351;Saint-Just-Luzac;1772;51;1823
17352;Saint-Laurent-de-la-Barrière;90;3;93
17353;Saint-Laurent-de-la-Prée;1725;35;1760
17354;Saint-Léger;562;13;575
17356;Saint-Loup;270;5;275
17357;Saint-Maigrin;553;13;566
17358;Saint-Mandé-sur-Brédoire;316;8;324
17359;Saint-Mard;975;27;1002
17361;Saint-Martial;121;2;123
17362;Saint-Martial-de-Mirambeau;237;5;242
17363;Saint-Martial-de-Vitaterne;459;11;470
17364;Saint-Martial-sur-Né;357;9;366
17365;Saint-Martin-d'Ary;502;14;516
17366;Saint-Martin-de-Coux;396;5;401
17367;Saint-Martin-de-Juillers;161;4;165
17369;Saint-Martin-de-Ré;2588;29;2617
17371;Saint-Maurice-de-Tavernole;137;3;140
17372;Saint-Médard;85;2;87
17373;Saint-Médard-d'Aunis;1558;25;1583
17375;Saint-Nazaire-sur-Charente;1028;16;1044
17377;Saint-Ouen;137;1;138
17376;Saint-Ouen-d'Aunis;1200;33;1233
17378;Saint-Palais-de-Négrignac;370;5;375
17379;Saint-Palais-de-Phiolin;247;5;252
17380;Saint-Palais-sur-Mer;3830;125;3955
17381;Saint-Pardoult;204;4;208
17382;Saint-Pierre-d'Amilly;434;9;443
17385;Saint-Pierre-d'Oléron;6204;129;6333
17383;Saint-Pierre-de-Juillers;375;11;386
17384;Saint-Pierre-de-l'Île;246;2;248
17386;Saint-Pierre-du-Palais;314;19;333
17387;Saint-Porchaire;1573;33;1606
17388;Saint-Quantin-de-Rançanne;263;7;270
17391;Saint-Rogatien;1802;51;1853
17393;Saint-Romain-de-Benet;1594;25;1619
17392;Saint-Romain-sur-Gironde;50;0;50
17394;Saint-Saturnin-du-Bois;845;18;863
17395;Saint-Sauvant;514;8;522
17396;Saint-Sauveur-d'Aunis;1410;27;1437
17397;Saint-Savinien;2372;157;2529
17398;Saint-Seurin-de-Palenne;152;2;154
17400;Saint-Sever-de-Saintonge;606;14;620
17401;Saint-Séverin-sur-Boutonne;121;5;126
17402;Saint-Sigismond-de-Clermont;159;7;166
17403;Saint-Simon-de-Bordes;664;12;676
17404;Saint-Simon-de-Pellouaille;498;1;499
17405;Saint-Sorlin-de-Conac;199;2;201
17406;Saint-Sornin;304;12;316
17408;Saint-Sulpice-d'Arnoult;610;18;628
17409;Saint-Sulpice-de-Royan;2735;59;2794
17410;Saint-Thomas-de-Conac;555;7;562
17411;Saint-Trojan-les-Bains;1484;44;1528
17412;Saint-Vaize;557;18;575
17413;Saint-Vivien;874;13;887
17414;Saint-Xandre;4519;141;4660
17319;Sainte-Colombe;120;3;123
17330;Sainte-Gemme;1218;25;1243
17355;Sainte-Lheurine;461;8;469
17360;Sainte-Marie-de-Ré;3082;85;3167
17374;Sainte-Même;237;7;244
17389;Sainte-Radegonde;433;16;449
17390;Sainte-Ramée;124;1;125
17407;Sainte-Soulle;3351;63;3414
17415;Saintes;26401;1538;27939
17416;Saleignes;67;0;67
17417;Salignac-de-Mirambeau;149;8;157
17418;Salignac-sur-Charente;626;10;636
17420;Salles-sur-Mer;1984;57;2041
17421;Saujon;6404;116;6520
17422;Seigné;102;3;105
17423;Semillac;63;1;64
17424;Semoussac;266;6;272
17425;Semussac;1829;30;1859
17426;Le Seure;238;2;240
17427;Siecq;206;6;212
17428;Sonnac;528;9;537
17429;Soubise;2824;30;2854
17430;Soubran;377;8;385
17431;Soulignonne;688;18;706
17432;Souméras;327;12;339
17433;Sousmoulins;210;7;217
17434;Surgères;6188;188;6376
17435;Taillant;154;5;159
17436;Taillebourg;741;12;753
17437;Talmont-sur-Gironde;78;1;79
17438;Tanzac;270;3;273
17439;Taugon;698;13;711
17440;Ternant;315;25;340
17441;Tesson;988;15;1003
17442;Thaims;323;9;332
17443;Thairé;1412;20;1432
17444;Thénac;1531;170;1701
17445;Thézac;327;2;329
17446;Thors;404;3;407
17447;Le Thou;1369;17;1386
17448;Tonnay-Boutonne;1159;23;1182
17449;Tonnay-Charente;7434;187;7621
17450;Torxé;235;7;242
17451;Les Touches-de-Périgny;537;6;543
17452;La Tremblade;4474;79;4553
17453;Trizay;1270;19;1289
17454;Tugéras-Saint-Maurice;332;6;338
17455;La Vallée;674;19;693
17457;Vandré;743;11;754
17458;Vanzac;174;1;175
17459;Varaize;580;18;598
17460;Varzay;731;7;738
17461;Vaux-sur-Mer;3785;71;3856
17462;Vénérand;678;11;689
17463;Vergeroux;965;17;982
17465;La Vergne;653;45;698
17464;Vergné;151;7;158
17466;Vérines;1711;35;1746
17467;Vervant;204;5;209
17468;Vibrac;161;2;163
17469;Villars-en-Pons;563;8;571
17470;Villars-les-Bois;249;2;251
17471;La Villedieu;230;0;230
17472;Villedoux;1114;16;1130
17473;Villemorin;120;4;124
17474;Villeneuve-la-Comtesse;694;16;710
17476;Villexavier;303;7;310
17477;Villiers-Couture;154;1;155
17478;Vinax;61;0;61
17479;Virollet;259;0;259
17480;Virson;656;8;664
17481;Voissay;148;7;155
17482;Vouhé;571;16;587
17483;Yves;1397;13;1410
18001;Achères;352;12;364
18002;Ainay-le-Vieil;203;5;208
18003;Les Aix-d'Angillon;1927;39;1966
18004;Allogny;987;25;1012
18005;Allouis;908;22;930
18006;Annoix;229;6;235
18007;Apremont-sur-Allier;77;1;78
18009;Arcomps;292;7;299
18010;Ardenais;195;3;198
18011;Argent-sur-Sauldre;2254;51;2305
18012;Argenvières;437;10;447
18013;Arpheuilles;340;13;353
18008;Arçay;476;9;485
18014;Assigny;155;7;162
18015;Aubigny-sur-Nère;5751;175;5926
18016;Aubinges;370;11;381
18017;Augy-sur-Aubois;301;10;311
18018;Avord;2602;57;2659
18019;Azy;474;11;485
18020;Bannay;762;18;780
18021;Bannegon;272;5;277
18022;Barlieu;401;10;411
18023;Baugy;1269;38;1307
18024;Beddes;96;0;96
18025;Beffes;692;19;711
18026;Belleville-sur-Loire;1030;27;1057
18027;Bengy-sur-Craon;663;67;730
18028;Berry-Bouy;1113;31;1144
18029;Bessais-le-Fromental;314;4;318
18030;Blancafort;1127;48;1175
18031;Blet;635;34;669
18032;Boulleret;1398;40;1438
18033;Bourges;71155;2027;73182
18034;Bouzais;266;11;277
18035;Brécy;770;25;795
18036;Brinay;499;21;520
18037;Brinon-sur-Sauldre;1042;12;1054
18038;Bruère-Allichamps;572;22;594
18039;Bué;347;14;361
18040;Bussy;368;15;383
18041;La Celette;206;1;207
18042;La Celle;360;12;372
18043;La Celle-Condé;201;5;206
18044;Cerbois;428;4;432
18045;Chalivoy-Milon;405;27;432
18046;Chambon;148;1;149
18047;La Chapelle-d'Angillon;655;14;669
18048;La Chapelle-Hugon;379;9;388
18049;La Chapelle-Montlinard;495;17;512
18050;La Chapelle-Saint-Ursin;3208;90;3298
18051;La Chapelotte;181;0;181
18052;Charenton-du-Cher;1116;29;1145
18053;Charentonnay;331;5;336
18054;Charly;230;7;237
18055;Chârost;985;16;1001
18056;Chassy;257;3;260
18057;Châteaumeillant;2088;58;2146
18058;Châteauneuf-sur-Cher;1533;40;1573
18059;Le Châtelet;1150;45;1195
18060;Chaumont;47;1;48
18061;Chaumoux-Marcilly;103;7;110
18062;Le Chautay;271;10;281
18063;Chavannes;152;2;154
18064;Chéry;221;6;227
18065;Chezal-Benoît;854;31;885
18066;Civray;1001;22;1023
18067;Clémont;665;8;673
18068;Cogny;37;1;38
18069;Colombiers;393;14;407
18070;Concressault;225;7;232
18071;Contres;29;0;29
18072;Cornusse;281;7;288
18073;Corquoy;235;2;237
18074;Couargues;218;7;225
18075;Cours-les-Barres;1106;22;1128
18076;Coust;466;10;476
18077;Couy;367;12;379
18079;Crézancy-en-Sancerre;507;7;514
18078;Crézançay-sur-Cher;66;0;66
18080;Croisy;136;3;139
18081;Crosses;310;12;322
18082;Cuffy;1108;24;1132
18083;Culan;805;16;821
18084;Dampierre-en-Crot;221;3;224
18085;Dampierre-en-Graçay;225;1;226
18086;Drevant;599;16;615
18087;Dun-sur-Auron;3881;85;3966
18088;Ennordres;223;11;234
18089;Épineuil-le-Fleuriel;452;9;461
18090;Étréchy;421;16;437
18091;Farges-Allichamps;214;2;216
18092;Farges-en-Septaine;916;18;934
18093;Faverdines;139;5;144
18094;Feux;343;6;349
18095;Flavigny;197;4;201
18096;Foëcy;2071;59;2130
18097;Fussy;1827;48;1875
18098;Gardefort;120;4;124
18099;Garigny;222;8;230
18100;Genouilly;723;16;739
18101;Germigny-l'Exempt;320;11;331
18102;Givardon;324;8;332
18103;Graçay;1532;26;1558
18104;Groises;138;3;141
18105;Gron;448;9;457
18106;Grossouvre;282;4;286
18107;La Groutte;120;5;125
18108;La Guerche-sur-l'Aubois;3410;49;3459
18109;Henrichemont;1806;54;1860
18110;Herry;1075;24;1099
18111;Humbligny;187;0;187
18112;Ids-Saint-Roch;306;15;321
18113;Ignol;159;7;166
18114;Ineuil;250;12;262
18115;Ivoy-le-Pré;864;21;885
18116;Jalognes;308;17;325
18117;Jars;488;18;506
18118;Jouet-sur-l'Aubois;1511;24;1535
18119;Jussy-Champagne;224;3;227
18120;Jussy-le-Chaudrier;609;11;620
18121;Lantan;106;3;109
18122;Lapan;149;3;152
18123;Laverdines;47;2;49
18124;Lazenay;353;5;358
18125;Léré;1226;31;1257
18126;Levet;1319;31;1350
18127;Lignières;1530;76;1606
18128;Limeux;149;3;152
18129;Lissay-Lochy;202;6;208
18130;Loye-sur-Arnon;309;7;316
18131;Lugny-Bourbonnais;33;6;39
18132;Lugny-Champagne;178;4;182
18133;Lunery;1477;43;1520
18134;Lury-sur-Arnon;688;9;697
18135;Maisonnais;214;4;218
18137;Mareuil-sur-Arnon;591;17;608
18138;Marmagne;1996;65;2061
18139;Marseilles-lès-Aubigny;685;12;697
18136;Marçais;299;17;316
18140;Massay;1425;37;1462
18141;Mehun-sur-Yèvre;6889;171;7060
18142;Meillant;784;34;818
18143;Menetou-Couture;341;3;344
18144;Menetou-Râtel;489;8;497
18145;Menetou-Salon;1667;35;1702
18146;Ménétréol-sous-Sancerre;366;12;378
18147;Ménétréol-sur-Sauldre;251;2;253
18148;Méreau;2216;58;2274
18149;Méry-ès-Bois;606;14;620
18150;Méry-sur-Cher;680;23;703
18151;Montigny;342;4;346
18152;Montlouis;117;2;119
18153;Morlac;345;3;348
18154;Mornay-Berry;201;3;204
18155;Mornay-sur-Allier;450;20;470
18156;Morogues;468;10;478
18157;Morthomiers;673;15;688
18158;Moulins-sur-Yèvre;567;10;577
18159;Nançay;855;47;902
18160;Nérondes;1509;32;1541
18161;Neuilly-en-Dun;300;3;303
18162;Neuilly-en-Sancerre;231;4;235
18163;Neuvy-Deux-Clochers;303;5;308
18164;Neuvy-le-Barrois;158;0;158
18165;Neuvy-sur-Barangeon;1241;58;1299
18166;Nohant-en-Goût;548;14;562
18167;Nohant-en-Graçay;312;6;318
18168;Le Noyer;272;5;277
18169;Nozières;230;5;235
18170;Oizon;730;29;759
18171;Orcenais;265;1;266
18172;Orval;1893;49;1942
18173;Osmery;255;8;263
18174;Osmoy;189;11;200
18175;Ourouer-les-Bourdelins;646;15;661
18176;Parassy;407;13;420
18177;Parnay;62;2;64
18178;La Perche;251;5;256
18179;Pigny;743;28;771
18180;Plaimpied-Givaudins;1678;60;1738
18181;Plou;458;17;475
18182;Poisieux;206;2;208
18183;Le Pondy;113;1;114
18184;Précy;341;8;349
18185;Presly;251;4;255
18186;Preuilly;470;12;482
18187;Préveranges;585;22;607
18188;Primelles;262;8;270
18189;Quantilly;435;12;447
18190;Quincy;825;30;855
18191;Raymond;199;4;203
18192;Reigny;270;9;279
18193;Rezay;229;8;237
18194;Rians;1047;27;1074
18195;Sagonne;229;2;231
18196;Saint-Aignan-des-Noyers;97;1;98
18197;Saint-Amand-Montrond;11464;480;11944
18198;Saint-Ambroix;388;8;396
18199;Saint-Baudel;291;6;297
18200;Saint-Bouize;321;3;324
18201;Saint-Caprais;595;10;605
18202;Saint-Céols;17;0;17
18203;Saint-Christophe-le-Chaudry;118;3;121
18204;Saint-Denis-de-Palin;335;11;346
18205;Saint-Doulchard;8941;325;9266
18206;Saint-Éloy-de-Gy;1513;46;1559
18207;Saint-Florent-sur-Cher;6724;188;6912
18209;Saint-Georges-de-Poisieux;382;15;397
18210;Saint-Georges-sur-la-Prée;631;9;640
18211;Saint-Georges-sur-Moulon;733;17;750
18212;Saint-Germain-des-Bois;572;9;581
18213;Saint-Germain-du-Puy;4846;108;4954
18214;Saint-Hilaire-de-Court;734;16;750
18215;Saint-Hilaire-de-Gondilly;198;6;204
18216;Saint-Hilaire-en-Lignières;512;12;524
18217;Saint-Jeanvrin;158;10;168
18218;Saint-Just;586;14;600
18219;Saint-Laurent;393;5;398
18220;Saint-Léger-le-Petit;392;5;397
18221;Saint-Loup-des-Chaumes;285;9;294
18223;Saint-Martin-d'Auxigny;2084;58;2142
18224;Saint-Martin-des-Champs;341;16;357
18225;Saint-Maur;286;8;294
18226;Saint-Michel-de-Volangis;439;11;450
18228;Saint-Outrille;214;8;222
18229;Saint-Palais;629;17;646
18230;Saint-Pierre-les-Bois;317;8;325
18231;Saint-Pierre-les-Étieux;731;22;753
18232;Saint-Priest-la-Marche;232;9;241
18233;Saint-Satur;1657;41;1698
18234;Saint-Saturnin;428;17;445
18236;Saint-Symphorien;121;6;127
18238;Saint-Vitte;138;3;141
18208;Sainte-Gemme-en-Sancerrois;382;10;392
18222;Sainte-Lunaise;23;7;30
18227;Sainte-Montaine;220;5;225
18235;Sainte-Solange;1204;20;1224
18237;Sainte-Thorette;480;12;492
18239;Saligny-le-Vif;159;4;163
18240;Sancergues;698;22;720
18241;Sancerre;1727;54;1781
18242;Sancoins;3177;57;3234
18243;Santranges;428;4;432
18244;Saugy;57;4;61
18245;Saulzais-le-Potier;531;10;541
18246;Savigny-en-Sancerre;1078;24;1102
18247;Savigny-en-Septaine;666;25;691
18248;Senneçay;431;16;447
18249;Sens-Beaujeu;427;6;433
18250;Serruelles;55;0;55
18251;Sévry;71;1;72
18252;Sidiailles;313;3;316
18253;Soulangis;423;14;437
18254;Soye-en-Septaine;565;16;581
18255;Le Subdray;826;15;841
18256;Subligny;353;8;361
18258;Sury-en-Vaux;721;15;736
18259;Sury-ès-Bois;293;4;297
18257;Sury-près-Léré;555;18;573
18260;Tendron;119;4;123
18261;Thaumiers;412;10;422
18262;Thauvenay;342;15;357
18263;Thénioux;589;18;607
18264;Thou;78;2;80
18265;Torteron;811;12;823
18266;Touchay;278;7;285
18267;Trouy;3826;123;3949
18268;Uzay-le-Venon;393;13;406
18269;Vailly-sur-Sauldre;825;88;913
18270;Vallenay;693;21;714
18271;Vasselay;1145;45;1190
18272;Veaugues;660;11;671
18273;Venesmes;867;24;891
18274;Verdigny;280;14;294
18275;Vereaux;168;3;171
18276;Vernais;219;2;221
18277;Verneuil;47;2;49
18278;Vesdun;631;11;642
18279;Vierzon;27723;662;28385
18280;Vignoux-sous-les-Aix;707;23;730
18281;Vignoux-sur-Barangeon;2042;58;2100
18282;Villabon;535;9;544
18283;Villecelin;106;0;106
18284;Villegenon;226;7;233
18285;Villeneuve-sur-Cher;417;6;423
18286;Villequiers;516;4;520
18287;Vinon;267;3;270
18288;Vorly;242;9;251
18289;Vornay;512;13;525
18290;Vouzeron;556;12;568
19001;Affieux;368;12;380
19002;Aix;380;13;393
19003;Albignac;258;7;265
19004;Albussac;695;18;713
19005;Allassac;3685;102;3787
19006;Alleyrat;103;5;108
19007;Altillac;844;19;863
19008;Ambrugeat;208;11;219
19009;Les Angles-sur-Corrèze;102;6;108
19010;Argentat;3105;230;3335
19011;Arnac-Pompadour;1264;15;1279
19012;Astaillac;219;6;225
19013;Aubazines;807;15;822
19014;Auriac;218;3;221
19015;Ayen;694;20;714
19016;Bar;322;12;334
19017;Bassignac-le-Bas;94;3;97
19018;Bassignac-le-Haut;178;8;186
19019;Beaulieu-sur-Dordogne;1288;38;1326
19020;Beaumont;121;5;126
19021;Bellechassagne;73;2;75
19022;Benayes;272;8;280
19023;Beynat;1225;21;1246
19024;Beyssac;761;17;778
19025;Beyssenac;361;4;365
19026;Bilhac;218;7;225
19027;Bonnefond;131;7;138
19028;Bort-les-Orgues;3247;125;3372
19029;Branceilles;247;3;250
19030;Brignac-la-Plaine;796;27;823
19031;Brive-la-Gaillarde;50231;1398;51629
19032;Brivezac;187;2;189
19033;Bugeat;926;24;950
19034;Camps-Saint-Mathurin-Léobazel;249;9;258
19035;Chabrignac;499;8;507
19036;Chamberet;1319;29;1348
19037;Chamboulive;1294;24;1318
19038;Chameyrat;1584;56;1640
19039;Champagnac-la-Noaille;218;3;221
19040;Champagnac-la-Prune;166;2;168
19041;Chanac-les-Mines;509;11;520
19042;Chanteix;559;18;577
19043;La Chapelle-aux-Brocs;366;6;372
19044;La Chapelle-aux-Saints;203;1;204
19045;La Chapelle-Saint-Géraud;216;5;221
19046;Chapelle-Spinasse;113;6;119
19047;Chartrier-Ferrière;339;4;343
19048;Le Chastang;330;10;340
19049;Chasteaux;536;13;549
19050;Chauffour-sur-Vell;368;12;380
19051;Chaumeil;159;5;164
19052;Chavanac;61;2;63
19053;Chaveroche;199;8;207
19054;Chenailler-Mascheix;160;4;164
19055;Chirac-Bellevue;259;5;264
19056;Clergoux;370;8;378
19057;Collonges-la-Rouge;455;20;475
19058;Combressol;354;9;363
19059;Concèze;406;12;418
19060;Condat-sur-Ganaveix;657;10;667
19167;Confolent-Port-Dieu;29;2;31
19061;Cornil;1393;22;1415
19062;Corrèze;1177;37;1214
19063;Cosnac;2824;89;2913
19064;Couffy-sur-Sarsonne;74;2;76
19065;Courteix;65;3;68
19066;Cublac;1622;35;1657
19067;Curemonte;216;4;220
19068;Dampniat;648;15;663
19069;Darazac;158;9;167
19070;Darnets;343;7;350
19071;Davignac;254;6;260
19072;Donzenac;2387;28;2415
19073;Égletons;4355;726;5081
19074;L' Église-aux-Bois;37;0;37
19075;Espagnac;339;11;350
19076;Espartignac;367;11;378
19077;Estivals;130;3;133
19078;Estivaux;373;8;381
19079;Eyburie;489;7;496
19080;Eygurande;710;20;730
19081;Eyrein;515;9;524
19082;Favars;939;32;971
19083;Feyt;100;3;103
19084;Forgès;316;10;326
19085;Gimel-les-Cascades;700;3;703
19086;Goulles;346;9;355
19087;Gourdon-Murat;122;3;125
19088;Grandsaigne;47;0;47
19089;Gros-Chastang;172;4;176
19090;Gumond;114;0;114
19091;Hautefage;307;10;317
19092;Le Jardin;75;3;78
19093;Jugeals-Nazareth;802;16;818
19094;Juillac;1164;28;1192
19095;Lacelle;140;10;150
19096;Ladignac-sur-Rondelles;441;21;462
19097;Lafage-sur-Sombre;121;5;126
19098;Lagarde-Enval;744;20;764
19099;Lagleygeolle;236;3;239
19100;Lagraulière;1060;15;1075
19101;Laguenne;1469;57;1526
19102;Lamazière-Basse;276;16;292
19103;Lamazière-Haute;73;3;76
19104;Lamongerie;105;1;106
19105;Lanteuil;500;10;510
19106;Lapleau;408;10;418
19107;Larche;1643;38;1681
19108;Laroche-près-Feyt;79;2;81
19109;Lascaux;170;9;179
19110;Latronche;134;6;140
19111;Laval-sur-Luzège;91;1;92
19112;Lestards;110;4;114
19113;Liginiac;617;69;686
19114;Lignareix;156;9;165
19115;Ligneyrac;296;12;308
19116;Liourdres;208;5;213
19117;Lissac-sur-Couze;683;11;694
19118;Le Lonzac;811;17;828
19119;Lostanges;129;3;132
19120;Louignac;228;6;234
19121;Lubersac;2267;63;2330
19122;Madranges;187;2;189
19123;Malemort-sur-Corrèze;7174;171;7345
19124;Mansac;1372;33;1405
19127;Marc-la-Tour;158;6;164
19125;Marcillac-la-Croisille;829;16;845
19126;Marcillac-la-Croze;195;3;198
19128;Margerides;250;5;255
19129;Masseret;666;13;679
19130;Maussac;391;3;394
19131;Meilhards;529;9;538
19132;Ménoire;83;1;84
19133;Mercoeur;248;16;264
19134;Merlines;818;26;844
19135;Mestes;296;17;313
19136;Meymac;2643;187;2830
19137;Meyrignac-l'Église;52;3;55
19138;Meyssac;1222;77;1299
19139;Millevaches;90;3;93
19140;Monceaux-sur-Dordogne;682;27;709
19141;Monestier-Merlines;314;10;324
19142;Monestier-Port-Dieu;124;1;125
19143;Montaignac-Saint-Hippolyte;548;18;566
19144;Montgibaud;231;5;236
19145;Moustier-Ventadour;455;23;478
19146;Naves;2260;227;2487
19147;Nespouls;594;17;611
19148;Neuvic;1887;286;2173
19149;Neuville;196;4;200
19150;Noailhac;329;2;331
19151;Noailles;780;25;805
19152;Nonards;401;11;412
19153;Objat;3490;93;3583
19154;Orgnac-sur-Vézère;304;11;315
19155;Orliac-de-Bar;260;4;264
19156;Palazinges;111;0;111
19157;Palisse;229;5;234
19158;Pandrignes;170;8;178
19159;Péret-Bel-Air;100;4;104
19160;Pérols-sur-Vézère;184;4;188
19161;Perpezac-le-Blanc;445;8;453
19162;Perpezac-le-Noir;1021;17;1038
19163;Le Pescher;274;5;279
19164;Peyrelevade;831;22;853
19165;Peyrissac;136;2;138
19166;Pierrefitte;79;2;81
19168;Pradines;103;3;106
19169;Puy-d'Arnac;264;7;271
19170;Queyssac-les-Vignes;191;5;196
19171;Reygade;185;2;187
19172;Rilhac-Treignac;114;1;115
19173;Rilhac-Xaintrie;308;8;316
19174;La Roche-Canillac;182;9;191
19175;Roche-le-Peyroux;85;4;89
19176;Rosiers-d'Égletons;1078;30;1108
19177;Rosiers-de-Juillac;184;2;186
19178;Sadroc;755;13;768
19179;Saillac;176;5;181
19180;Saint-Angel;675;20;695
19181;Saint-Augustin;438;2;440
19182;Saint-Aulaire;813;19;832
19183;Saint-Bazile-de-la-Roche;163;10;173
19184;Saint-Bazile-de-Meyssac;156;2;158
19185;Saint-Bonnet-Avalouze;206;3;209
19186;Saint-Bonnet-Elvert;183;5;188
19188;Saint-Bonnet-l'Enfantier;319;4;323
19187;Saint-Bonnet-la-Rivière;343;9;352
19189;Saint-Bonnet-les-Tours-de-Merle;43;1;44
19190;Saint-Bonnet-près-Bort;182;2;184
19191;Saint-Cernin-de-Larche;558;19;577
19192;Saint-Chamant;511;15;526
19193;Saint-Cirgues-la-Loutre;195;7;202
19194;Saint-Clément;1204;26;1230
19195;Saint-Cyprien;299;5;304
19196;Saint-Cyr-la-Roche;417;9;426
19198;Saint-Éloy-les-Tuileries;119;9;128
19199;Saint-Étienne-aux-Clos;235;8;243
19200;Saint-Étienne-la-Geneste;75;2;77
19201;Saint-Exupéry-les-Roches;526;24;550
19204;Saint-Fréjoux;269;7;276
19205;Saint-Geniez-ô-Merle;105;7;112
19206;Saint-Germain-Lavolps;92;1;93
19207;Saint-Germain-les-Vergnes;924;15;939
19208;Saint-Hilaire-Foissac;214;3;217
19209;Saint-Hilaire-les-Courbes;161;9;170
19210;Saint-Hilaire-Luc;78;3;81
19211;Saint-Hilaire-Peyroux;887;11;898
19212;Saint-Hilaire-Taurieux;97;2;99
19213;Saint-Jal;637;7;644
19214;Saint-Julien-aux-Bois;475;29;504
19215;Saint-Julien-le-Pèlerin;141;3;144
19216;Saint-Julien-le-Vendômois;271;11;282
19217;Saint-Julien-Maumont;160;1;161
19218;Saint-Julien-près-Bort;417;9;426
19220;Saint-Martial-de-Gimel;495;19;514
19221;Saint-Martial-Entraygues;88;2;90
19222;Saint-Martin-la-Méanne;361;6;367
19223;Saint-Martin-Sepert;256;4;260
19225;Saint-Merd-de-Lapleau;130;1;131
19226;Saint-Merd-les-Oussines;119;5;124
19227;Saint-Mexant;1086;18;1104
19228;Saint-Pantaléon-de-Lapleau;68;5;73
19229;Saint-Pantaléon-de-Larche;4507;118;4625
19230;Saint-Pardoux-Corbier;349;8;357
19234;Saint-Pardoux-l'Ortigier;461;5;466
19231;Saint-Pardoux-la-Croisille;169;6;175
19232;Saint-Pardoux-le-Neuf;66;5;71
19233;Saint-Pardoux-le-Vieux;286;8;294
19235;Saint-Paul;231;5;236
19236;Saint-Priest-de-Gimel;463;10;473
19237;Saint-Privat;1115;20;1135
19238;Saint-Rémy;236;4;240
19239;Saint-Robert;341;9;350
19240;Saint-Salvadour;291;6;297
19241;Saint-Setiers;237;3;240
19242;Saint-Solve;387;8;395
19243;Saint-Sornin-Lavolps;928;20;948
19244;Saint-Sulpice-les-Bois;69;1;70
19245;Saint-Sylvain;145;3;148
19246;Saint-Viance;1595;56;1651
19247;Saint-Victour;172;2;174
19248;Saint-Ybard;650;9;659
19249;Saint-Yrieix-le-Déjalat;402;6;408
19202;Sainte-Féréole;1733;42;1775
19203;Sainte-Fortunade;1762;103;1865
19219;Sainte-Marie-Lapanouze;57;1;58
19250;Salon-la-Tour;705;8;713
19251;Sarran;273;8;281
19252;Sarroux;428;6;434
19253;Segonzac;231;5;236
19254;Ségur-le-Château;228;6;234
19255;Seilhac;1750;56;1806
19256;Sérandon;347;12;359
19257;Sérilhac;291;2;293
19258;Servières-le-Château;686;25;711
19259;Sexcles;223;4;227
19260;Sioniac;240;7;247
19261;Sornac;817;15;832
19262;Soudaine-Lavinadière;217;2;219
19263;Soudeilles;286;14;300
19264;Soursac;484;22;506
19265;Tarnac;327;10;337
19266;Thalamy;85;2;87
19268;Toy-Viam;31;0;31
19269;Treignac;1384;92;1476
19270;Troche;515;1;516
19271;Tudeils;242;8;250
19272;Tulle;15647;827;16474
19273;Turenne;791;21;812
19274;Ussac;3566;125;3691
19275;Ussel;10328;484;10812
19276;Uzerche;3195;76;3271
19277;Valiergues;142;2;144
19278;Varetz;2109;32;2141
19279;Vars-sur-Roseix;295;7;302
19280;Végennes;167;9;176
19281;Veix;71;0;71
19282;Venarsal;428;11;439
19283;Veyrières;57;2;59
19284;Viam;118;1;119
19285;Vigeois;1115;17;1132
19286;Vignols;570;15;585
19287;Vitrac-sur-Montane;252;5;257
19288;Voutezac;1195;143;1338
19289;Yssandon;616;17;633
2A001;Afa;2655;65;2720
2A004;Ajaccio;64432;831;65263
2A006;Alata;2962;72;3034
2A008;Albitreccia;1379;12;1391
2A011;Altagène;50;3;53
2A014;Ambiegna;59;1;60
2A017;Appietto;1322;21;1343
2A018;Arbellara;133;1;134
2A019;Arbori;66;2;68
2A021;Argiusta-Moriccio;88;3;91
2A022;Arro;73;1;74
2A024;Aullène;179;5;184
2A026;Azilone-Ampaza;133;1;134
2A027;Azzana;53;1;54
2A028;Balogna;133;4;137
2A031;Bastelica;525;5;530
2A032;Bastelicaccia;3185;84;3269
2A035;Belvédère-Campomoro;162;5;167
2A038;Bilia;49;0;49
2A040;Bocognano;466;11;477
2A041;Bonifacio;2852;53;2905
2A048;Calcatoggio;459;11;470
2A056;Campo;76;3;79
2A060;Cannelle;46;2;48
2A061;Carbini;102;6;108
2A062;Carbuccia;316;5;321
2A064;Cardo-Torgia;42;0;42
2A065;Cargèse;1137;17;1154
2A066;Cargiaca;58;1;59
2A070;Casaglione;342;4;346
2A071;Casalabriva;179;3;182
2A085;Cauro;1264;41;1305
2A089;Ciamannacce;131;2;133
2A090;Coggia;852;24;876
2A091;Cognocoli-Monticchi;183;0;183
2A092;Conca;1015;15;1030
2A094;Corrano;87;0;87
2A098;Coti-Chiavari;705;11;716
2A099;Cozzano;258;2;260
2A100;Cristinacce;60;1;61
2A103;Cuttoli-Corticchiato;1819;39;1858
2A104;Eccica-Suarella;862;24;886
2A108;Évisa;182;7;189
2A114;Figari;1141;27;1168
2A115;Foce;132;6;138
2A117;Forciolo;76;0;76
2A118;Fozzano;192;9;201
2A119;Frasseto;124;2;126
2A127;Giuncheto;89;1;90
2A128;Granace;58;1;59
2A129;Grossa;53;1;54
2A130;Grosseto-Prugna;2594;50;2644
2A131;Guagno;154;4;158
2A132;Guargualé;120;0;120
2A133;Guitera-les-Bains;111;5;116
2A139;Lecci;1088;26;1114
2A141;Letia;109;4;113
2A142;Levie;750;11;761
2A144;Lopigna;108;0;108
2A146;Loreto-di-Tallano;46;1;47
2A154;Marignana;107;5;112
2A158;Mela;32;0;32
2A160;Moca-Croce;227;4;231
2A163;Monacia-d'Aullène;485;7;492
2A174;Murzo;97;4;101
2A181;Ocana;509;12;521
2A186;Olivese;266;3;269
2A189;Olmeto;1199;22;1221
2A191;Olmiccia;100;1;101
2A196;Orto;55;0;55
2A197;Osani;102;3;105
2A198;Ota;538;14;552
2A200;Palneca;154;6;160
2A203;Partinello;101;2;103
2A204;Pastricciola;84;2;86
2A209;Peri;1516;22;1538
2A211;Petreto-Bicchisano;566;11;577
2A212;Piana;439;17;456
2A215;Pianottoli-Caldarello;834;12;846
2A228;Pietrosella;1223;33;1256
2A232;Pila-Canale;282;2;284
2A240;Poggiolo;91;5;96
2A247;Porto-Vecchio;11326;396;11722
2A249;Propriano;3243;50;3293
2A253;Quasquara;56;2;58
2A254;Quenza;235;12;247
2A258;Renno;84;3;87
2A259;Rezza;81;0;81
2A262;Rosazia;55;0;55
2A308;Sainte-Lucie-de-Tallano;363;9;372
2A266;Salice;102;2;104
2A268;Sampolo;57;0;57
2A300;San-Gavino-di-Carbini;991;21;1012
2A295;Sant'Andréa-d'Orcino;76;2;78
2A310;Santa-Maria-Figaniella;82;0;82
2A312;Santa-Maria-Siché;373;4;377
2A270;Sari-d'Orcino;305;1;306
2A269;Sari-Solenzara;1191;21;1212
2A271;Sarrola-Carcopino;1861;26;1887
2A272;Sartène;3055;103;3158
2A276;Serra-di-Ferro;427;8;435
2A278;Serra-di-Scopamène;108;0;108
2A279;Serriera;105;2;107
2A282;Soccia;142;5;147
2A284;Sollacaro;342;8;350
2A285;Sorbollano;80;0;80
2A288;Sotta;872;10;882
2A322;Tasso;95;3;98
2A323;Tavaco;263;4;267
2A324;Tavera;376;6;382
2A326;Tolla;119;1;120
2A330;Ucciani;442;9;451
2A331;Urbalacone;63;2;65
2A336;Valle-di-Mezzana;293;3;296
2A345;Vero;451;6;457
2A348;Vico;932;30;962
2A349;Viggianello;565;9;574
2A351;Villanova;355;8;363
2A357;Zérubia;28;4;32
2A358;Zévaco;61;2;63
2A359;Zicavo;245;11;256
2A360;Zigliara;137;3;140
2A362;Zonza;2179;44;2223
2A363;Zoza;63;1;64
2B002;Aghione;234;6;240
2B003;Aiti;31;0;31
2B005;Alando;26;1;27
2B007;Albertacce;226;6;232
2B009;Aléria;2007;47;2054
2B010;Algajola;297;3;300
2B012;Altiani;103;0;103
2B013;Alzi;15;0;15
2B015;Ampriani;9;0;9
2B016;Antisanti;378;7;385
2B020;Aregno;613;8;621
2B023;Asco;131;1;132
2B025;Avapessa;81;4;85
2B029;Barbaggio;206;1;207
2B030;Barrettali;159;0;159
2B033;Bastia;43315;634;43949
2B034;Belgodère;467;10;477
2B036;Bigorno;79;1;80
2B037;Biguglia;6215;124;6339
2B039;Bisinchi;198;5;203
2B042;Borgo;7030;80;7110
2B043;Brando;1537;30;1567
2B045;Bustanico;66;0;66
2B046;Cagnano;196;4;200
2B047;Calacuccia;333;7;340
2B049;Calenzana;1831;34;1865
2B050;Calvi;5441;105;5546
2B051;Cambia;75;3;78
2B052;Campana;23;1;24
2B053;Campi;24;0;24
2B054;Campile;198;2;200
2B055;Campitello;101;1;102
2B057;Canale-di-Verde;330;8;338
2B058;Canari;325;5;330
2B059;Canavaggia;110;0;110
2B063;Carcheto-Brustico;24;0;24
2B067;Carpineto;24;0;24
2B068;Carticasi;30;3;33
2B069;Casabianca;81;2;83
2B072;Casalta;53;0;53
2B073;Casamaccioli;98;3;101
2B074;Casanova;339;7;346
2B075;Casevecchie;65;0;65
2B077;Castellare-di-Casinca;555;4;559
2B078;Castellare-di-Mercurio;34;0;34
2B079;Castello-di-Rostino;351;3;354
2B080;Castifao;153;4;157
2B081;Castiglione;33;0;33
2B082;Castineta;54;3;57
2B083;Castirla;176;1;177
2B084;Cateri;209;4;213
2B086;Centuri;228;4;232
2B087;Cervione;1628;19;1647
2B088;Chiatra;210;5;215
2B366;Chisa;99;0;99
2B093;Corbara;914;21;935
2B095;Corscia;164;2;166
2B096;Corte;6747;85;6832
2B097;Costa;60;4;64
2B101;Croce;82;1;83
2B102;Crocicchia;42;0;42
2B105;Erbajolo;108;1;109
2B106;Érone;6;1;7
2B107;Ersa;151;0;151
2B109;Farinole;210;9;219
2B110;Favalello;39;1;40
2B111;Felce;49;0;49
2B112;Feliceto;210;3;213
2B113;Ficaja;49;0;49
2B116;Focicchia;40;1;41
2B120;Furiani;4677;154;4831
2B121;Galéria;340;8;348
2B122;Gavignano;50;0;50
2B123;Ghisonaccia;3360;70;3430
2B124;Ghisoni;229;3;232
2B125;Giocatojo;47;0;47
2B126;Giuncaggio;66;1;67
2B134;L' Île-Rousse;2765;58;2823
2B135;Isolaccio-di-Fiumorbo;391;3;394
2B136;Lama;171;5;176
2B137;Lano;22;1;23
2B138;Lavatoggio;137;3;140
2B140;Lento;116;4;120
2B143;Linguizzetta;1015;6;1021
2B145;Loreto-di-Casinca;249;3;252
2B147;Lozzi;130;0;130
2B148;Lucciana;4010;37;4047
2B149;Lugo-di-Nazza;114;0;114
2B150;Lumio;1110;25;1135
2B152;Luri;712;15;727
2B153;Manso;106;3;109
2B155;Matra;50;0;50
2B156;Mausoléo;13;0;13
2B157;Mazzola;25;1;26
2B159;Meria;99;4;103
2B161;Moïta;79;0;79
2B162;Moltifao;682;5;687
2B164;Monacia-d'Orezza;32;0;32
2B165;Moncale;237;5;242
2B166;Monte;510;9;519
2B167;Montegrosso;414;12;426
2B168;Monticello;1665;44;1709
2B169;Morosaglia;1065;5;1070
2B170;Morsiglia;144;3;147
2B171;Muracciole;45;0;45
2B172;Murato;592;8;600
2B173;Muro;263;11;274
2B175;Nessa;106;2;108
2B176;Nocario;54;0;54
2B177;Noceta;60;0;60
2B178;Nonza;67;6;73
2B179;Novale;52;1;53
2B180;Novella;80;0;80
2B182;Occhiatana;173;3;176
2B183;Ogliastro;107;1;108
2B184;Olcani;58;0;58
2B185;Oletta;1282;18;1300
2B187;Olmeta-di-Capocorso;129;2;131
2B188;Olmeta-di-Tuda;328;3;331
2B190;Olmi-Cappella;183;6;189
2B192;Olmo;206;2;208
2B193;Omessa;579;9;588
2B194;Ortale;31;1;32
2B195;Ortiporio;124;1;125
2B199;Palasca;134;3;137
2B201;Pancheraccia;182;4;186
2B202;Parata;33;0;33
2B205;Patrimonio;667;16;683
2B206;Penta-Acquatella;42;0;42
2B207;Penta-di-Casinca;2808;29;2837
2B208;Perelli;118;0;118
2B210;Pero-Casevecchie;115;1;116
2B213;Pianello;80;1;81
2B214;Piano;36;0;36
2B216;Piazzali;14;1;15
2B217;Piazzole;47;0;47
2B222;Pie-d'Orezza;34;0;34
2B218;Piedicorte-di-Gaggio;119;0;119
2B219;Piedicroce;123;2;125
2B220;Piedigriggio;137;3;140
2B221;Piedipartino;17;1;18
2B225;Pietra-di-Verde;129;2;131
2B224;Pietracorbara;541;11;552
2B223;Pietralba;417;10;427
2B226;Pietraserena;75;1;76
2B227;Pietricaggio;51;1;52
2B229;Pietroso;262;5;267
2B230;Piève;121;2;123
2B231;Pigna;97;2;99
2B233;Pino;176;1;177
2B234;Piobetta;25;0;25
2B235;Pioggiola;89;0;89
2B239;Poggio-d'Oletta;223;10;233
2B236;Poggio-di-Nazza;180;4;184
2B238;Poggio-di-Venaco;183;3;186
2B241;Poggio-Marinaccio;25;0;25
2B242;Poggio-Mezzana;648;10;658
2B243;Polveroso;42;0;42
2B244;Popolasca;47;3;50
2B245;Porri;57;1;58
2B246;La Porta;240;6;246
2B248;Prato-di-Giovellina;53;1;54
2B250;Prunelli-di-Casacconi;161;3;164
2B251;Prunelli-di-Fiumorbo;3119;49;3168
2B252;Pruno;194;5;199
2B255;Quercitello;54;2;56
2B256;Rapaggio;18;0;18
2B257;Rapale;152;5;157
2B260;Riventosa;173;6;179
2B261;Rogliano;539;10;549
2B263;Rospigliani;82;1;83
2B264;Rusio;79;0;79
2B265;Rutali;316;10;326
2B298;Saint-Florent;1635;47;1682
2B267;Saliceto;65;0;65
2B297;San-Damiano;47;0;47
2B299;San-Gavino-d'Ampugnani;94;3;97
2B365;San-Gavino-di-Fiumorbo;185;6;191
2B301;San-Gavino-di-Tenda;51;0;51
2B302;San-Giovanni-di-Moriani;104;1;105
2B303;San-Giuliano;605;5;610
2B304;San-Lorenzo;146;1;147
2B305;San-Martino-di-Lota;2726;47;2773
2B313;San-Nicolao;1518;19;1537
2B292;Sant'Andréa-di-Bozio;85;2;87
2B293;Sant'Andréa-di-Cotone;222;2;224
2B296;Sant'Antonino;91;3;94
2B306;Santa-Lucia-di-Mercurio;87;2;89
2B307;Santa-Lucia-di-Moriani;1247;11;1258
2B309;Santa-Maria-di-Lota;1938;66;2004
2B311;Santa-Maria-Poggio;649;11;660
2B316;Santa-Reparata-di-Balagna;953;18;971
2B317;Santa-Reparata-di-Moriani;46;2;48
2B314;Santo-Pietro-di-Tenda;334;3;337
2B315;Santo-Pietro-di-Venaco;212;1;213
2B273;Scata;44;0;44
2B274;Scolca;101;1;102
2B275;Sermano;78;3;81
2B277;Serra-di-Fiumorbo;298;5;303
2B280;Silvareccio;119;0;119
2B281;Sisco;923;14;937
2B283;Solaro;646;20;666
2B286;Sorbo-Ocagnano;724;10;734
2B287;Sorio;153;5;158
2B289;Soveria;106;0;106
2B290;Speloncato;269;11;280
2B291;Stazzona;38;5;43
2B318;Taglio-Isolaccio;523;8;531
2B319;Talasani;557;12;569
2B320;Tallone;309;3;312
2B321;Tarrano;16;0;16
2B327;Tomino;218;6;224
2B328;Tox;111;0;111
2B329;Tralonca;90;1;91
2B332;Urtaca;195;11;206
2B334;Valle-d'Alesani;143;1;144
2B338;Valle-d'Orezza;46;1;47
2B335;Valle-di-Campoloro;287;8;295
2B337;Valle-di-Rostino;126;8;134
2B333;Vallecalle;105;1;106
2B339;Vallica;41;0;41
2B340;Velone-Orneto;110;0;110
2B341;Venaco;745;8;753
2B342;Ventiseri;2216;48;2264
2B343;Venzolasca;1688;15;1703
2B344;Verdèse;29;0;29
2B346;Vescovato;2295;37;2332
2B347;Vezzani;307;8;315
2B350;Vignale;174;2;176
2B352;Ville-di-Paraso;182;0;182
2B353;Ville-di-Pietrabugno;3075;100;3175
2B354;Vivario;515;2;517
2B355;Volpajola;433;3;436
2B356;Zalana;146;2;148
2B361;Zilia;227;2;229
2B364;Zuani;49;0;49
21001;Agencourt;395;68;463
21002;Agey;270;14;284
21003;Ahuy;1301;37;1338
21004;Aignay-le-Duc;365;14;379
21005;Aiserey;1330;20;1350
21006;Aisey-sur-Seine;218;41;259
21007;Aisy-sous-Thil;212;67;279
21008;Alise-Sainte-Reine;660;21;681
21009;Allerey;172;4;176
21010;Aloxe-Corton;180;7;187
21012;Ampilly-le-Sec;372;12;384
21011;Ampilly-les-Bordes;67;3;70
21013;Ancey;377;6;383
21014;Antheuil;66;0;66
21015;Antigny-la-Ville;113;5;118
21021;Arc-sur-Tille;2456;45;2501
21016;Arceau;627;17;644
21017;Arcenant;477;13;490
21018;Arcey;41;0;41
21020;Arconcey;187;3;190
21022;Argilly;443;11;454
21023;Arnay-le-Duc;1690;103;1793
21024;Arnay-sous-Vitteaux;123;2;125
21025;Arrans;68;1;69
21026;Asnières-en-Montagne;180;3;183
21027;Asnières-lès-Dijon;1191;24;1215
21028;Athée;751;8;759
21029;Athie;90;1;91
21030;Aubaine;84;0;84
21031;Aubigny-en-Plaine;341;4;345
21032;Aubigny-la-Ronce;164;7;171
21033;Aubigny-lès-Sombernon;125;1;126
21034;Autricourt;117;1;118
21035;Auvillars-sur-Saône;283;9;292
21036;Auxant;59;1;60
21037;Auxey-Duresses;337;13;350
21038;Auxonne;7717;133;7850
21039;Avelanges;44;0;44
21040;Avosnes;73;2;75
21041;Avot;135;4;139
21042;Bagnot;127;3;130
21043;Baigneux-les-Juifs;260;29;289
21044;Balot;91;1;92
21045;Barbirey-sur-Ouche;273;3;276
21046;Bard-le-Régulier;66;2;68
21047;Bard-lès-Époisses;76;2;78
21048;Barges;441;6;447
21049;Barjon;42;0;42
21050;Baubigny;268;5;273
21051;Baulme-la-Roche;125;5;130
21052;Beaulieu;29;0;29
21053;Beaumont-sur-Vingeanne;172;5;177
21054;Beaune;22012;707;22719
21055;Beaunotte;22;0;22
21056;Beire-le-Châtel;787;31;818
21057;Beire-le-Fort;286;10;296
21058;Belan-sur-Ource;265;5;270
21059;Bellefond;812;30;842
21060;Belleneuve;1424;25;1449
21061;Bellenod-sur-Seine;78;2;80
21062;Bellenot-sous-Pouilly;212;8;220
21063;Beneuvre;96;2;98
21064;Benoisey;73;0;73
21065;Bessey-en-Chaume;100;2;102
21066;Bessey-la-Cour;75;0;75
21067;Bessey-lès-Cîteaux;646;12;658
21068;Beurey-Bauguay;133;2;135
21069;Beurizot;114;7;121
21070;Bévy;94;2;96
21071;Bèze;714;12;726
21072;Bézouotte;202;6;208
21073;Bierre-lès-Semur;84;4;88
21074;Billey;204;6;210
21075;Billy-lès-Chanceaux;81;1;82
21076;Binges;618;15;633
21077;Bissey-la-Côte;97;2;99
21078;Bissey-la-Pierre;80;2;82
21079;Blagny-sur-Vingeanne;126;3;129
21080;Blaisy-Bas;692;17;709
21081;Blaisy-Haut;117;1;118
21082;Blancey;72;3;75
21083;Blanot;132;7;139
21085;Bligny-le-Sec;164;4;168
21086;Bligny-lès-Beaune;1183;46;1229
21087;Bligny-sur-Ouche;832;16;848
21088;Boncourt-le-Bois;269;3;272
21089;Bonnencontre;383;5;388
21090;Boudreville;64;1;65
21091;Bouhey;41;0;41
21092;Bouilland;193;1;194
21093;Bouix;164;10;174
21094;Bourberain;316;4;320
21095;Bousselange;56;2;58
21096;Boussenois;120;0;120
21097;Boussey;30;3;33
21098;Boux-sous-Salmaise;142;2;144
21099;Bouze-lès-Beaune;328;5;333
21100;Brain;26;0;26
21101;Braux;183;8;191
21102;Brazey-en-Morvan;167;1;168
21103;Brazey-en-Plaine;2565;39;2604
21104;Brémur-et-Vaurois;52;1;53
21105;Bressey-sur-Tille;632;8;640
21106;Bretenière;742;16;758
21107;Bretigny;869;19;888
21108;Brianny;117;2;119
21109;Brion-sur-Ource;224;7;231
21110;Brochon;651;122;773
21111;Brognon;251;4;255
21112;Broin;405;5;410
21113;Broindon;75;3;78
21114;Buffon;178;7;185
21115;Buncey;379;5;384
21116;Bure-les-Templiers;135;9;144
21117;Busseaut;65;3;68
21118;Busserotte-et-Montenaille;32;0;32
21120;La Bussière-sur-Ouche;159;4;163
21119;Bussières;40;5;45
21121;Bussy-la-Pesle;55;1;56
21122;Bussy-le-Grand;285;7;292
21123;Buxerolles;25;1;26
21124;Censerey;178;4;182
21125;Cérilly;252;8;260
21126;Cessey-sur-Tille;538;8;546
21127;Chaignay;494;8;502
21128;Chailly-sur-Armançon;277;5;282
21129;Chambain;31;1;32
21130;Chambeire;251;8;259
21131;Chamblanc;499;64;563
21132;Chamboeuf;324;11;335
21133;Chambolle-Musigny;307;4;311
21134;Chamesson;292;6;298
21137;Champ-d'Oiseau;75;2;77
21135;Champagne-sur-Vingeanne;243;10;253
21136;Champagny;39;2;41
21138;Champdôtre;540;4;544
21139;Champeau-en-Morvan;251;8;259
21140;Champignolles;81;1;82
21141;Champrenault;31;1;32
21142;Chanceaux;192;4;196
21143;Channay;66;4;70
21144;Charencey;29;1;30
21145;Charigny;41;0;41
21146;Charmes;123;3;126
21147;Charny;33;0;33
21148;Charrey-sur-Saône;316;2;318
21149;Charrey-sur-Seine;126;3;129
21150;Chassagne-Montrachet;394;12;406
21151;Chassey;94;1;95
21152;Châteauneuf;87;3;90
21153;Châtellenot;149;6;155
21154;Châtillon-sur-Seine;5801;456;6257
21155;Chaudenay-la-Ville;33;0;33
21156;Chaudenay-le-Château;43;0;43
21157;Chaugey;18;2;20
21159;La Chaume;126;4;130
21158;Chaume-et-Courchamp;144;1;145
21160;Chaume-lès-Baigneux;86;2;88
21161;Chaumont-le-Bois;86;2;88
21162;Chaux;388;14;402
21163;Chazeuil;222;5;227
21164;Chazilly;129;5;134
21165;Chemin-d'Aisey;55;1;56
21166;Chenôve;14841;222;15063
21167;Cheuge;106;3;109
21168;Chevannay;49;2;51
21169;Chevannes;134;5;139
21170;Chevigny-en-Valière;259;6;265
21171;Chevigny-Saint-Sauveur;9392;165;9557
21172;Chivres;238;3;241
21173;Chorey-les-Beaune;472;9;481
21175;Cirey-lès-Pontailler;123;5;128
21176;Civry-en-Montagne;94;2;96
21177;Clamerey;173;4;177
21178;Clémencey;117;3;120
21179;Clénay;816;6;822
21180;Cléry;129;4;133
21181;Clomot;102;8;110
21182;Collonges-lès-Bévy;88;1;89
21183;Collonges-lès-Premières;786;17;803
21184;Colombier;53;2;55
21185;Combertault;461;9;470
21186;Comblanchien;685;6;691
21187;Commarin;125;2;127
21189;Corberon;428;13;441
21190;Corcelles-les-Arts;473;18;491
21191;Corcelles-lès-Cîteaux;832;9;841
21192;Corcelles-les-Monts;683;11;694
21193;Corgengoux;336;9;345
21194;Corgoloin;958;25;983
21195;Cormot-le-Grand;140;3;143
21196;Corpeau;1037;21;1058
21197;Corpoyer-la-Chapelle;22;0;22
21198;Corrombles;237;5;242
21199;Corsaint;124;4;128
21200;Couchey;1190;22;1212
21201;Coulmier-le-Sec;273;5;278
21202;Courban;163;3;166
21203;Courcelles-Frémoy;119;3;122
21204;Courcelles-lès-Montbard;92;4;96
21205;Courcelles-lès-Semur;228;9;237
21207;Courlon;67;1;68
21208;Courtivron;177;2;179
21209;Couternon;1622;21;1643
21210;Créancey;505;4;509
21211;Crécey-sur-Tille;167;4;171
21212;Crépand;343;11;354
21213;Crimolois;584;9;593
21214;Crugey;173;3;176
21215;Cuiserey;144;4;148
21216;Culètre;71;1;72
21217;Curley;141;2;143
21218;Curtil-Saint-Seine;90;1;91
21219;Curtil-Vergy;104;2;106
21220;Cussey-les-Forges;133;2;135
21221;Cussy-la-Colonne;53;2;55
21222;Cussy-le-Châtel;108;3;111
21223;Daix;1411;41;1452
21224;Dampierre-en-Montagne;74;0;74
21225;Dampierre-et-Flée;109;4;113
21226;Darcey;328;9;337
21227;Darois;380;14;394
21228;Détain-et-Bruant;115;1;116
21229;Diancey;88;0;88
21230;Diénay;255;9;264
21231;Dijon;151543;3844;155387
21232;Dompierre-en-Morvan;213;9;222
21233;Drambon;163;4;167
21234;Drée;53;2;55
21235;Duesme;62;4;66
21236;Ébaty;211;1;212
21237;Échalot;104;0;104
21238;Échannay;120;3;123
21239;Échenon;673;6;679
21240;Échevannes;199;3;202
21241;Échevronne;271;8;279
21242;Échigey;279;9;288
21243;Écutigny;100;3;103
21244;Éguilly;64;2;66
21245;Épagny;260;3;263
21246;Épernay-sous-Gevrey;170;3;173
21247;Époisses;809;19;828
21248;Éringes;66;4;70
21249;Esbarres;748;12;760
21250;Essarois;91;1;92
21251;Essey;182;43;225
21252;Étais;88;3;91
21253;Étalante;132;8;140
21254;L' Étang-Vergy;198;5;203
21255;Étaules;246;11;257
21256;Étevaux;291;4;295
21257;Étormay;59;0;59
21258;Étrochey;235;7;242
21259;Fain-lès-Montbard;274;12;286
21260;Fain-lès-Moutiers;208;7;215
21261;Fauverney;698;13;711
21262;Faverolles-lès-Lucey;36;0;36
21263;Fénay;1340;72;1412
21264;Le Fête;48;5;53
21265;Fixin;758;11;769
21266;Flacey;170;2;172
21267;Flagey-Echézeaux;501;2;503
21268;Flagey-lès-Auxonne;176;6;182
21269;Flammerans;400;11;411
21270;Flavignerot;167;7;174
21271;Flavigny-sur-Ozerain;332;12;344
21272;Flée;158;7;165
21273;Fleurey-sur-Ouche;1183;49;1232
21274;Foissy;150;3;153
21275;Foncegrive;154;3;157
21277;Fontaine-Française;947;27;974
21278;Fontaine-lès-Dijon;8957;245;9202
21276;Fontaines-en-Duesmois;143;2;145
21279;Fontaines-les-Sèches;41;2;43
21280;Fontangy;151;2;153
21281;Fontenelle;130;9;139
21282;Forléans;84;3;87
21283;Fraignot-et-Vesvrotte;69;7;76
21284;Francheville;247;2;249
21285;Franxault;402;10;412
21286;Frénois;71;1;72
21287;Fresnes;176;5;181
21288;Frôlois;178;7;185
21289;Fussey;106;3;109
21290;Gemeaux;856;7;863
21291;Genay;338;2;340
21292;Genlis;5484;108;5592
21293;Gergueil;136;0;136
21294;Gerland;405;3;408
21295;Gevrey-Chambertin;3120;43;3163
21296;Gevrolles;159;4;163
21297;Gilly-lès-Cîteaux;599;6;605
21298;Gissey-le-Vieil;105;3;108
21299;Gissey-sous-Flavigny;102;0;102
21300;Gissey-sur-Ouche;366;5;371
21301;Glanon;204;2;206
21302;Gomméville;145;6;151
21303;Les Goulles;16;1;17
21304;Grancey-le-Château-Neuvelle;266;8;274
21305;Grancey-sur-Ource;202;3;205
21306;Grenant-lès-Sombernon;180;4;184
21307;Grésigny-Sainte-Reine;134;5;139
21308;Grignon;218;7;225
21309;Griselles;73;1;74
21310;Grosbois-en-Montagne;110;6;116
21311;Grosbois-lès-Tichey;60;0;60
21312;Gurgy-la-Ville;36;0;36
21313;Gurgy-le-Château;51;0;51
21314;Hauteroche;76;2;78
21315;Hauteville-lès-Dijon;1076;30;1106
21316;Heuilley-sur-Saône;298;9;307
21317;Is-sur-Tille;3839;82;3921
21318;Ivry-en-Montagne;190;5;195
21319;Izeure;774;4;778
21320;Izier;666;10;676
21321;Jailly-les-Moulins;93;4;97
21322;Jallanges;318;6;324
21323;Jancigny;120;3;123
21324;Jeux-lès-Bard;48;2;50
21325;Jouey;200;4;204
21327;Jours-en-Vaux;96;3;99
21326;Jours-lès-Baigneux;85;4;89
21328;Juillenay;50;0;50
21329;Juilly;51;1;52
21330;Labergement-Foigney;425;8;433
21331;Labergement-lès-Auxonne;348;10;358
21332;Labergement-lès-Seurre;910;15;925
21333;Labruyère;203;0;203
21334;Lacanche;613;14;627
21335;Lacour-d'Arcenay;130;3;133
21606;Ladoix-Serrigny;1706;41;1747
21336;Laignes;885;23;908
21337;Lamarche-sur-Saône;1190;14;1204
21338;Lamargelle;167;2;169
21339;Lantenay;470;11;481
21340;Lanthes;238;6;244
21341;Lantilly;96;6;102
21342;Laperrière-sur-Saône;399;5;404
21343;Larrey;93;3;96
21344;Lechâtelet;204;1;205
21345;Léry;224;8;232
21346;Leuglay;354;13;367
21347;Levernois;263;10;273
21348;Licey-sur-Vingeanne;100;2;102
21349;Liernais;539;75;614
21350;Lignerolles;54;0;54
21351;Longchamp;1176;83;1259
21352;Longeault;595;17;612
21353;Longecourt-en-Plaine;1252;18;1270
21354;Longecourt-lès-Culêtre;50;4;54
21355;Longvic;9358;187;9545
21356;Losne;1492;25;1517
21357;Louesme;115;3;118
21358;Lucenay-le-Duc;209;1;210
21359;Lucey;57;2;59
21360;Lusigny-sur-Ouche;80;1;81
21361;Lux;515;8;523
21362;Maconge;131;1;132
21363;Magnien;316;7;323
21365;Magny-la-Ville;83;3;86
21364;Magny-Lambert;87;5;92
21366;Magny-lès-Aubigny;201;9;210
21368;Magny-lès-Villers;260;6;266
21367;Magny-Montarlot;199;8;207
21369;Magny-Saint-Médard;234;2;236
21370;Magny-sur-Tille;805;9;814
21371;Les Maillys;819;30;849
21372;Maisey-le-Duc;106;4;110
21373;Mâlain;691;12;703
21374;Maligny;199;7;206
21375;Manlay;204;9;213
21376;Marandeuil;66;0;66
21377;Marcellois;30;1;31
21378;Marcenay;114;4;118
21379;Marcheseuil;148;2;150
21380;Marcigny-sous-Thil;58;0;58
21381;Marcilly-et-Dracy;92;3;95
21382;Marcilly-Ogny;199;8;207
21383;Marcilly-sur-Tille;1493;24;1517
21384;Marey-lès-Fussey;70;8;78
21385;Marey-sur-Tille;326;6;332
21386;Marigny-le-Cahouët;264;7;271
21387;Marigny-lès-Reullée;190;6;196
21388;Marliens;447;8;455
21389;Marmagne;245;7;252
21390;Marsannay-la-Côte;5158;114;5272
21391;Marsannay-le-Bois;725;16;741
21392;Martrois;57;3;60
21393;Massingy;161;6;167
21394;Massingy-lès-Semur;201;9;210
21395;Massingy-lès-Vitteaux;85;6;91
21396;Mauvilly;78;3;81
21397;Mavilly-Mandelot;154;7;161
21398;Maxilly-sur-Saône;301;4;305
21399;Meilly-sur-Rouvres;180;4;184
21400;Le Meix;45;0;45
21401;Meloisey;283;11;294
21402;Menesble;10;0;10
21403;Ménessaire;70;1;71
21404;Ménétreux-le-Pitois;430;16;446
21405;Merceuil;731;16;747
21406;Mesmont;199;3;202
21407;Messanges;240;4;244
21408;Messigny-et-Vantoux;1477;27;1504
21409;Meuilley;457;11;468
21410;Meulson;38;2;40
21411;Meursanges;456;7;463
21412;Meursault;1563;50;1613
21413;Millery;371;13;384
21414;Mimeure;261;5;266
21415;Minot;241;11;252
21416;Mirebeau-sur-Bèze;1880;37;1917
21417;Missery;104;3;107
21418;Moitron;55;3;58
21419;Molesme;225;1;226
21420;Molinot;151;1;152
21421;Moloy;223;11;234
21422;Molphey;128;6;134
21441;Mont-Saint-Jean;255;4;259
21423;Montagny-lès-Beaune;652;24;676
21424;Montagny-lès-Seurre;105;4;109
21425;Montbard;5582;202;5784
21426;Montberthault;246;6;252
21427;Montceau-et-Écharnant;142;3;145
21428;Monthelie;176;10;186
21429;Montigny-Montfort;291;16;307
21433;Montigny-Mornay-Villeneuve-sur-Vingeanne;368;9;377
21430;Montigny-Saint-Barthélemy;75;5;80
21431;Montigny-sur-Armançon;133;2;135
21432;Montigny-sur-Aube;319;8;327
21434;Montlay-en-Auxois;154;2;156
21435;Montliot-et-Courcelles;291;8;299
21436;Montmain;93;1;94
21437;Montmançon;203;7;210
21438;Montmoyen;85;1;86
21439;Montoillot;70;2;72
21440;Montot;200;4;204
21442;Morey-Saint-Denis;696;13;709
21444;Mosson;87;2;89
21445;La Motte-Ternant;168;3;171
21446;Moutiers-Saint-Jean;260;4;264
21447;Musigny;90;1;91
21448;Mussy-la-Fosse;80;1;81
21449;Nan-sous-Thil;181;3;184
21450;Nantoux;195;8;203
21451;Nesle-et-Massoult;87;6;93
21452;Neuilly-lès-Dijon;1946;29;1975
21454;Nicey;136;2;138
21455;Nod-sur-Seine;261;6;267
21456;Nogent-lès-Montbard;143;6;149
21457;Noidan;89;3;92
21458;Noiron-sous-Gevrey;948;9;957
21459;Noiron-sur-Bèze;223;5;228
21460;Noiron-sur-Seine;88;0;88
21461;Nolay;1482;28;1510
21462;Norges-la-Ville;922;16;938
21463;Normier;47;8;55
21464;Nuits-Saint-Georges;5414;107;5521
21465;Obtrée;71;1;72
21466;Oigny;35;0;35
21467;Oisilly;134;0;134
21468;Orain;98;3;101
21469;Orgeux;450;8;458
21470;Origny;35;0;35
21471;Orret;24;0;24
21472;Orville;198;5;203
21473;Ouges;1192;21;1213
21474;Pagny-la-Ville;418;7;425
21475;Pagny-le-Château;490;5;495
21476;Painblanc;155;2;157
21477;Panges;77;2;79
21478;Pasques;291;7;298
21479;Pellerey;100;3;103
21480;Pernand-Vergelesses;276;14;290
21481;Perrigny-lès-Dijon;1473;28;1501
21482;Perrigny-sur-l'Ognon;646;7;653
21483;Pichanges;249;5;254
21484;Planay;81;1;82
21485;Plombières-lès-Dijon;2855;108;2963
21486;Pluvault;531;12;543
21487;Pluvet;399;3;402
21488;Poinçon-lès-Larrey;201;3;204
21489;Poiseul-la-Grange;72;2;74
21490;Poiseul-la-Ville-et-Laperrière;170;3;173
21491;Poiseul-lès-Saulx;59;1;60
21492;Pommard;546;16;562
21493;Poncey-lès-Athée;513;12;525
21494;Poncey-sur-l'Ignon;85;0;85
21495;Pont;92;1;93
21497;Pont-et-Massène;197;10;207
21496;Pontailler-sur-Saône;1293;24;1317
21498;Posanges;60;2;62
21499;Pothières;191;6;197
21500;Pouillenay;547;10;557
21501;Pouilly-en-Auxois;1474;144;1618
21502;Pouilly-sur-Saône;661;8;669
21503;Pouilly-sur-Vingeanne;113;2;115
21504;Prâlon;79;3;82
21505;Précy-sous-Thil;758;24;782
21506;Premeaux-Prissey;340;14;354
21507;Premières;91;1;92
21508;Prenois;388;10;398
21510;Prusly-sur-Ource;176;4;180
21511;Puits;141;5;146
21512;Puligny-Montrachet;426;10;436
21513;Quemigny-Poisot;206;9;215
21514;Quemigny-sur-Seine;118;3;121
21515;Quetigny;9598;383;9981
21516;Quincerot;96;0;96
21517;Quincey;400;12;412
21518;Quincy-le-Vicomte;198;9;207
21519;Recey-sur-Ource;394;11;405
21520;Remilly-en-Montagne;129;4;133
21521;Remilly-sur-Tille;803;11;814
21522;Renève;425;3;428
21523;Reulle-Vergy;91;3;94
21524;Riel-les-Eaux;74;3;77
21525;La Roche-en-Brenil;926;25;951
21528;La Roche-Vanneau;133;4;137
21526;Rochefort-sur-Brévon;41;2;43
21527;La Rochepot;281;8;289
21529;Roilly;33;1;34
21530;Rougemont;172;4;176
21531;Rouvray;636;9;645
21532;Rouvres-en-Plaine;1006;16;1022
21533;Rouvres-sous-Meilly;102;6;108
21534;Ruffey-lès-Beaune;677;84;761
21535;Ruffey-lès-Echirey;1116;31;1147
21536;Sacquenay;261;4;265
21537;Saffres;119;4;123
21538;Saint-Andeux;125;5;130
21539;Saint-Anthot;49;0;49
21540;Saint-Apollinaire;6134;111;6245
21541;Saint-Aubin;269;7;276
21542;Saint-Bernard;367;3;370
21543;Saint-Broing-les-Moines;183;3;186
21546;Saint-Didier;206;0;206
21547;Saint-Euphrône;198;12;210
21548;Saint-Germain-de-Modéon;184;4;188
21549;Saint-Germain-le-Rocheux;95;4;99
21550;Saint-Germain-lès-Senailly;95;3;98
21552;Saint-Hélier;39;0;39
21553;Saint-Jean-de-Boeuf;104;0;104
21554;Saint-Jean-de-Losne;1204;11;1215
21555;Saint-Julien;1377;44;1421
21556;Saint-Léger-Triey;197;2;199
21557;Saint-Marc-sur-Seine;124;8;132
21560;Saint-Martin-de-la-Mer;279;2;281
21561;Saint-Martin-du-Mont;436;12;448
21562;Saint-Maurice-sur-Vingeanne;193;8;201
21563;Saint-Mesmin;119;2;121
21564;Saint-Nicolas-lès-Cîteaux;463;13;476
21565;Saint-Philibert;436;2;438
21566;Saint-Pierre-en-Vaux;132;6;138
21567;Saint-Prix-lès-Arnay;246;7;253
21568;Saint-Rémy;811;24;835
21569;Saint-Romain;243;8;251
21571;Saint-Sauveur;174;5;179
21572;Saint-Seine-en-Bâche;274;2;276
21573;Saint-Seine-l'Abbaye;365;43;408
21574;Saint-Seine-sur-Vingeanne;354;4;358
21575;Saint-Symphorien-sur-Saône;340;6;346
21576;Saint-Thibault;142;6;148
21577;Saint-Usage;1104;10;1114
21578;Saint-Victor-sur-Ouche;222;4;226
21544;Sainte-Colombe;70;1;71
21545;Sainte-Colombe-sur-Seine;912;27;939
21558;Sainte-Marie-la-Blanche;779;18;797
21559;Sainte-Marie-sur-Ouche;634;45;679
21570;Sainte-Sabine;188;6;194
21579;Salives;263;12;275
21580;Salmaise;145;6;151
21581;Samerey;132;4;136
21582;Santenay;839;15;854
21583;Santosse;46;1;47
21584;Saulieu;2616;122;2738
21585;Saulon-la-Chapelle;1048;15;1063
21586;Saulon-la-Rue;566;7;573
21587;Saulx-le-Duc;257;8;265
21588;Saussey;83;4;87
21589;Saussy;104;1;105
21591;Savigny-le-Sec;818;18;836
21590;Savigny-lès-Beaune;1373;42;1415
21592;Savigny-sous-Mâlain;207;8;215
21593;Savilly;76;0;76
21594;Savoisy;227;4;231
21595;Savolles;164;5;169
21596;Savouges;351;1;352
21597;Segrois;52;1;53
21598;Seigny;163;3;166
21599;Selongey;2272;56;2328
21600;Semarey;109;1;110
21601;Semezanges;109;6;115
21602;Semond;29;4;33
21603;Semur-en-Auxois;4195;373;4568
21604;Senailly;138;7;145
21605;Sennecey-lès-Dijon;2288;37;2325
21607;Seurre;2473;31;2504
21608;Sincey-lès-Rouvray;119;2;121
21609;Soirans;458;1;459
21610;Soissons-sur-Nacey;303;5;308
21611;Sombernon;937;14;951
21612;Souhey;81;4;85
21084;Source-Seine;51;0;51
21613;Soussey-sur-Brionne;129;3;132
21614;Spoy;290;7;297
21615;Sussey;244;3;247
21616;Tailly;197;10;207
21617;Talant;11778;260;12038
21618;Talmay;477;14;491
21619;Tanay;222;4;226
21620;Tarsul;159;0;159
21621;Tart-l'Abbaye;233;11;244
21622;Tart-le-Bas;234;3;237
21623;Tart-le-Haut;1407;7;1414
21624;Tellecey;127;1;128
21625;Ternant;96;3;99
21626;Terrefondrée;59;3;62
21627;Thenissey;119;5;124
21628;Thoires;81;1;82
21629;Thoisy-la-Berchère;296;5;301
21630;Thoisy-le-Désert;191;3;194
21631;Thomirey;56;1;57
21632;Thorey-en-Plaine;979;13;992
21633;Thorey-sous-Charny;184;4;188
21634;Thorey-sur-Ouche;147;0;147
21635;Thoste;118;7;125
21636;Thury;287;4;291
21637;Tichey;193;3;196
21638;Til-Châtel;957;13;970
21639;Tillenay;623;11;634
21640;Torcy-et-Pouligny;155;5;160
21641;Touillon;413;11;424
21642;Toutry;482;10;492
21643;Tréclun;295;4;299
21644;Trochères;169;1;170
21645;Trouhans;634;6;640
21646;Trouhaut;109;0;109
21647;Trugny;116;0;116
21648;Turcey;175;8;183
21649;Uncey-le-Franc;48;3;51
21650;Urcy;136;1;137
21651;Val-Suzon;216;10;226
21652;Vandenesse-en-Auxois;271;2;273
21653;Vannaire;64;1;65
21655;Vanvey;271;12;283
21656;Varanges;813;15;828
21657;Varois-et-Chaignot;1982;49;2031
21658;Vauchignon;39;0;39
21659;Vaux-Saules;161;0;161
21660;Veilly;51;5;56
21661;Velars-sur-Ouche;1658;49;1707
21662;Velogny;36;0;36
21663;Venarey-les-Laumes;3052;76;3128
21664;Verdonnet;86;1;87
21665;Vernois-lès-Vesvres;186;3;189
21666;Vernot;76;1;77
21667;Véronnes;371;8;379
21669;Verrey-sous-Drée;44;2;46
21670;Verrey-sous-Salmaise;321;9;330
21671;Vertault;54;1;55
21672;Vesvres;26;0;26
21673;Veuvey-sur-Ouche;170;2;172
21674;Veuxhaulles-sur-Aube;229;7;236
21675;Vianges;79;2;81
21676;Vic-de-Chassenay;237;9;246
21677;Vic-des-Prés;96;0;96
21678;Vic-sous-Thil;205;8;213
21679;Vieilmoulin;95;2;97
21680;Vielverge;490;2;492
21681;Vieux-Château;99;1;100
21682;Viévigne;212;2;214
21683;Viévy;364;9;373
21684;Vignoles;729;24;753
21685;Villaines-en-Duesmois;301;6;307
21686;Villaines-les-Prévôtes;134;9;143
21687;Villargoix;171;4;175
21689;Villars-et-Villenotte;150;7;157
21688;Villars-Fontaine;131;5;136
21690;Villeberny;82;3;85
21691;Villebichot;342;6;348
21692;Villecomte;248;4;252
21693;Villedieu;87;6;93
21694;Villeferry;29;0;29
21695;La Villeneuve-les-Convers;40;1;41
21696;Villeneuve-sous-Charigny;95;3;98
21698;Villers-la-Faye;401;9;410
21699;Villers-les-Pots;1016;17;1033
21700;Villers-Patras;98;4;102
21701;Villers-Rotin;132;1;133
21702;Villey-sur-Tille;285;4;289
21703;Villiers-en-Morvan;42;1;43
21704;Villiers-le-Duc;118;4;122
21705;Villotte-Saint-Seine;67;0;67
21706;Villotte-sur-Ource;113;3;116
21707;Villy-en-Auxois;243;0;243
21708;Villy-le-Moutier;317;1;318
21709;Viserny;199;7;206
21710;Vitteaux;1098;38;1136
21711;Vix;108;8;116
21712;Volnay;292;9;301
21713;Vonges;335;7;342
21714;Vosne-Romanée;436;11;447
21715;Voudenay;197;1;198
21716;Vougeot;209;3;212
21717;Voulaines-les-Templiers;327;23;350
22001;Allineuc;505;3;508
22002;Andel;1024;23;1047
22003;Aucaleuc;867;26;893
22004;Bégard;4562;124;4686
22005;Belle-Isle-en-Terre;1046;25;1071
22006;Berhet;210;7;217
22007;Binic;3482;81;3563
22008;Bobital;980;33;1013
22009;Le Bodéo;185;6;191
22011;Boqueho;983;31;1014
22012;La Bouillie;802;17;819
22013;Bourbriac;2352;57;2409
22014;Bourseul;1022;19;1041
22015;Bréhand;1404;29;1433
22018;Brélidy;305;12;317
22019;Bringolo;361;8;369
22020;Broons;2786;104;2890
22021;Brusvily;977;27;1004
22023;Bulat-Pestivien;478;15;493
22024;Calanhel;253;9;262
22025;Callac;2363;39;2402
22026;Calorguen;632;24;656
22027;Le Cambout;521;21;542
22028;Camlez;790;29;819
22029;Canihuel;376;13;389
22030;Caouënnec-Lanvézéac;813;15;828
22031;Carnoët;754;6;760
22032;Caulnes;2278;124;2402
22033;Caurel;381;10;391
22034;Cavan;1378;47;1425
22035;Les Champs-Géraux;1015;15;1030
22036;La Chapelle-Blanche;212;4;216
22037;La Chapelle-Neuve;424;10;434
22038;Châtelaudren;983;43;1026
22039;La Chèze;613;24;637
22040;Coadout;512;6;518
22041;Coatascorn;252;4;256
22042;Coatréven;417;19;436
22043;Coëtlogon;234;7;241
22044;Coëtmieux;1515;26;1541
22045;Cohiniac;348;6;354
22046;Collinée;929;25;954
22047;Corlay;1064;20;1084
22048;Corseul;1937;87;2024
22049;Créhen;1645;65;1710
22050;Dinan;11087;518;11605
22051;Dolo;536;5;541
22052;Duault;341;12;353
22053;Éréac;619;9;628
22054;Erquy;3764;89;3853
22055;Étables-sur-Mer;2920;72;2992
22056;Évran;1616;67;1683
22057;Le Faouët;290;1;291
22058;La Ferrière;464;13;477
22059;Le Foeil;1374;44;1418
22179;Fréhel;1569;35;1604
22060;Gausson;581;23;604
22061;Glomel;1397;61;1458
22062;Gomené;592;18;610
22063;Gommenec'h;503;8;511
22064;Gouarec;956;31;987
22065;Goudelin;1587;34;1621
22066;Le Gouray;1101;21;1122
22068;Grâce-Uzel;402;12;414
22067;Grâces;2409;73;2482
22069;Guenroc;188;7;195
22070;Guingamp;7661;698;8359
22071;Guitté;612;17;629
22072;Gurunhuel;397;12;409
22073;La Harmoye;418;12;430
22074;Le Haut-Corlay;706;29;735
22075;Hémonstoir;658;10;668
22076;Hénanbihen;1316;31;1347
22077;Hénansal;1031;20;1051
22078;Hengoat;216;5;221
22079;Hénon;2064;36;2100
22080;L' Hermitage-Lorge;740;16;756
22081;Hillion;4031;81;4112
22082;Le Hinglé;855;37;892
22016;Île-de-Bréhat;439;10;449
22083;Illifaut;681;18;699
22084;Jugon-les-Lacs;1593;48;1641
22085;Kerbors;340;11;351
22086;Kerfot;592;18;610
22087;Kergrist-Moëlou;663;18;681
22088;Kerien;268;3;271
22090;Kermaria-Sulard;935;29;964
22091;Kermoroc'h;386;5;391
22092;Kerpert;297;8;305
22093;Lamballe;11261;449;11710
22094;Lancieux;1371;29;1400
22095;Landebaëron;207;9;216
22096;Landébia;444;12;456
22097;La Landec;644;18;662
22098;Landéhen;1251;22;1273
22099;Lanfains;974;41;1015
22100;Langast;636;21;657
22101;Langoat;1138;43;1181
22102;Langourla;603;4;607
22103;Langrolay-sur-Rance;840;27;867
22104;Languédias;455;31;486
22105;Languenan;1013;20;1033
22106;Langueux;6907;344;7251
22107;Laniscat;830;18;848
22108;Lanleff;100;5;105
22109;Lanloup;271;8;279
22110;Lanmérin;450;5;455
22111;Lanmodez;432;9;441
22112;Lannebert;399;9;408
22113;Lannion;19773;873;20646
22114;Lanrelas;852;20;872
22115;Lanrivain;561;13;574
22116;Lanrodec;1001;145;1146
22117;Lantic;1407;31;1438
22118;Lanvallay;3409;127;3536
22119;Lanvellec;549;6;555
22121;Lanvollon;1680;41;1721
22122;Laurenan;716;20;736
22123;Léhon;2905;130;3035
22124;Lescouët-Gouarec;225;7;232
22126;Le Leslay;124;2;126
22127;Lézardrieux;1603;44;1647
22129;Loc-Envel;83;1;84
22128;Locarn;519;19;538
22131;Loguivy-Plougras;964;27;991
22132;Lohuec;274;3;277
22133;Loscouët-sur-Meu;648;22;670
22134;Louannec;2853;121;2974
22135;Louargat;2219;65;2284
22136;Loudéac;9619;432;10051
22137;Maël-Carhaix;1539;33;1572
22138;Maël-Pestivien;408;10;418
22139;Magoar;90;7;97
22140;La Malhoure;450;8;458
22141;Mantallot;177;3;180
22143;Matignon;1560;46;1606
22144;La Méaugon;1276;40;1316
22145;Mégrit;690;15;705
22146;Mellionnec;409;16;425
22147;Merdrignac;2921;178;3099
22148;Mérillac;234;5;239
22149;Merléac;509;7;516
22150;Le Merzer;836;21;857
22151;Meslin;889;21;910
22152;Minihy-Tréguier;1093;57;1150
22153;Moncontour;942;13;955
22154;Morieux;859;17;876
22155;La Motte;1992;53;2045
22156;Moustéru;669;11;680
22157;Le Moustoir;632;16;648
22158;Mûr-de-Bretagne;2089;69;2158
22160;Noyal;801;23;824
22161;Pabu;2782;141;2923
22162;Paimpol;7756;417;8173
22163;Paule;733;21;754
22164;Pédernec;1829;55;1884
22165;Penguily;567;10;577
22166;Penvénan;2580;97;2677
22167;Perret;180;3;183
22168;Perros-Guirec;7333;305;7638
22169;Peumerit-Quintin;159;0;159
22170;Plaine-Haute;1254;30;1284
22171;Plaintel;3800;135;3935
22172;Plancoët;2962;69;3031
22173;Planguenoual;1773;32;1805
22174;Pléboulle;719;17;736
22175;Plédéliac;1258;38;1296
22176;Plédran;5727;111;5838
22177;Pléguien;1089;35;1124
22178;Pléhédel;1272;29;1301
22180;Plélan-le-Petit;1660;66;1726
22181;Plélauff;688;34;722
22182;Plélo;3169;85;3254
22183;Plémet;2913;154;3067
22184;Plémy;1616;43;1659
22185;Plénée-Jugon;2401;63;2464
22186;Pléneuf-Val-André;3957;110;4067
22187;Plérin;13512;565;14077
22188;Plerneuf;1019;34;1053
22189;Plésidy;671;126;797
22190;Pleslin-Trigavou;3426;71;3497
22191;Plessala;1837;54;1891
22192;Plessix-Balisson;92;0;92
22193;Plestan;1524;39;1563
22194;Plestin-les-Grèves;3701;112;3813
22195;Pleubian;2508;63;2571
22196;Pleudaniel;994;32;1026
22197;Pleudihen-sur-Rance;2746;83;2829
22198;Pleumeur-Bodou;3996;180;4176
22199;Pleumeur-Gautier;1139;21;1160
22200;Pléven;631;18;649
22201;Plévenon;685;13;698
22202;Plévin;783;30;813
22203;Ploeuc-sur-Lié;3200;67;3267
22204;Ploëzal;1203;34;1237
22205;Plorec-sur-Arguenon;396;6;402
22206;Plouagat;2399;55;2454
22207;Plouaret;2230;66;2296
22208;Plouasne;1487;26;1513
22209;Ploubalay;2557;54;2611
22210;Ploubazlanec;3250;180;3430
22211;Ploubezre;2955;102;3057
22212;Plouëc-du-Trieux;1126;44;1170
22213;Plouër-sur-Rance;3140;109;3249
22214;Plouézec;3322;90;3412
22215;Ploufragan;10832;418;11250
22216;Plougonver;702;22;724
22217;Plougras;460;15;475
22218;Plougrescant;1353;49;1402
22219;Plouguenast;1791;68;1859
22220;Plouguernével;1846;77;1923
22221;Plouguiel;1952;63;2015
22222;Plouha;4535;101;4636
22223;Plouisy;1917;206;2123
22224;Ploulec'h;1635;63;1698
22225;Ploumagoar;4870;114;4984
22226;Ploumilliau;2489;58;2547
22227;Plounérin;738;13;751
22228;Plounévez-Moëdec;1429;32;1461
22229;Plounévez-Quintin;1106;61;1167
22231;Plourac'h;354;10;364
22232;Plourhan;1912;46;1958
22233;Plourivo;2134;74;2208
22234;Plouvara;1068;34;1102
22235;Plouzélambre;209;9;218
22236;Pludual;654;16;670
22237;Pluduno;1911;49;1960
22238;Plufur;544;22;566
22239;Plumaudan;1010;19;1029
22240;Plumaugat;1026;31;1057
22241;Plumieux;1091;29;1120
22242;Plurien;1368;32;1400
22243;Plusquellec;512;20;532
22244;Plussulien;488;7;495
22245;Pluzunet;1013;34;1047
22246;Pommeret;1845;49;1894
22247;Pommerit-Jaudy;1191;455;1646
22248;Pommerit-le-Vicomte;1853;46;1899
22249;Pont-Melvez;653;12;665
22250;Pontrieux;1110;37;1147
22251;Pordic;5674;163;5837
22253;Pouldouran;145;11;156
22254;Prat;1122;32;1154
22255;La Prénessaye;826;16;842
22256;Quemper-Guézennec;1060;24;1084
22257;Quemperven;376;14;390
22258;Quessoy;3383;253;3636
22259;Quévert;3448;142;3590
22260;Le Quillio;539;15;554
22261;Quintenic;331;6;337
22262;Quintin;2844;202;3046
22263;Le Quiou;321;9;330
22264;La Roche-Derrien;1094;40;1134
22265;Rospez;1681;49;1730
22266;Rostrenen;3392;263;3655
22267;Rouillac;355;4;359
22268;Ruca;499;11;510
22269;Runan;249;7;256
22271;Saint-Adrien;320;11;331
22272;Saint-Agathon;2002;66;2068
22273;Saint-Alban;1832;29;1861
22274;Saint-André-des-Eaux;257;4;261
22275;Saint-Barnabé;1262;42;1304
22276;Saint-Bihy;176;4;180
22277;Saint-Brandan;2262;59;2321
22278;Saint-Brieuc;46178;2000;48178
22279;Saint-Caradec;1199;30;1229
22280;Saint-Carné;940;59;999
22281;Saint-Carreuc;1449;12;1461
22282;Saint-Cast-le-Guildo;3420;109;3529
22283;Saint-Clet;837;26;863
22284;Saint-Connan;301;8;309
22285;Saint-Connec;299;11;310
22286;Saint-Denoual;392;13;405
22287;Saint-Donan;1419;45;1464
22288;Saint-Étienne-du-Gué-de-l'Isle;404;3;407
22289;Saint-Fiacre;226;8;234
22290;Saint-Gelven;311;7;318
22291;Saint-Gildas;265;7;272
22292;Saint-Gilles-du-Mené;477;13;490
22293;Saint-Gilles-les-Bois;421;16;437
22294;Saint-Gilles-Pligeaux;293;7;300
22295;Saint-Gilles-Vieux-Marché;320;10;330
22296;Saint-Glen;562;18;580
22297;Saint-Gouéno;650;23;673
22298;Saint-Guen;457;25;482
22299;Saint-Hélen;1191;43;1234
22300;Saint-Hervé;386;10;396
22334;Saint-Igeaux;170;1;171
22302;Saint-Jacut-de-la-Mer;836;29;865
22303;Saint-Jacut-du-Mené;725;16;741
22304;Saint-Jean-Kerdaniel;544;10;554
22305;Saint-Jouan-de-l'Isle;424;11;435
22306;Saint-Judoce;505;24;529
22307;Saint-Julien;1921;43;1964
22308;Saint-Juvat;632;11;643
22309;Saint-Launeuc;194;0;194
22310;Saint-Laurent;428;16;444
22311;Saint-Lormel;883;33;916
22312;Saint-Maden;208;2;210
22313;Saint-Martin-des-Prés;351;11;362
22314;Saint-Maudan;407;16;423
22315;Saint-Maudez;265;6;271
22316;Saint-Mayeux;525;13;538
22317;Saint-Méloir-des-Bois;265;3;268
22318;Saint-Michel-de-Plélan;291;3;294
22319;Saint-Michel-en-Grève;473;15;488
22320;Saint-Nicodème;156;2;158
22321;Saint-Nicolas-du-Pélem;1835;50;1885
22322;Saint-Péver;354;5;359
22323;Saint-Pôtan;768;5;773
22324;Saint-Quay-Perros;1454;59;1513
22325;Saint-Quay-Portrieux;3054;253;3307
22326;Saint-Rieul;412;4;416
22327;Saint-Samson-sur-Rance;1469;37;1506
22328;Saint-Servais;406;7;413
22330;Saint-Thélo;437;9;446
22332;Saint-Trimoël;391;5;396
22333;Saint-Vran;707;12;719
22331;Sainte-Tréphine;210;8;218
22335;Senven-Léhart;246;4;250
22337;Sévignac;1108;28;1136
22338;Squiffiec;728;14;742
22339;Taden;1942;130;2072
22340;Tonquédec;1072;38;1110
22341;Tramain;642;11;653
22342;Trébédan;377;12;389
22343;Trébeurden;3742;122;3864
22344;Trébrivan;693;13;706
22345;Trébry;719;23;742
22346;Trédaniel;961;16;977
22347;Trédarzec;1088;41;1129
22348;Trédias;466;7;473
22349;Trédrez-Locquémeau;1413;29;1442
22350;Tréduder;191;10;201
22351;Treffrin;551;27;578
22352;Tréfumel;255;13;268
22353;Trégastel;2397;72;2469
22354;Tréglamus;961;32;993
22356;Trégomeur;877;20;897
22357;Trégon;227;10;237
22358;Trégonneau;470;20;490
22359;Trégrom;386;10;396
22360;Trégueux;7396;233;7629
22361;Tréguidel;645;13;658
22362;Tréguier;2668;252;2920
22363;Trélévern;1392;50;1442
22364;Trélivan;2329;82;2411
22365;Trémargat;168;10;178
22366;Trémel;398;11;409
22367;Tréméloir;665;6;671
22368;Tréméreuc;577;20;597
22369;Trémeur;688;14;702
22370;Tréméven;330;7;337
22371;Trémorel;1055;14;1069
22372;Trémuson;1807;38;1845
22373;Tréogan;101;3;104
22375;Tressignaux;567;11;578
22376;Trévé;1474;62;1536
22377;Tréveneuc;759;14;773
22378;Trévérec;186;2;188
22379;Trévou-Tréguignec;1419;36;1455
22380;Trévron;678;19;697
22381;Trézény;265;11;276
22383;Troguéry;278;4;282
22384;Uzel;1028;30;1058
22385;La Vicomté-sur-Rance;897;48;945
22386;Le Vieux-Bourg;720;11;731
22387;Le Vieux-Marché;1161;32;1193
22388;Vildé-Guingalan;1154;23;1177
22389;Yffiniac;4584;103;4687
22390;Yvias;708;18;726
22391;Yvignac-la-Tour;1146;18;1164
23001;Ahun;1557;261;1818
23002;Ajain;1099;28;1127
23003;Alleyrat;152;8;160
23004;Anzême;562;6;568
23005;Arfeuille-Châtain;177;7;184
23006;Arrènes;221;9;230
23007;Ars;252;7;259
23008;Aubusson;4181;219;4400
23009;Auge;107;1;108
23010;Augères;138;2;140
23011;Aulon;174;7;181
23012;Auriat;123;0;123
23013;Auzances;1374;69;1443
23014;Azat-Châtenet;132;2;134
23015;Azerables;864;16;880
23016;Banize;156;2;158
23017;Basville;180;6;186
23018;Bazelat;284;3;287
23019;Beissat;32;3;35
23020;Bellegarde-en-Marche;432;10;442
23021;Bénévent-l'Abbaye;855;16;871
23022;Bétête;366;10;376
23023;Blaudeix;111;2;113
23024;Blessac;518;22;540
23025;Bonnat;1311;31;1342
23026;Bord-Saint-Georges;360;25;385
23027;Bosmoreau-les-Mines;248;2;250
23028;Bosroger;96;0;96
23029;Le Bourg-d'Hem;215;3;218
23030;Bourganeuf;2948;236;3184
23031;Boussac;1412;51;1463
23032;Boussac-Bourg;789;24;813
23033;La Brionne;374;11;385
23034;Brousse;27;1;28
23035;Budelière;785;16;801
23036;Bussière-Dunoise;1105;25;1130
23037;Bussière-Nouvelle;112;2;114
23038;Bussière-Saint-Georges;211;5;216
23039;La Celle-Dunoise;606;28;634
23040;La Celle-sous-Gouzon;141;0;141
23041;La Cellette;272;2;274
23042;Ceyroux;123;0;123
23043;Chamberaud;113;3;116
23044;Chambon-Sainte-Croix;95;1;96
23045;Chambon-sur-Voueize;1014;14;1028
23046;Chambonchard;81;0;81
23047;Chamborand;235;10;245
23048;Champagnat;417;10;427
23049;Champsanglard;227;5;232
23050;La Chapelle-Baloue;135;2;137
23051;La Chapelle-Saint-Martial;91;3;94
23052;La Chapelle-Taillefert;366;3;369
23053;Chard;194;5;199
23054;Charron;239;8;247
23055;Châtelard;34;1;35
23056;Châtelus-le-Marcheix;364;7;371
23057;Châtelus-Malvaleix;574;10;584
23058;Le Chauchet;105;1;106
23059;La Chaussade;114;2;116
23060;Chavanat;131;3;134
23061;Chénérailles;737;27;764
23062;Chéniers;572;14;586
23063;Clairavaux;155;1;156
23064;Clugnat;674;18;692
23065;Colondannes;314;3;317
23066;Le Compas;225;2;227
23067;La Courtine;890;23;913
23068;Cressat;562;9;571
23069;Crocq;501;17;518
23070;Crozant;519;20;539
23071;Croze;187;5;192
23072;Domeyrot;222;9;231
23073;Dontreix;397;28;425
23074;Le Donzeil;160;4;164
23075;Dun-le-Palestel;1147;24;1171
23076;Évaux-les-Bains;1546;75;1621
23077;Faux-la-Montagne;366;10;376
23078;Faux-Mazuras;167;7;174
23079;Felletin;1889;292;2181
23080;Féniers;86;0;86
23081;Flayat;347;12;359
23082;Fleurat;267;7;274
23083;Fontanières;257;5;262
23084;La Forêt-du-Temple;154;2;156
23086;Fransèches;241;14;255
23087;Fresselines;631;9;640
23088;Gartempe;140;1;141
23089;Genouillac;803;10;813
23090;Gentioux-Pigerolles;376;14;390
23091;Gioux;171;8;179
23092;Glénic;592;28;620
23093;Gouzon;1450;58;1508
23095;Le Grand-Bourg;1194;66;1260
23096;Guéret;14066;1023;15089
23097;Issoudun-Létrieix;298;5;303
23098;Jalesches;81;1;82
23099;Janaillat;354;8;362
23100;Jarnages;506;9;515
23101;Jouillat;462;11;473
23102;Ladapeyre;350;9;359
23103;Lafat;377;9;386
23104;Lavaufranche;240;3;243
23105;Lavaveix-les-Mines;813;58;871
23106;Lépaud;364;7;371
23107;Lépinas;177;3;180
23108;Leyrat;159;6;165
23109;Linard;166;3;169
23110;Lioux-les-Monges;47;2;49
23111;Lizières;259;11;270
23112;Lourdoueix-Saint-Pierre;864;16;880
23113;Lupersat;331;12;343
23114;Lussat;446;13;459
23115;Magnat-l'Étrange;231;8;239
23116;Mainsat;636;23;659
23117;Maison-Feyne;293;5;298
23118;Maisonnisses;208;6;214
23119;Malleret;40;2;42
23120;Malleret-Boussac;230;10;240
23121;Malval;47;0;47
23122;Mansat-la-Courrière;88;3;91
23123;Les Mars;209;9;218
23124;Marsac;721;14;735
23125;Le Mas-d'Artige;103;1;104
23126;Masbaraud-Mérignat;366;9;375
23127;Mautes;213;2;215
23128;Mazeirat;138;6;144
23129;La Mazière-aux-Bons-Hommes;61;2;63
23130;Méasnes;596;8;604
23131;Mérinchal;754;25;779
23132;Montaigut-le-Blanc;383;9;392
23133;Montboucher;365;33;398
23134;Le Monteil-au-Vicomte;225;49;274
23136;Mortroux;307;9;316
23137;Mourioux-Vieilleville;584;11;595
23138;Moutier-d'Ahun;173;2;175
23139;Moutier-Malcard;540;5;545
23140;Moutier-Rozeille;439;19;458
23141;Naillat;655;12;667
23142;Néoux;301;11;312
23143;Noth;517;7;524
23144;La Nouaille;245;5;250
23145;Nouhant;312;7;319
23146;Nouzerines;252;9;261
23147;Nouzerolles;102;1;103
23148;Nouziers;244;5;249
23149;Parsac;587;15;602
23150;Peyrabout;140;3;143
23151;Peyrat-la-Nonière;463;7;470
23152;Pierrefitte;81;5;86
23154;Pionnat;754;14;768
23155;Pontarion;360;13;373
23156;Pontcharraud;87;3;90
23157;La Pouge;74;1;75
23158;Poussanges;144;3;147
23159;Puy-Malsignat;168;2;170
23160;Reterre;307;9;316
23161;Rimondeix;96;5;101
23162;Roches;406;7;413
23164;Rougnat;569;20;589
23165;Royère-de-Vassivière;568;7;575
23166;Sagnat;203;5;208
23177;Saint-Agnant-de-Versillat;1124;41;1165
23178;Saint-Agnant-près-Crocq;202;4;206
23179;Saint-Alpinien;290;10;300
23180;Saint-Amand;516;24;540
23181;Saint-Amand-Jartoudeix;174;4;178
23182;Saint-Avit-de-Tardes;191;3;194
23183;Saint-Avit-le-Pauvre;76;2;78
23184;Saint-Bard;105;1;106
23185;Saint-Chabrais;329;24;353
23186;Saint-Christophe;126;9;135
23187;Saint-Dizier-la-Tour;233;0;233
23188;Saint-Dizier-les-Domaines;197;5;202
23189;Saint-Dizier-Leyrenne;874;27;901
23190;Saint-Domet;176;5;181
23191;Saint-Éloi;202;3;205
23192;Saint-Étienne-de-Fursac;845;12;857
23195;Saint-Fiel;917;36;953
23196;Saint-Frion;191;3;194
23197;Saint-Georges-la-Pouge;337;2;339
23198;Saint-Georges-Nigremont;159;5;164
23199;Saint-Germain-Beaupré;391;9;400
23200;Saint-Goussaud;209;1;210
23201;Saint-Hilaire-la-Plaine;230;6;236
23202;Saint-Hilaire-le-Château;273;5;278
23203;Saint-Julien-la-Genête;237;6;243
23204;Saint-Julien-le-Châtel;168;1;169
23205;Saint-Junien-la-Bregère;157;2;159
23206;Saint-Laurent;626;15;641
23207;Saint-Léger-Bridereix;190;5;195
23208;Saint-Léger-le-Guérétois;410;7;417
23209;Saint-Loup;177;2;179
23210;Saint-Maixant;228;6;234
23211;Saint-Marc-à-Frongier;350;19;369
23212;Saint-Marc-à-Loubaud;134;5;139
23213;Saint-Marien;174;7;181
23214;Saint-Martial-le-Mont;265;8;273
23215;Saint-Martial-le-Vieux;124;0;124
23216;Saint-Martin-Château;142;6;148
23217;Saint-Martin-Sainte-Catherine;356;5;361
23219;Saint-Maurice-la-Souterraine;1183;29;1212
23218;Saint-Maurice-près-Crocq;119;2;121
23220;Saint-Médard-la-Rochette;576;17;593
23221;Saint-Merd-la-Breuille;212;5;217
23222;Saint-Michel-de-Veisse;161;12;173
23223;Saint-Moreil;263;5;268
23224;Saint-Oradoux-de-Chirouze;84;1;85
23225;Saint-Oradoux-près-Crocq;118;6;124
23226;Saint-Pardoux-d'Arnet;158;6;164
23228;Saint-Pardoux-le-Neuf;174;8;182
23229;Saint-Pardoux-les-Cards;294;10;304
23227;Saint-Pardoux-Morterolles;215;10;225
23232;Saint-Pierre-Bellevue;235;7;242
23230;Saint-Pierre-Chérignat;160;12;172
23231;Saint-Pierre-de-Fursac;810;27;837
23233;Saint-Pierre-le-Bost;153;6;159
23234;Saint-Priest;175;7;182
23235;Saint-Priest-la-Feuille;671;14;685
23236;Saint-Priest-la-Plaine;281;2;283
23237;Saint-Priest-Palus;45;1;46
23238;Saint-Quentin-la-Chabanne;354;16;370
23239;Saint-Sébastien;690;22;712
23240;Saint-Silvain-Bas-le-Roc;483;14;497
23241;Saint-Silvain-Bellegarde;220;3;223
23242;Saint-Silvain-Montaigut;189;1;190
23243;Saint-Silvain-sous-Toulx;144;1;145
23244;Saint-Sulpice-le-Dunois;633;11;644
23245;Saint-Sulpice-le-Guérétois;1998;59;2057
23246;Saint-Sulpice-les-Champs;383;22;405
23247;Saint-Vaury;1855;114;1969
23248;Saint-Victor-en-Marche;357;15;372
23249;Saint-Yrieix-la-Montagne;230;8;238
23250;Saint-Yrieix-les-Bois;336;6;342
23193;Sainte-Feyre;2248;70;2318
23194;Sainte-Feyre-la-Montagne;111;3;114
23167;Sannat;383;14;397
23168;Sardent;834;26;860
23169;La Saunière;624;28;652
23170;Savennes;218;11;229
23171;Sermur;91;6;97
23172;La Serre-Bussière-Vieille;125;2;127
23173;Soubrebost;151;2;153
23174;Soumans;576;17;593
23175;Sous-Parsat;149;2;151
23176;La Souterraine;5375;236;5611
23251;Tardes;139;1;140
23252;Tercillat;175;8;183
23253;Thauron;185;11;196
23254;Toulx-Sainte-Croix;301;5;306
23255;Trois-Fonds;113;0;113
23257;Vallière;756;26;782
23258;Vareilles;291;5;296
23259;Verneiges;93;0;93
23260;Vidaillat;174;3;177
23261;Viersat;347;7;354
23262;Vigeville;140;1;141
23263;Villard;321;10;331
23264;La Villedieu;46;5;51
23265;La Villeneuve;72;1;73
23266;La Villetelle;164;5;169
24001;Abjat-sur-Bandiat;649;10;659
24002;Agonac;1612;34;1646
24004;Ajat;304;4;308
24006;Allas-les-Mines;206;2;208
24007;Allemans;557;25;582
24005;Alles-sur-Dordogne;335;2;337
24008;Angoisse;602;9;611
24009;Anlhiac;283;8;291
24010;Annesse-et-Beaulieu;1442;30;1472
24011;Antonne-et-Trigonant;1200;36;1236
24012;Archignac;328;7;335
24013;Atur;1693;41;1734
24014;Aubas;601;11;612
24015;Audrix;286;11;297
24016;Augignac;821;25;846
24018;Auriac-du-Périgord;413;14;427
24019;Azerat;423;5;428
24020;La Bachellerie;853;19;872
24021;Badefols-d'Ans;464;7;471
24022;Badefols-sur-Dordogne;200;7;207
24023;Baneuil;357;5;362
24024;Bardou;44;1;45
24025;Bars;239;6;245
24026;Bassillac;1762;39;1801
24027;Bayac;376;8;384
24028;Beaumont-du-Périgord;1142;19;1161
24029;Beaupouyet;455;4;459
24030;Beauregard-de-Terrasson;690;16;706
24031;Beauregard-et-Bassac;285;3;288
24032;Beauronne;299;8;307
24033;Beaussac;189;5;194
24034;Beleymas;243;8;251
24035;Belvès;1482;48;1530
24036;Berbiguières;177;7;184
24037;Bergerac;27601;1037;28638
24038;Bertric-Burée;407;13;420
24039;Besse;151;6;157
24040;Beynac-et-Cazenac;511;4;515
24041;Bézenac;126;0;126
24042;Biras;512;4;516
24043;Biron;178;5;183
24044;Blis-et-Born;401;7;408
24045;Boisse;230;4;234
24046;Boisseuilh;127;1;128
24047;La Boissière-d'Ans;238;7;245
24048;Bonneville-et-Saint-Avit-de-Fumadières;301;5;306
24050;Borrèze;350;12;362
24051;Bosset;201;5;206
24052;Bouillac;121;5;126
24053;Boulazac;6708;230;6938
24054;Bouniagues;489;22;511
24055;Bourdeilles;778;19;797
24056;Le Bourdeix;254;1;255
24057;Bourg-des-Maisons;69;0;69
24058;Bourg-du-Bost;231;5;236
24059;Bourgnac;298;9;307
24060;Bourniquel;64;2;66
24061;Bourrou;152;2;154
24062;Bouteilles-Saint-Sébastien;189;4;193
24063;Bouzic;134;4;138
24064;Brantôme;2122;47;2169
24065;Breuilh;215;5;220
24066;Brouchaud;210;1;211
24067;Le Bugue;2760;68;2828
24068;Le Buisson-de-Cadouin;2151;46;2197
24069;Bussac;358;4;362
24070;Busserolles;552;4;556
24071;Bussière-Badil;499;5;504
24073;Calès;357;8;365
24074;Calviac-en-Périgord;514;6;520
24075;Campagnac-lès-Quercy;309;7;316
24076;Campagne;323;7;330
24077;Campsegret;396;10;406
24079;Cantillac;180;5;185
24080;Capdrot;483;8;491
24081;Carlux;642;24;666
24082;Carsac-Aillac;1466;42;1508
24083;Carsac-de-Gurson;193;9;202
24084;Carves;112;4;116
24085;La Cassagne;150;2;152
24086;Castelnaud-la-Chapelle;461;9;470
24087;Castels;541;15;556
24088;Cause-de-Clérans;313;7;320
24089;Cazoulès;436;10;446
24090;Celles;555;7;562
24091;Cénac-et-Saint-Julien;1207;33;1240
24092;Cendrieux;516;16;532
24093;Cercles;177;4;181
24094;Chalagnac;383;4;387
24095;Chaleix;443;10;453
24096;Champagnac-de-Belair;725;22;747
24097;Champagne-et-Fontaine;406;9;415
24098;Champcevinel;2486;102;2588
24099;Champeaux-et-la-Chapelle-Pommier;164;4;168
24100;Champniers-et-Reilhac;508;4;512
24101;Champs-Romain;317;8;325
24102;Chancelade;4150;131;4281
24103;Le Change;592;11;603
24104;Chantérac;520;14;534
24105;Chapdeuil;117;2;119
24106;La Chapelle-Aubareil;450;7;457
24107;La Chapelle-Faucher;377;6;383
24108;La Chapelle-Gonaguet;1024;9;1033
24109;La Chapelle-Grésignac;139;3;142
24110;La Chapelle-Montabourlet;68;4;72
24111;La Chapelle-Montmoreau;76;2;78
24113;La Chapelle-Saint-Jean;76;2;78
24114;Chassaignes;82;1;83
24115;Château-l'Évêque;1959;54;2013
24116;Châtres;166;4;170
24117;Chavagnac;324;11;335
24118;Chenaud;317;24;341
24119;Cherval;312;10;322
24120;Cherveix-Cubas;616;11;627
24121;Chourgnac;71;0;71
24122;Cladech;89;0;89
24124;Clermont-d'Excideuil;270;1;271
24123;Clermont-de-Beauregard;115;5;120
24126;Colombier;236;8;244
24127;Coly;231;2;233
24128;Comberanche-et-Épeluche;176;3;179
24129;Condat-sur-Trincou;488;9;497
24130;Condat-sur-Vézère;833;18;851
24132;Conne-de-Labarde;217;12;229
24131;Connezac;82;0;82
24133;La Coquille;1391;21;1412
24134;Corgnac-sur-l'Isle;800;13;813
24135;Cornille;655;13;668
24136;Coubjours;146;2;148
24137;Coulaures;735;133;868
24138;Coulounieix-Chamiers;8360;441;8801
24140;Cours-de-Pile;1431;39;1470
24139;Coursac;1685;52;1737
24141;Coutures;188;1;189
24142;Coux-et-Bigaroque;944;14;958
24143;Couze-et-Saint-Front;775;27;802
24144;Creyssac;100;0;100
24145;Creysse;1841;65;1906
24146;Creyssensac-et-Pissot;214;7;221
24147;Cubjac;683;29;712
24148;Cunèges;309;5;314
24150;Daglan;541;11;552
24151;Doissat;115;5;120
24152;Domme;1019;18;1037
24153;La Dornac;374;13;387
24154;Douchapt;280;6;286
24155;Douville;430;9;439
24156;La Douze;1024;7;1031
24157;Douzillac;794;9;803
24158;Dussac;366;12;378
24159;Échourgnac;420;10;430
24161;Église-Neuve-d'Issac;130;0;130
24160;Église-Neuve-de-Vergt;365;9;374
24162;Escoire;461;11;472
24163;Étouars;147;1;148
24164;Excideuil;1323;30;1353
24165;Eygurande-et-Gardedeuil;350;5;355
24166;Eyliac;648;15;663
24167;Eymet;2539;81;2620
24170;Eyvirat;270;8;278
24171;Eyzerac;562;5;567
24172;Les Eyzies-de-Tayac-Sireuil;839;21;860
24174;Fanlac;142;5;147
24175;Les Farges;320;26;346
24176;Faurilles;51;2;53
24177;Faux;566;35;601
24178;Festalemps;252;3;255
24179;La Feuillade;756;26;782
24180;Firbeix;330;3;333
24181;Flaugeac;303;102;405
24182;Le Fleix;1417;71;1488
24183;Fleurac;277;5;282
24184;Florimont-Gaumier;141;3;144
24186;Fonroque;249;7;256
24222;La Force;2517;130;2647
24188;Fossemagne;596;11;607
24189;Fougueyrolles;466;11;477
24190;Fouleix;197;1;198
24191;Fraisse;151;3;154
24192;Gabillou;102;2;104
24193;Gageac-et-Rouillac;452;11;463
24194;Gardonne;1347;42;1389
24195;Gaugeac;115;0;115
24196;Génis;490;13;503
24197;Ginestet;828;39;867
24198;La Gonterie-Boulouneix;234;3;237
24199;Gout-Rossignol;415;11;426
24200;Grand-Brassac;530;6;536
24202;Granges-d'Ans;167;5;172
24203;Les Graulges;81;3;84
24204;Grèzes;173;4;177
24205;Grignols;652;12;664
24206;Grives;122;4;126
24207;Groléjac;610;16;626
24208;Grun-Bordas;209;2;211
24209;Hautefaye;113;1;114
24210;Hautefort;1110;7;1117
24211;Issac;370;8;378
24212;Issigeac;663;27;690
24213;Jaure;148;1;149
24214;Javerlhac-et-la-Chapelle-Saint-Robert;899;18;917
24215;Jayac;186;2;188
24216;La Jemaye;96;5;101
24217;Journiac;404;10;414
24218;Jumilhac-le-Grand;1257;74;1331
24219;Labouquerie;198;4;202
24220;Lacropte;615;8;623
24223;Lalinde;2937;86;3023
24224;Lamonzie-Montastruc;586;7;593
24225;Lamonzie-Saint-Martin;2221;63;2284
24226;Lamothe-Montravel;1307;41;1348
24227;Lanouaille;988;18;1006
24228;Lanquais;493;5;498
24229;Le Lardin-Saint-Lazare;1974;37;2011
24230;Larzac;137;2;139
24231;Lavalade;105;3;108
24232;Lavaur;81;2;83
24233;Laveyssière;113;6;119
24234;Les Lèches;310;8;318
24235;Léguillac-de-Cercles;293;7;300
24236;Léguillac-de-l'Auche;831;15;846
24237;Lembras;1167;40;1207
24238;Lempzours;132;5;137
24239;Ligueux;254;6;260
24240;Limeuil;345;35;380
24241;Limeyrat;447;7;454
24242;Liorac-sur-Louyre;222;7;229
24243;Lisle;922;19;941
24244;Lolme;146;1;147
24245;Loubejac;246;11;257
24246;Lunas;338;10;348
24247;Lusignac;185;2;187
24248;Lussas-et-Nontronneau;359;12;371
24249;Manaurie;157;3;160
24251;Manzac-sur-Vern;507;10;517
24252;Marcillac-Saint-Quentin;769;17;786
24253;Mareuil;1130;22;1152
24254;Marnac;193;4;197
24255;Marquay;558;7;565
24256;Marsac-sur-l'Isle;2525;74;2599
24257;Marsalès;218;4;222
24258;Marsaneix;952;36;988
24259;Maurens;1021;34;1055
24260;Mauzac-et-Grand-Castang;842;11;853
24261;Mauzens-et-Miremont;328;13;341
24262;Mayac;294;11;305
24263;Mazeyrolles;359;8;367
24264;Ménesplet;1551;20;1571
24266;Mensignac;1345;46;1391
24267;Mescoules;157;1;158
24268;Meyrals;536;17;553
24269;Mialet;681;13;694
24270;Milhac-d'Auberoche;513;6;519
24271;Milhac-de-Nontron;602;8;610
24272;Minzac;422;6;428
24273;Molières;315;2;317
24274;Monbazillac;957;87;1044
24276;Monestier;365;9;374
24277;Monfaucon;262;11;273
24278;Monmadalès;69;0;69
24279;Monmarvès;46;1;47
24280;Monpazier;530;9;539
24293;Monplaisant;271;11;282
24281;Monsac;178;10;188
24282;Monsaguel;151;6;157
24283;Monsec;175;6;181
24284;Montagnac-d'Auberoche;130;6;136
24285;Montagnac-la-Crempse;385;10;395
24286;Montagrier;508;9;517
24287;Montaut;108;3;111
24288;Montazeau;297;7;304
24289;Montcaret;1354;30;1384
24290;Montferrand-du-Périgord;171;3;174
24291;Montignac;2870;76;2946
24292;Montpeyroux;420;0;420
24294;Montpon-Ménestérol;5667;110;5777
24295;Montrem;1199;14;1213
24296;Mouleydier;1008;25;1033
24297;Moulin-Neuf;840;12;852
24298;Mouzens;240;7;247
24299;Mussidan;2823;46;2869
24300;Nabirat;368;7;375
24301;Nadaillac;339;6;345
24302;Nailhac;277;3;280
24303;Nanteuil-Auriac-de-Bourzac;284;3;287
24304;Nantheuil;1025;14;1039
24305;Nanthiat;283;7;290
24306;Nastringues;113;5;118
24307;Naussannes;217;5;222
24308;Négrondes;799;13;812
24309;Neuvic;3545;108;3653
24310;Nojals-et-Clotte;200;4;204
24311;Nontron;3458;171;3629
24312;Notre-Dame-de-Sanilhac;2885;74;2959
24313;Orliac;50;0;50
24314;Orliaguet;84;4;88
24316;Parcoul;355;1;356
24317;Paulin;274;5;279
24318;Paunat;303;4;307
24319;Paussac-et-Saint-Vivien;453;6;459
24320;Payzac;1061;19;1080
24321;Pazayac;828;15;843
24322;Périgueux;29416;1392;30808
24323;Petit-Bersac;175;7;182
24324;Peyrignac;503;7;510
24325;Peyrillac-et-Millac;205;4;209
24326;Peyzac-le-Moustier;141;1;142
24327;Pezuls;121;4;125
24328;Piégut-Pluviers;1211;42;1253
24329;Le Pizou;1186;15;1201
24168;Plaisance;471;8;479
24330;Plazac;722;19;741
24331;Pomport;771;21;792
24333;Ponteyraud;48;1;49
24334;Pontours;196;5;201
24335;Port-Sainte-Foy-et-Ponchapt;2357;104;2461
24336;Prats-de-Carlux;506;12;518
24337;Prats-du-Périgord;166;2;168
24338;Pressignac-Vicq;451;3;454
24339;Preyssac-d'Excideuil;142;2;144
24340;Prigonrieux;3895;113;4008
24341;Proissans;868;24;892
24343;Puymangou;94;1;95
24344;Puyrenier;59;1;60
24345;Queyssac;463;22;485
24346;Quinsac;382;4;386
24347;Rampieux;152;2;154
24348;Razac-d'Eymet;281;6;287
24349;Razac-de-Saussignac;395;17;412
24350;Razac-sur-l'Isle;2422;35;2457
24351;Ribagnac;307;6;313
24352;Ribérac;4123;211;4334
24354;La Roche-Chalais;2799;52;2851
24353;La Rochebeaucourt-et-Argentine;398;10;408
24355;La Roque-Gageac;416;15;431
24357;Rouffignac-de-Sigoulès;344;4;348
24356;Rouffignac-Saint-Cernin-de-Reilhac;1542;36;1578
24221;Rudeau-Ladosse;167;4;171
24359;Sadillac;102;3;105
24360;Sagelat;352;4;356
24361;Saint-Agne;388;9;397
24363;Saint-Amand-de-Belvès;90;1;91
24364;Saint-Amand-de-Coly;390;15;405
24365;Saint-Amand-de-Vergt;208;3;211
24366;Saint-André-d'Allas;711;19;730
24367;Saint-André-de-Double;155;5;160
24368;Saint-Antoine-Cumond;386;5;391
24369;Saint-Antoine-d'Auberoche;149;0;149
24370;Saint-Antoine-de-Breuilh;2035;64;2099
24371;Saint-Aquilin;490;5;495
24372;Saint-Astier;5329;207;5536
24373;Saint-Aubin-de-Cadelech;315;8;323
24374;Saint-Aubin-de-Lanquais;265;6;271
24375;Saint-Aubin-de-Nabirat;126;3;129
24376;Saint-Aulaye;1359;23;1382
24377;Saint-Avit-de-Vialard;139;4;143
24378;Saint-Avit-Rivière;81;1;82
24379;Saint-Avit-Sénieur;436;18;454
24380;Saint-Barthélemy-de-Bellegarde;504;7;511
24381;Saint-Barthélemy-de-Bussière;227;3;230
24383;Saint-Capraise-d'Eymet;140;0;140
24382;Saint-Capraise-de-Lalinde;550;34;584
24384;Saint-Cassien;33;0;33
24386;Saint-Cernin-de-l'Herm;255;6;261
24385;Saint-Cernin-de-Labarde;199;13;212
24388;Saint-Chamassy;492;13;505
24389;Saint-Cirq;113;6;119
24390;Saint-Crépin-d'Auberoche;276;5;281
24391;Saint-Crépin-de-Richemont;229;2;231
24392;Saint-Crépin-et-Carlucet;486;10;496
24395;Saint-Cybranet;370;6;376
24396;Saint-Cyprien;1567;56;1623
24397;Saint-Cyr-les-Champagnes;276;7;283
24398;Saint-Estèphe;599;13;612
24399;Saint-Étienne-de-Puycorbier;102;2;104
24403;Saint-Félix-de-Bourdeilles;72;1;73
24404;Saint-Félix-de-Reillac-et-Mortemart;196;11;207
24405;Saint-Félix-de-Villadeix;308;5;313
24408;Saint-Front-d'Alemps;272;6;278
24409;Saint-Front-de-Pradoux;1068;25;1093
24410;Saint-Front-la-Rivière;532;8;540
24411;Saint-Front-sur-Nizonne;138;4;142
24412;Saint-Geniès;955;32;987
24413;Saint-Georges-Blancaneix;217;6;223
24414;Saint-Georges-de-Montclard;266;8;274
24415;Saint-Géraud-de-Corps;197;6;203
24416;Saint-Germain-de-Belvès;137;4;141
24417;Saint-Germain-des-Prés;497;9;506
24418;Saint-Germain-du-Salembre;827;8;835
24419;Saint-Germain-et-Mons;713;18;731
24420;Saint-Géry;206;4;210
24421;Saint-Geyrac;228;6;234
24422;Saint-Hilaire-d'Estissac;112;3;115
24424;Saint-Jean-d'Ataux;122;2;124
24426;Saint-Jean-d'Estissac;142;2;144
24427;Saint-Jean-d'Eyraud;195;7;202
24425;Saint-Jean-de-Côle;347;5;352
24428;Saint-Jory-de-Chalais;630;31;661
24429;Saint-Jory-las-Bloux;249;2;251
24433;Saint-Julien-d'Eymet;111;4;115
24430;Saint-Julien-de-Bourdeilles;100;1;101
24431;Saint-Julien-de-Crempse;196;5;201
24432;Saint-Julien-de-Lampon;590;10;600
24434;Saint-Just;132;1;133
24435;Saint-Laurent-des-Bâtons;240;5;245
24436;Saint-Laurent-des-Hommes;1004;17;1021
24437;Saint-Laurent-des-Vignes;729;24;753
24438;Saint-Laurent-la-Vallée;257;10;267
24439;Saint-Laurent-sur-Manoire;871;17;888
24441;Saint-Léon-d'Issigeac;118;3;121
24442;Saint-Léon-sur-l'Isle;1942;33;1975
24443;Saint-Léon-sur-Vézère;429;5;434
24444;Saint-Louis-en-l'Isle;248;4;252
24459;Saint-Maime-de-Péreyrol;260;4;264
24445;Saint-Marcel-du-Périgord;141;2;143
24446;Saint-Marcory;56;1;57
24448;Saint-Martial-d'Albarède;445;12;457
24449;Saint-Martial-d'Artenset;940;14;954
24450;Saint-Martial-de-Nabirat;629;7;636
24451;Saint-Martial-de-Valette;846;26;872
24452;Saint-Martial-Viveyrol;229;1;230
24453;Saint-Martin-de-Fressengeas;380;6;386
24454;Saint-Martin-de-Gurson;571;11;582
24455;Saint-Martin-de-Ribérac;678;13;691
24456;Saint-Martin-des-Combes;194;6;200
24457;Saint-Martin-l'Astier;133;3;136
24458;Saint-Martin-le-Pin;300;7;307
24460;Saint-Méard-de-Drône;465;6;471
24461;Saint-Méard-de-Gurçon;811;18;829
24463;Saint-Médard-d'Excideuil;615;10;625
24462;Saint-Médard-de-Mussidan;1643;17;1660
24464;Saint-Mesmin;275;1;276
24465;Saint-Michel-de-Double;275;4;279
24466;Saint-Michel-de-Montaigne;354;9;363
24468;Saint-Michel-de-Villadeix;291;5;296
24472;Saint-Nexans;851;18;869
24474;Saint-Pancrace;160;3;163
24475;Saint-Pantaly-d'Ans;159;6;165
24476;Saint-Pantaly-d'Excideuil;155;8;163
24477;Saint-Pardoux-de-Drône;215;5;220
24478;Saint-Pardoux-et-Vielvic;184;1;185
24479;Saint-Pardoux-la-Rivière;1149;22;1171
24480;Saint-Paul-de-Serre;259;6;265
24481;Saint-Paul-la-Roche;520;7;527
24482;Saint-Paul-Lizonne;318;10;328
24483;Saint-Perdoux;133;4;137
24487;Saint-Pierre-d'Eyraud;1613;33;1646
24484;Saint-Pierre-de-Chignac;776;11;787
24485;Saint-Pierre-de-Côle;445;14;459
24486;Saint-Pierre-de-Frugie;407;12;419
24488;Saint-Pompont;429;8;437
24489;Saint-Priest-les-Fougères;391;5;396
24490;Saint-Privat-des-Prés;554;27;581
24491;Saint-Rabier;545;10;555
24493;Saint-Raphaël;100;2;102
24494;Saint-Rémy;450;6;456
24495;Saint-Romain-de-Monpazier;78;2;80
24496;Saint-Romain-et-Saint-Clément;331;9;340
24498;Saint-Saud-Lacoussière;856;27;883
24499;Saint-Sauveur;751;23;774
24500;Saint-Sauveur-Lalande;115;1;116
24501;Saint-Seurin-de-Prats;505;11;516
24502;Saint-Séverin-d'Estissac;70;2;72
24505;Saint-Sulpice-d'Excideuil;324;13;337
24503;Saint-Sulpice-de-Mareuil;118;3;121
24504;Saint-Sulpice-de-Roumagnac;216;2;218
24508;Saint-Victor;196;5;201
24509;Saint-Vincent-de-Connezac;519;7;526
24510;Saint-Vincent-de-Cosse;378;9;387
24511;Saint-Vincent-Jalmoutiers;260;2;262
24512;Saint-Vincent-le-Paluel;251;10;261
24513;Saint-Vincent-sur-l'Isle;242;5;247
24514;Saint-Vivien;287;15;302
24362;Sainte-Alvère;828;23;851
24393;Sainte-Croix;91;3;94
24394;Sainte-Croix-de-Mareuil;133;5;138
24401;Sainte-Eulalie-d'Ans;300;23;323
24402;Sainte-Eulalie-d'Eymet;70;0;70
24406;Sainte-Foy-de-Belvès;128;1;129
24407;Sainte-Foy-de-Longas;242;9;251
24423;Sainte-Innocence;107;3;110
24447;Sainte-Marie-de-Chignac;553;4;557
24470;Sainte-Mondane;227;3;230
24471;Sainte-Nathalène;529;14;543
24473;Sainte-Orse;372;12;384
24492;Sainte-Radegonde;57;0;57
24497;Sainte-Sabine-Born;378;7;385
24507;Sainte-Trie;128;4;132
24515;Salagnac;910;18;928
24516;Salignac-Eyvigues;1128;59;1187
24517;Salles-de-Belvès;67;0;67
24518;Salon;244;6;250
24519;Sarlande;417;11;428
24520;Sarlat-la-Canéda;9381;562;9943
24521;Sarliac-sur-l'Isle;1016;41;1057
24522;Sarrazac;389;9;398
24523;Saussignac;409;7;416
24524;Savignac-de-Miremont;145;2;147
24525;Savignac-de-Nontron;191;0;191
24526;Savignac-Lédrier;748;17;765
24527;Savignac-les-Églises;953;42;995
24528;Sceau-Saint-Angel;121;4;125
24529;Segonzac;221;5;226
24530;Sencenac-Puy-de-Fourches;201;4;205
24531;Sergeac;192;7;199
24532;Serres-et-Montguyard;185;4;189
24533;Servanches;86;3;89
24534;Sigoulès;800;183;983
24535;Simeyrols;221;5;226
24536;Singleyrac;308;1;309
24537;Siorac-de-Ribérac;259;2;261
24538;Siorac-en-Périgord;993;24;1017
24540;Sorges;1215;19;1234
24541;Soudat;83;1;84
24542;Soulaures;91;0;91
24543;Sourzac;1086;26;1112
24544;Tamniès;318;13;331
24545;Teillots;129;6;135
24546;Temple-Laguyon;39;3;42
24547;Terrasson-Lavilledieu;6214;116;6330
24548;Teyjat;269;3;272
24549;Thénac;369;6;375
24550;Thenon;1291;17;1308
24551;Thiviers;3174;288;3462
24552;Thonac;258;2;260
24553;Tocane-Saint-Apre;1587;31;1618
24554;La Tour-Blanche;437;6;443
24555;Tourtoirac;633;17;650
24557;Trélissac;6617;271;6888
24558;Trémolat;666;16;682
24559;Tursac;321;5;326
24560;Urval;152;4;156
24561;Valeuil;412;7;419
24562;Vallereuil;276;3;279
24563;Valojoulx;244;6;250
24564;Vanxains;751;142;893
24565;Varaignes;414;3;417
24566;Varennes;449;7;456
24567;Vaunac;248;9;257
24568;Vélines;1154;35;1189
24569;Vendoire;153;2;155
24570;Verdon;57;1;58
24571;Vergt;1725;38;1763
24572;Vergt-de-Biron;194;5;199
24573;Verteillac;645;13;658
24574;Veyrignac;292;4;296
24575;Veyrines-de-Domme;212;28;240
24576;Veyrines-de-Vergt;219;13;232
24577;Vézac;607;19;626
24579;Vieux-Mareuil;329;18;347
24580;Villac;232;1;233
24581;Villamblard;892;4;896
24582;Villars;484;11;495
24584;Villefranche-de-Lonchat;866;12;878
24585;Villefranche-du-Périgord;770;15;785
24586;Villetoureix;857;22;879
24587;Vitrac;835;32;867
25001;Abbans-Dessous;241;4;245
25002;Abbans-Dessus;315;6;321
25003;Abbenans;353;5;358
25004;Abbévillers;1018;16;1034
25005;Accolans;91;0;91
25006;Adam-lès-Passavant;91;3;94
25007;Adam-lès-Vercel;90;2;92
25008;Aibre;456;14;470
25009;Aïssey;163;4;167
25011;Allenjoie;682;5;687
25012;Les Alliés;107;5;112
25013;Allondans;215;5;220
25014;Amagney;719;12;731
25015;Amancey;628;35;663
25016;Amathay-Vésigneux;136;2;138
25017;Amondans;95;4;99
25018;Anteuil;540;11;551
25019;Appenans;415;7;422
25020;Arbouans;1000;18;1018
25021;Arc-et-Senans;1438;42;1480
25025;Arc-sous-Cicon;613;21;634
25026;Arc-sous-Montenot;222;9;231
25022;Arcey;1353;30;1383
25027;Arguel;246;10;256
25024;Arçon;762;15;777
25028;Athose;146;3;149
25029;Aubonne;245;10;255
25030;Audeux;442;5;447
25031;Audincourt;14595;326;14921
25032;Autechaux;374;5;379
25033;Autechaux-Roide;568;18;586
25034;Auxon-Dessous;1167;20;1187
25035;Auxon-Dessus;1081;22;1103
25036;Avanne-Aveney;2336;61;2397
25038;Avilley;170;1;171
25039;Avoudrey;760;20;780
25040;Badevel;879;12;891
25041;Bannans;348;12;360
25042;Le Barboux;232;6;238
25043;Bart;1937;49;1986
25044;Bartherans;48;1;49
25045;Battenans-les-Mines;55;0;55
25046;Battenans-Varin;52;1;53
25047;Baume-les-Dames;5333;117;5450
25048;Bavans;3573;96;3669
25049;Belfays;102;3;105
25050;Le Bélieu;300;10;310
25051;Belleherbe;591;26;617
25052;Belmont;58;2;60
25053;Belvoir;99;4;103
25054;Berche;432;5;437
25055;Berthelange;260;3;263
25056;Besançon;117836;4021;121857
25057;Bethoncourt;6098;117;6215
25058;Beure;1384;22;1406
25059;Beutal;256;2;258
25060;Bians-les-Usiers;542;12;554
25061;Bief;115;3;118
25062;Le Bizot;251;9;260
25063;Blamont;1120;20;1140
25065;Blarians;45;0;45
25066;Blussangeaux;70;2;72
25067;Blussans;186;4;190
25070;Bolandoz;337;12;349
25071;Bondeval;463;15;478
25072;Bonnal;25;1;26
25073;Bonnay;723;8;731
25074;Bonnétage;749;22;771
25075;Bonnevaux;303;14;317
25076;Bonnevaux-le-Prieuré;109;2;111
25077;La Bosse;77;0;77
25078;Bouclans;953;24;977
25079;Boujailles;416;7;423
25082;Bourguignon;938;23;961
25083;Bournois;180;5;185
25084;Boussières;1062;22;1084
25085;Bouverans;316;8;324
25086;Braillans;132;0;132
25087;Branne;174;3;177
25088;Breconchaux;84;2;86
25089;Bremondans;83;3;86
25090;Brères;33;0;33
25091;Les Bréseux;417;16;433
25092;La Bretenière;65;0;65
25093;Bretigney;77;1;78
25094;Bretigney-Notre-Dame;105;1;106
25095;Bretonvillers;227;8;235
25096;Brey-et-Maison-du-Bois;105;7;112
25097;Brognard;436;13;449
25098;Buffard;159;5;164
25099;Bugny;152;5;157
25100;Bulle;377;15;392
25101;Burgille;444;4;448
25102;Burnevillers;49;1;50
25103;Busy;531;17;548
25104;By;80;10;90
25105;Byans-sur-Doubs;578;19;597
25106;Cademène;86;4;90
25107;Cendrey;177;7;184
25108;Cernay-l'Église;253;7;260
25109;Cessey;330;5;335
25110;Chaffois;845;30;875
25111;Chalèze;382;4;386
25112;Chalezeule;1071;24;1095
25113;Chamesey;114;3;117
25114;Chamesol;367;6;373
25115;Champagney;268;7;275
25116;Champlive;261;1;262
25117;Champoux;83;0;83
25119;Champvans-les-Moulins;333;2;335
25120;Chantrans;383;11;394
25122;Chapelle-d'Huin;379;13;392
25121;Chapelle-des-Bois;273;17;290
25123;Charbonnières-les-Sapins;195;2;197
25124;Charmauvillers;236;3;239
25125;Charmoille;303;11;314
25126;Charnay;439;4;443
25127;Charquemont;2413;53;2466
25128;Chasnans;231;4;235
25129;Chassagne-Saint-Denis;113;2;115
25130;Châteauvieux-les-Fossés;7;0;7
25131;Châtelblanc;104;2;106
25132;Châtillon-Guyotte;145;1;146
25133;Châtillon-le-Duc;1987;59;2046
25134;Châtillon-sur-Lison;14;1;15
25136;Chaucenne;538;5;543
25137;Chaudefontaine;222;0;222
25139;La Chaux;419;6;425
25140;Chaux-lès-Clerval;187;5;192
25141;Chaux-lès-Passavant;148;5;153
25142;Chaux-Neuve;257;4;261
25143;Chay;185;5;190
25145;Chazot;130;6;136
25147;Chemaudin;1440;17;1457
25148;La Chenalotte;366;10;376
25149;Chenecey-Buillon;544;5;549
25151;Chevigney-lès-Vercel;126;4;130
25150;Chevigney-sur-l'Ognon;244;3;247
25152;La Chevillotte;81;5;86
25153;Chevroz;104;0;104
25154;Chouzelot;311;5;316
25155;Cléron;305;12;317
25156;Clerval;1023;10;1033
25157;La Cluse-et-Mijoux;1163;37;1200
25159;Colombier-Fontaine;1415;30;1445
25160;Les Combes;692;20;712
25161;Consolation-Maisonnettes;27;0;27
25163;Corcelle-Mieslot;103;1;104
25162;Corcelles-Ferrières;191;0;191
25164;Corcondray;117;1;118
25166;Côtebrune;68;0;68
25173;Cour-Saint-Maurice;178;4;182
25171;Courcelles;74;3;77
25170;Courcelles-lès-Montbéliard;1108;32;1140
25172;Courchapon;166;2;168
25174;Courtefontaine;232;3;235
25175;Courtetain-et-Salans;72;5;77
25176;Courvières;231;8;239
25177;Crosey-le-Grand;175;2;177
25178;Crosey-le-Petit;109;6;115
25179;Le Crouzet;62;0;62
25180;Crouzet-Migette;135;1;136
25181;Cubrial;137;1;138
25182;Cubry;75;0;75
25183;Cusance;95;1;96
25184;Cuse-et-Adrisans;248;5;253
25186;Cussey-sur-l'Ognon;893;8;901
25185;Cussey-sur-Lison;74;3;77
25187;Dambelin;472;7;479
25188;Dambenois;693;10;703
25189;Dammartin-les-Templiers;194;7;201
25190;Dampierre-les-Bois;1551;33;1584
25191;Dampierre-sur-le-Doubs;503;11;514
25192;Dampjoux;138;1;139
25193;Damprichard;1787;51;1838
25194;Dannemarie;101;1;102
25195;Dannemarie-sur-Crète;1294;293;1587
25196;Dasle;1345;32;1377
25197;Deluz;659;11;670
25198;Désandans;715;11;726
25199;Déservillers;293;10;303
25200;Devecey;1428;24;1452
25201;Dommartin;562;14;576
25202;Dompierre-les-Tilleuls;265;9;274
25203;Domprel;126;8;134
25204;Doubs;2480;91;2571
25207;Dung;648;21;669
25208;Durnes;156;5;161
25209;Échay;99;2;101
25210;Échenans;114;4;118
25211;Échevannes;85;0;85
25212;École-Valentin;2319;56;2375
25213;Les Écorces;580;30;610
25214;Écot;434;7;441
25215;L' Écouvotte;109;1;110
25216;Écurcey;282;5;287
25217;Émagny;605;14;619
25218;Épenouse;126;6;132
25219;Épenoy;544;18;562
25220;Épeugney;491;7;498
25221;Esnans;46;1;47
25222;Étalans;1089;42;1131
25223;Éternoz;325;9;334
25224;Étouvans;760;16;776
25225;Étrabonne;165;1;166
25226;Étrappe;179;2;181
25227;Étray;178;4;182
25228;Étupes;3346;54;3400
25229;Évillers;314;11;325
25230;Exincourt;3230;71;3301
25231;Eysson;85;2;87
25232;Faimbe;109;1;110
25233;Fallerans;245;9;254
25234;Ferrières-le-Lac;142;1;143
25235;Ferrières-les-Bois;324;9;333
25236;Fertans;235;7;242
25237;Fesches-le-Châtel;2235;27;2262
25238;Fessevillers;169;1;170
25239;Feule;172;3;175
25240;Les Fins;2805;222;3027
25241;Flagey;134;2;136
25242;Flagey-Rigney;73;1;74
25243;Flangebouche;629;5;634
25244;Fleurey;86;0;86
25245;Fontain;940;31;971
25246;Fontaine-lès-Clerval;236;7;243
25247;Fontenelle-Montby;108;4;112
25248;Les Fontenelles;493;216;709
25249;Fontenotte;53;2;55
25250;Foucherans;421;16;437
25251;Fourbanne;165;2;167
25252;Fourcatier-et-Maison-Neuve;76;6;82
25253;Fourg;328;4;332
25254;Les Fourgs;1179;38;1217
25255;Fournet-Blancheroche;329;10;339
25288;Fournets-Luisans;588;16;604
25256;Frambouhans;702;14;716
25257;Franey;279;3;282
25258;Franois;1917;50;1967
25259;Frasne;1771;47;1818
25261;Froidevaux;57;6;63
25262;Fuans;421;5;426
25263;Gellin;169;9;178
25264;Gémonval;91;2;93
25265;Geneuille;1274;14;1288
25266;Geney;146;4;150
25267;Gennes;625;8;633
25268;Germéfontaine;115;1;116
25269;Germondans;74;1;75
25270;Gevresin;115;5;120
25271;Gilley;1395;24;1419
25273;Glamondans;226;4;230
25274;Glay;319;8;327
25275;Glère;208;7;215
25277;Gondenans-les-Moulins;73;4;77
25276;Gondenans-Montby;169;1;170
25278;Gonsans;504;9;513
25279;Gouhelans;115;5;120
25280;Goumois;188;5;193
25281;Goux-lès-Dambelin;264;5;269
25282;Goux-les-Usiers;644;21;665
25283;Goux-sous-Landet;48;0;48
25284;Grand-Charmont;4850;88;4938
25285;Grand'Combe-Châteleu;1346;38;1384
25286;Grand'Combe-des-Bois;107;3;110
25287;Grandfontaine;1438;39;1477
25289;Grandfontaine-sur-Creuse;87;2;89
25290;La Grange;78;3;81
25293;Granges-Narboz;723;36;759
25295;Les Grangettes;205;10;215
25296;Les Gras;730;21;751
25297;Le Gratteris;138;1;139
25298;Grosbois;251;1;252
25299;Guillon-les-Bains;129;1;130
25300;Guyans-Durnes;212;9;221
25301;Guyans-Vennes;680;17;697
25302;Hautepierre-le-Châtelet;83;0;83
25303;Hauterive-la-Fresse;205;4;209
25304;Hérimoncourt;3863;88;3951
25305;L' Hôpital-du-Grosbois;516;8;524
25306;L' Hôpital-Saint-Lieffroy;85;1;86
25307;Les Hôpitaux-Neufs;708;16;724
25308;Les Hôpitaux-Vieux;343;9;352
25309;Houtaud;916;55;971
25310;Huanne-Montmartin;79;2;81
25311;Hyémondans;185;2;187
25312;Hyèvre-Magny;66;0;66
25313;Hyèvre-Paroisse;192;4;196
25314;Indevillers;225;3;228
25315;L' Isle-sur-le-Doubs;3316;63;3379
25316;Issans;250;13;263
25317;Jallerange;210;1;211
25318;Jougne;1347;25;1372
25319;Labergement-du-Navois;111;0;111
25320;Labergement-Sainte-Marie;1021;39;1060
25322;Laire;389;12;401
25323;Laissey;437;9;446
25324;Lanans;136;3;139
25325;Landresse;195;4;199
25326;Lantenne-Vertière;526;9;535
25327;Lanthenans;65;1;66
25328;Larnod;590;17;607
25329;Laval-le-Prieuré;34;2;36
25330;Lavans-Quingey;170;6;176
25331;Lavans-Vuillafans;209;5;214
25332;Lavernay;563;9;572
25333;Laviron;334;16;350
25334;Levier;1905;271;2176
25335;Liebvillers;204;7;211
25336;Liesle;526;27;553
25338;Lizine;95;3;98
25339;Lods;248;6;254
25340;Lombard;213;2;215
25341;Lomont-sur-Crête;158;4;162
25342;Longechaux;55;0;55
25343;Longemaison;129;3;132
25344;Longevelle-lès-Russey;50;1;51
25345;Longevelle-sur-Doubs;631;12;643
25347;La Longeville;611;15;626
25346;Longeville;144;7;151
25348;Longevilles-Mont-d'Or;402;10;412
25349;Loray;450;11;461
25350;Lougres;747;15;762
25351;Le Luhier;182;8;190
25354;Luxiol;166;3;169
25355;Magny-Châtelard;25;0;25
25356;Maîche;4076;110;4186
25357;Maisons-du-Bois-Lièvremont;588;12;600
25359;Malans;154;0;154
25360;Malbrans;123;1;124
25361;Malbuisson;566;13;579
25362;Malpas;190;10;200
25364;Mamirolle;1640;24;1664
25365;Mancenans;346;5;351
25366;Mancenans-Lizerne;163;5;168
25367;Mandeure;5022;199;5221
25368;Marchaux;1035;15;1050
25369;Marvelise;155;2;157
25370;Mathay;2137;44;2181
25371;Mazerolles-le-Salin;184;4;188
25372;Médière;325;12;337
25373;Le Mémont;39;1;40
25374;Mercey-le-Grand;452;1;453
25375;Mérey-sous-Montrond;438;4;442
25376;Mérey-Vieilley;100;3;103
25377;Mésandans;148;4;152
25378;Meslières;352;5;357
25379;Mesmay;66;6;72
25380;Métabief;888;17;905
25381;Miserey-Salines;2109;56;2165
25382;Moncey;469;8;477
25383;Moncley;331;4;335
25384;Mondon;74;0;74
25391;Mont-de-Laval;176;9;185
25392;Mont-de-Vougney;159;4;163
25385;Montagney-Servigney;108;4;112
25386;Montancy;147;5;152
25387;Montandon;313;9;322
25388;Montbéliard;26392;651;27043
25389;Montbéliardot;87;3;90
25390;Montbenoît;347;8;355
25393;Montécheroux;571;16;587
25394;Montenois;1520;36;1556
25395;Montfaucon;1466;51;1517
25397;Montferrand-le-Château;2171;28;2199
25398;Montflovin;91;1;92
25399;Montfort;87;38;125
25400;Montgesoye;510;11;521
25401;Montivernage;32;1;33
25402;Montjoie-le-Château;26;0;26
25403;Montlebon;1896;47;1943
25404;Montmahoux;74;3;77
25405;Montperreux;767;29;796
25406;Montrond-le-Château;563;15;578
25408;Montussaint;64;0;64
25410;Morre;1245;39;1284
25411;Morteau;6403;339;6742
25413;Mouthe;975;25;1000
25414;Le Moutherot;99;0;99
25415;Mouthier-Haute-Pierre;314;5;319
25416;Myon;188;11;199
25417;Naisey-les-Granges;694;12;706
25418;Nancray;1193;30;1223
25419;Nans;82;4;86
25420;Nans-sous-Sainte-Anne;143;3;146
25421;Narbief;69;0;69
25422;Neuchâtel-Urtière;151;1;152
25424;Nods;524;10;534
25425;Noël-Cerneux;335;7;342
25426;Noirefontaine;360;10;370
25427;Noironte;311;9;320
25428;Nommay;1580;40;1620
25429;Novillars;1612;47;1659
25430;Ollans;44;3;47
25431;Onans;369;11;380
25432;Orchamps-Vennes;1801;45;1846
25433;Orgeans-Blanchefontaine;46;0;46
25434;Ornans;4106;110;4216
25435;Orsans;153;1;154
25436;Orve;68;1;69
25437;Osse;317;9;326
25438;Osselle;376;4;380
25439;Ougney-Douvot;175;1;176
25440;Ouhans;376;8;384
25441;Ouvans;52;3;55
25442;Oye-et-Pallet;691;13;704
25443;Palantine;36;0;36
25444;Palise;117;0;117
25445;Paroy;113;4;117
25446;Passavant;200;6;206
25447;Passonfontaine;274;10;284
25448;Pelousey;1407;28;1435
25449;Péseux;96;6;102
25450;Pessans;72;3;75
25451;Petite-Chaux;127;6;133
25452;Pierrefontaine-lès-Blamont;388;7;395
25453;Pierrefontaine-les-Varans;1271;63;1334
25454;Pirey;1754;55;1809
25455;Placey;161;4;165
25456;Plaimbois-du-Miroir;181;3;184
25457;Plaimbois-Vennes;72;4;76
25458;Les Plains-et-Grands-Essarts;185;0;185
25459;La Planée;228;6;234
25460;Pointvillers;105;0;105
25461;Pompierre-sur-Doubs;320;7;327
25463;Pont-de-Roide;4619;116;4735
25465;Pont-les-Moulins;174;2;176
25462;Pontarlier;18939;835;19774
25464;Les Pontets;102;3;105
25466;Pouilley-Français;653;14;667
25467;Pouilley-les-Vignes;1868;49;1917
25468;Pouligney-Lusans;745;18;763
25469;Présentevillers;476;11;487
25470;La Prétière;150;3;153
25471;Provenchère;113;3;116
25472;Puessans;41;1;42
25473;Pugey;743;7;750
25474;Le Puy;66;0;66
25475;Quingey;1214;17;1231
25476;Rahon;107;1;108
25477;Rancenay;291;8;299
25478;Randevillers;101;2;103
25479;Rang;396;11;407
25480;Rantechaux;192;4;196
25481;Raynans;310;10;320
25482;Recologne;551;17;568
25483;Reculfoz;51;1;52
25485;Rémondans-Vaivre;217;6;223
25486;Remoray-Boujeons;314;6;320
25487;Renédale;35;2;37
25488;Rennes-sur-Loue;94;3;97
25489;Reugney;310;6;316
25490;Rigney;427;6;433
25491;Rignosot;119;0;119
25492;Rillans;79;1;80
25493;La Rivière-Drugeon;750;15;765
25496;Roche-lès-Clerval;96;2;98
25495;Roche-lez-Beaupré;2070;29;2099
25494;Rochejean;512;19;531
25497;Roches-lès-Blamont;646;18;664
25498;Rognon;46;0;46
25499;Romain;102;2;104
25500;Ronchaux;85;4;89
25501;Rondefontaine;28;1;29
25502;Roset-Fluans;441;10;451
25503;Rosières-sur-Barbèche;103;7;110
25504;Rosureux;94;0;94
25505;Rougemont;1241;25;1266
25506;Rougemontot;93;1;94
25507;Rouhe;77;1;78
25508;Roulans;1063;15;1078
25509;Routelle;486;12;498
25510;Ruffey-le-Château;295;5;300
25511;Rurey;316;5;321
25512;Le Russey;1981;95;2076
25514;Saint-Antoine;285;8;293
25516;Saint-Georges-Armont;102;3;105
25517;Saint-Gorgon-Main;251;2;253
25518;Saint-Hilaire;140;1;141
25519;Saint-Hippolyte;918;24;942
25520;Saint-Juan;192;5;197
25521;Saint-Julien-lès-Montbéliard;173;4;177
25522;Saint-Julien-lès-Russey;148;1;149
25524;Saint-Maurice-Colombier;867;11;878
25525;Saint-Point-Lac;251;8;259
25527;Saint-Vit;4625;74;4699
25513;Sainte-Anne;30;0;30
25515;Sainte-Colombe;259;11;270
25523;Sainte-Marie;721;23;744
25526;Sainte-Suzanne;1434;20;1454
25528;Samson;66;1;67
25529;Sancey-le-Grand;1003;40;1043
25530;Sancey-le-Long;400;23;423
25531;Santoche;85;1;86
25532;Saône;3154;69;3223
25533;Saraz;22;0;22
25534;Sarrageois;144;3;147
25535;Saules;205;3;208
25536;Sauvagney;156;5;161
25537;Scey-Maisières;318;6;324
25538;Séchin;127;1;128
25539;Seloncourt;5922;201;6123
25540;Semondans;311;7;318
25541;Septfontaines;283;10;293
25542;Serre-les-Sapins;1559;35;1594
25544;Servin;177;7;184
25545;Silley-Amancey;117;2;119
25546;Silley-Bléfond;71;1;72
25547;Sochaux;4272;62;4334
25548;Solemont;145;6;151
25549;Sombacour;580;7;587
25550;La Sommette;179;9;188
25551;Soulce-Cernay;105;2;107
25552;Sourans;122;0;122
25553;Soye;315;2;317
25554;Surmont;129;5;134
25555;Taillecourt;1042;22;1064
25556;Tallans;33;0;33
25557;Tallenay;403;10;413
25558;Tarcenay;857;16;873
25138;Les Terres-de-Chaux;127;1;128
25559;Thiébouhans;226;3;229
25560;Thise;3202;58;3260
25561;Thoraise;282;6;288
25562;Thulay;208;7;215
25563;Thurey-le-Mont;112;1;113
25564;Torpes;788;10;798
25565;Touillon-et-Loutelet;211;5;216
25566;La Tour-de-Sçay;244;7;251
25567;Tournans;114;4;118
25569;Trépot;495;13;508
25570;Tressandans;36;0;36
25571;Trévillers;478;11;489
25572;Trouvans;77;0;77
25573;Urtière;8;0;8
25574;Uzelle;154;2;156
25575;Vaire-Arcier;513;8;521
25576;Vaire-le-Petit;195;4;199
25579;Val-de-Roulans;126;2;128
25578;Valdahon;4777;120;4897
25580;Valentigney;11484;233;11717
25582;Valleroy;110;1;111
25583;Valonne;215;4;219
25584;Valoreille;104;5;109
25585;Vanclans;208;10;218
25586;Vandoncourt;817;23;840
25587;Vauchamps;124;4;128
25588;Vaucluse;103;47;150
25589;Vauclusotte;100;5;105
25590;Vaudrivillers;79;1;80
25591;Vaufrey;145;2;147
25592;Vaux-et-Chantegrue;557;8;565
25593;Vaux-les-Prés;367;5;372
25594;Velesmes-Essarts;312;0;312
25595;Vellerot-lès-Belvoir;113;0;113
25596;Vellerot-lès-Vercel;45;4;49
25597;Vellevans;194;3;197
25598;Venise;426;7;433
25599;Vennans;173;5;178
25600;Vennes;134;2;136
25601;Vercel-Villedieu-le-Camp;1414;121;1535
25602;Vergranne;127;2;129
25604;Verne;142;2;144
25605;Vernierfontaine;408;5;413
25607;Vernois-lès-Belvoir;66;2;68
25608;Le Vernoy;131;7;138
25609;Verrières-de-Joux;429;8;437
25610;Verrières-du-Grosbois;22;0;22
25611;La Vèze;441;14;455
25612;Vieilley;709;8;717
25613;Viéthorey;127;1;128
25614;Vieux-Charmont;2487;55;2542
25615;Villars-lès-Blamont;441;11;452
25616;Villars-Saint-Georges;245;1;246
25617;Villars-sous-Dampjoux;389;6;395
25618;Villars-sous-Écot;384;8;392
25620;Ville-du-Pont;274;4;278
25619;Les Villedieu;154;2;156
25621;Villeneuve-d'Amont;269;39;308
25622;Villers-Buzon;257;9;266
25623;Villers-Chief;116;1;117
25624;Villers-Grélot;152;4;156
25625;Villers-la-Combe;52;1;53
25321;Villers-le-Lac;4352;119;4471
25626;Villers-Saint-Martin;205;10;215
25627;Villers-sous-Chalamont;278;10;288
25628;Villers-sous-Montrond;164;10;174
25629;Voillans;210;8;218
25630;Voires;56;2;58
25631;Vorges-les-Pins;501;8;509
25632;Voujeaucourt;3396;84;3480
25633;Vuillafans;713;12;725
25634;Vuillecin;571;19;590
25635;Vyt-lès-Belvoir;174;3;177
26001;Aix-en-Diois;340;9;349
26002;Albon;1694;39;1733
26003;Aleyrac;44;2;46
26004;Alixan;2268;59;2327
26005;Allan;1596;56;1652
26006;Allex;2413;69;2482
26007;Ambonil;116;8;124
26008;Ancône;1028;27;1055
26009;Andancette;1242;26;1268
26010;Anneyron;3727;119;3846
26011;Aouste-sur-Sye;2248;41;2289
26012;Arnayon;33;0;33
26013;Arpavon;70;3;73
26014;Arthémonay;513;9;522
26015;Aubenasson;62;3;65
26016;Aubres;423;12;435
26017;Aucelon;29;0;29
26018;Aulan;4;0;4
26019;Aurel;222;4;226
26021;Autichamp;145;1;146
26022;Ballons;88;2;90
26023;Barbières;719;14;733
26024;Barcelonne;360;13;373
26025;Barnave;156;10;166
26026;Barret-de-Lioure;75;2;77
26027;Barsac;166;3;169
26028;Bathernay;231;9;240
26030;La Bâtie-des-Fonds;8;0;8
26031;La Bâtie-Rolland;906;34;940
26032;La Baume-Cornillane;442;14;456
26034;La Baume-d'Hostun;468;9;477
26033;La Baume-de-Transit;826;31;857
26035;Beaufort-sur-Gervanne;380;10;390
26036;Beaumont-en-Diois;77;3;80
26037;Beaumont-lès-Valence;3778;121;3899
26038;Beaumont-Monteux;1010;31;1041
26039;Beauregard-Baret;745;21;766
26040;Beaurières;85;3;88
26041;Beausemblant;1261;36;1297
26042;Beauvallon;1628;35;1663
26043;Beauvoisin;158;3;161
26045;La Bégude-de-Mazenc;1421;51;1472
26046;Bellecombe-Tarendol;94;1;95
26047;Bellegarde-en-Diois;75;3;78
26048;Bénivay-Ollon;63;2;65
26049;Bésayes;996;31;1027
26050;Bésignan;66;1;67
26051;Bézaudun-sur-Bîne;84;0;84
26052;Bonlieu-sur-Roubion;382;5;387
26054;Bouchet;1021;12;1033
26055;Boulc;116;3;119
26056;Bourdeaux;611;15;626
26057;Bourg-de-Péage;10034;249;10283
26058;Bourg-lès-Valence;18351;584;18935
26059;Bouvante;238;9;247
26060;Bouvières;153;7;160
26061;Bren;534;9;543
26062;Brette;31;0;31
26063;Buis-les-Baronnies;2290;68;2358
26064;Chabeuil;6462;177;6639
26065;Chabrillan;654;20;674
26066;Le Chaffal;50;4;54
26067;Chalancon;62;0;62
26068;Le Chalon;175;2;177
26069;Chamaloc;114;6;120
26070;Chamaret;537;17;554
26071;Chanos-Curson;1075;22;1097
26072;Chantemerle-les-Blés;1082;21;1103
26073;Chantemerle-lès-Grignan;220;8;228
26074;La Chapelle-en-Vercors;674;117;791
26075;La Charce;43;0;43
26076;Charens;21;1;22
26077;Charmes-sur-l'Herbasse;855;34;889
26078;Charols;721;16;737
26079;Charpey;1201;12;1213
26080;Chastel-Arnaud;49;1;50
26081;Châteaudouble;534;21;555
26082;Châteauneuf-de-Bordette;110;3;113
26083;Châteauneuf-de-Galaure;1497;496;1993
26085;Châteauneuf-du-Rhône;2236;59;2295
26084;Châteauneuf-sur-Isère;3621;118;3739
26086;Châtillon-en-Diois;570;19;589
26087;Châtillon-Saint-Jean;1194;21;1215
26088;Chatuzange-le-Goubet;4561;104;4665
26089;Chaudebonne;61;3;64
26090;La Chaudière;22;0;22
26091;Chauvac-Laux-Montaux;44;3;47
26092;Chavannes;447;9;456
26093;Clansayes;523;24;547
26094;Claveyson;837;20;857
26095;Cléon-d'Andran;904;31;935
26096;Clérieux;2017;36;2053
26097;Cliousclat;621;24;645
26098;Cobonne;169;4;173
26099;Colonzelle;478;25;503
26100;Combovin;407;9;416
26101;Comps;158;6;164
26102;Condillac;157;5;162
26103;Condorcet;467;8;475
26104;Cornillac;87;1;88
26105;Cornillon-sur-l'Oule;69;2;71
26106;La Coucourde;918;11;929
26107;Crépol;476;4;480
26108;Crest;7789;310;8099
26110;Crozes-Hermitage;526;7;533
26111;Crupies;93;2;95
26112;Curnier;213;10;223
26113;Die;4375;254;4629
26114;Dieulefit;3148;167;3315
26115;Divajeu;578;49;627
26116;Donzère;4932;118;5050
26117;Échevis;59;2;61
26118;Épinouze;1272;35;1307
26119;Érôme;782;9;791
26121;Espeluche;1057;28;1085
26122;Espenel;119;6;125
26123;Establet;27;2;29
26124;Étoile-sur-Rhône;4471;126;4597
26125;Eurre;1103;20;1123
26126;Eygalayes;70;3;73
26127;Eygaliers;137;2;139
26128;Eygluy-Escoulin;67;3;70
26129;Eymeux;879;20;899
26130;Eyroles;22;0;22
26131;Eyzahut;127;3;130
26133;Fay-le-Clos;155;8;163
26134;Félines-sur-Rimandoule;66;1;67
26135;Ferrassières;118;0;118
26137;Francillon-sur-Roubion;173;6;179
26138;La Garde-Adhémar;1138;47;1185
26139;Génissieux;2028;79;2107
26380;Gervans;524;12;536
26140;Geyssans;549;38;587
26141;Gigors-et-Lozeron;165;9;174
26142;Glandage;90;2;92
26143;Le Grand-Serre;776;41;817
26144;Grane;1694;77;1771
26145;Les Granges-Gontardes;578;11;589
26379;Granges-les-Beaumont;947;29;976
26146;Grignan;1479;60;1539
26147;Gumiane;28;0;28
26148;Hauterives;1558;50;1608
26149;Hostun;926;16;942
26150;Izon-la-Bruisse;12;0;12
26381;Jaillans;761;10;771
26152;Jonchères;37;1;38
26153;Laborel;99;1;100
26154;Lachau;206;2;208
26155;Lapeyrouse-Mornay;1048;21;1069
26156;Larnage;982;27;1009
26157;La Laupie;656;20;676
26159;Laval-d'Aix;110;5;115
26160;Laveyron;918;16;934
26161;Lemps;42;0;42
26162;Lens-Lestang;790;15;805
26163;Léoncel;47;1;48
26164;Lesches-en-Diois;52;2;54
26165;Livron-sur-Drôme;8945;215;9160
26166;Loriol-sur-Drôme;5722;106;5828
26167;Luc-en-Diois;532;6;538
26168;Lus-la-Croix-Haute;489;5;494
26169;Malataverne;1624;56;1680
26170;Malissard;3157;115;3272
26171;Manas;169;6;175
26172;Manthes;623;15;638
26173;Marches;717;15;732
26174;Margès;850;17;867
26175;Marignac-en-Diois;156;9;165
26176;Marsanne;1227;40;1267
26177;Marsaz;616;23;639
26178;Menglon;393;13;406
26179;Mercurol;2070;57;2127
26180;Mérindol-les-Oliviers;189;8;197
26181;Mévouillon;212;4;216
26182;Mirabel-aux-Baronnies;1512;44;1556
26183;Mirabel-et-Blacons;888;37;925
26184;Miribel;244;6;250
26185;Mirmande;502;23;525
26186;Miscon;48;4;52
26187;Molières-Glandaz;118;2;120
26188;Mollans-sur-Ouvèze;996;16;1012
26189;Montauban-sur-l'Ouvèze;121;9;130
26190;Montaulieu;74;5;79
26191;Montboucher-sur-Jabron;1844;56;1900
26192;Montbrison-sur-Lez;310;11;321
26193;Montbrun-les-Bains;448;10;458
26194;Montchenu;556;11;567
26195;Montclar-sur-Gervanne;188;1;189
26196;Montéléger;1885;122;2007
26197;Montélier;3351;94;3445
26198;Montélimar;34636;1352;35988
26199;Montferrand-la-Fare;52;1;53
26200;Montfroc;80;3;83
26201;Montguers;58;0;58
26202;Montjoux;312;5;317
26203;Montjoyer;281;5;286
26204;Montlaur-en-Diois;145;7;152
26205;Montmaur-en-Diois;80;5;85
26206;Montmeyran;2787;67;2854
26207;Montmiral;606;26;632
26208;Montoison;1692;47;1739
26209;Montréal-les-Sources;29;0;29
26210;Montrigaud;495;10;505
26211;Montségur-sur-Lauzon;1142;41;1183
26212;Montvendre;1015;17;1032
26213;Moras-en-Valloire;604;22;626
26214;Mornans;70;0;70
26215;La Motte-Chalancon;464;5;469
26216;La Motte-de-Galaure;687;7;694
26217;La Motte-Fanjas;173;2;175
26218;Mours-Saint-Eusèbe;2446;68;2514
26219;Mureils;345;5;350
26220;Nyons;7109;246;7355
26221;Omblèze;72;1;73
26222;Orcinas;28;0;28
26223;Oriol-en-Royans;503;18;521
26224;Ourches;208;2;210
26225;Parnans;620;12;632
26226;Le Pègue;381;9;390
26227;Pelonne;19;0;19
26229;La Penne-sur-l'Ouvèze;95;10;105
26228;Pennes-le-Sec;18;1;19
26231;Peyrins;2455;96;2551
26232;Peyrus;595;22;617
26233;Piégon;238;12;250
26234;Piégros-la-Clastre;865;22;887
26235;Pierrelatte;12571;390;12961
26236;Pierrelongue;169;8;177
26238;Les Pilles;252;5;257
26239;Plaisians;187;8;195
26240;Plan-de-Baix;143;1;144
26241;Le Poët-Célard;143;5;148
26242;Le Poët-en-Percip;19;0;19
26243;Le Poët-Laval;884;62;946
26244;Le Poët-Sigillat;113;1;114
26245;Pommerol;18;1;19
26246;Ponet-et-Saint-Auban;124;2;126
26247;Ponsas;431;19;450
26249;Pont-de-Barret;541;22;563
26250;Pont-de-l'Isère;2622;42;2664
26248;Pontaix;168;3;171
26251;Portes-en-Valdaine;379;24;403
26252;Portes-lès-Valence;9304;151;9455
26253;Poyols;77;1;78
26254;Pradelle;18;2;20
26255;Les Prés;23;1;24
26256;Propiac;108;0;108
26258;Puy-Saint-Martin;833;23;856
26257;Puygiron;414;12;426
26259;Ratières;277;6;283
26261;Réauville;371;9;380
26262;Recoubeau-Jansac;231;5;236
26263;Reilhanette;147;7;154
26264;Rémuzat;313;8;321
26020;La Répara-Auriples;222;6;228
26266;Rimon-et-Savel;31;1;32
26267;Rioms;22;2;24
26271;La Roche-de-Glun;3139;65;3204
26276;Roche-Saint-Secret-Béconne;359;13;372
26277;La Roche-sur-Grane;155;3;158
26278;La Roche-sur-le-Buis;324;9;333
26268;Rochebaudin;122;5;127
26269;Rochebrune;46;0;46
26270;Rochechinard;102;13;115
26272;Rochefort-en-Valdaine;343;19;362
26273;Rochefort-Samson;930;22;952
26274;Rochefourchat;1;0;1
26275;Rochegude;1412;48;1460
26279;La Rochette-du-Buis;68;3;71
26281;Romans-sur-Isère;33234;733;33967
26282;Romeyer;208;9;217
26283;Rottier;30;0;30
26284;Roussas;336;15;351
26285;Rousset-les-Vignes;289;18;307
26286;Roussieux;24;1;25
26287;Roynac;417;12;429
26288;Sahune;301;9;310
26289;Saillans;1006;17;1023
26290;Saint-Agnan-en-Vercors;383;19;402
26291;Saint-Andéol;51;3;54
26292;Saint-Auban-sur-l'Ouvèze;206;0;206
26293;Saint-Avit;307;8;315
26294;Saint-Bardoux;624;9;633
26295;Saint-Barthélemy-de-Vals;1795;33;1828
26296;Saint-Benoit-en-Diois;38;5;43
26297;Saint-Bonnet-de-Valclérieux;212;1;213
26298;Saint-Christophe-et-le-Laris;395;6;401
26300;Saint-Dizier-en-Diois;35;2;37
26301;Saint-Donat-sur-l'Herbasse;3497;69;3566
26304;Saint-Ferréol-Trente-Pas;235;5;240
26305;Saint-Gervais-sur-Roubion;771;13;784
26307;Saint-Jean-en-Royans;3011;90;3101
26308;Saint-Julien-en-Quint;131;1;132
26309;Saint-Julien-en-Vercors;223;5;228
26310;Saint-Laurent-d'Onay;129;3;132
26311;Saint-Laurent-en-Royans;1306;88;1394
26312;Saint-Marcel-lès-Sauzet;1130;47;1177
26313;Saint-Marcel-lès-Valence;4762;118;4880
26314;Saint-Martin-d'Août;365;15;380
26315;Saint-Martin-en-Vercors;355;16;371
26316;Saint-Martin-le-Colonel;186;5;191
26317;Saint-Maurice-sur-Eygues;629;12;641
26318;Saint-May;47;3;50
26319;Saint-Michel-sur-Savasse;504;8;512
26320;Saint-Nazaire-en-Royans;703;10;713
26321;Saint-Nazaire-le-Désert;139;2;141
26322;Saint-Pantaléon-les-Vignes;433;14;447
26323;Saint-Paul-lès-Romans;1690;42;1732
26324;Saint-Paul-Trois-Châteaux;8340;440;8780
26325;Saint-Rambert-d'Albon;5198;64;5262
26326;Saint-Restitut;1363;63;1426
26327;Saint-Roman;159;5;164
26328;Saint-Sauveur-en-Diois;61;0;61
26329;Saint-Sauveur-Gouvernet;205;11;216
26330;Saint-Sorlin-en-Valloire;1878;39;1917
26331;Saint-Thomas-en-Royans;504;17;521
26332;Saint-Uze;1842;26;1868
26333;Saint-Vallier;4010;119;4129
26382;Saint-Vincent-la-Commanderie;412;9;421
26299;Sainte-Croix;91;3;94
26302;Sainte-Eulalie-en-Royans;502;16;518
26303;Sainte-Euphémie-sur-Ouvèze;99;3;102
26306;Sainte-Jalle;272;3;275
26334;Salettes;123;1;124
26335;Salles-sous-Bois;207;8;215
26336;Saou;503;22;525
26337;Saulce-sur-Rhône;1673;34;1707
26338;Sauzet;1858;88;1946
26339;Savasse;1243;45;1288
26340;Séderon;291;4;295
26341;Serves-sur-Rhône;642;6;648
26342;Solérieux;294;5;299
26343;Souspierre;102;0;102
26344;Soyans;332;12;344
26346;Suze;253;6;259
26345;Suze-la-Rousse;1838;58;1896
26347;Tain-l'Hermitage;5740;193;5933
26348;Taulignan;1589;36;1625
26349;Tersanne;265;7;272
26350;Teyssières;89;4;93
26351;Les Tonils;18;0;18
26352;La Touche;190;12;202
26353;Les Tourrettes;940;10;950
26354;Treschenu-Creyers;130;2;132
26355;Triors;521;9;530
26356;Truinas;131;7;138
26357;Tulette;1877;32;1909
26358;Upie;1347;43;1390
26359;Vachères-en-Quint;31;2;33
26136;Val-Maravel;43;2;45
26360;Valaurie;533;19;552
26361;Valdrôme;136;8;144
26362;Valence;64803;1764;66567
26363;Valouse;42;1;43
26364;Vassieux-en-Vercors;355;8;363
26365;Vaunaveys-la-Rochette;580;19;599
26366;Veaunes;266;5;271
26367;Venterol;634;19;653
26368;Vercheny;426;15;441
26369;Verclause;81;5;86
26370;Vercoiran;124;2;126
26371;Véronne;42;1;43
26372;Vers-sur-Méouge;43;1;44
26373;Vesc;279;10;289
26374;Villebois-les-Pins;18;0;18
26375;Villefranche-le-Château;23;1;24
26376;Villeperdrix;105;5;110
26377;Vinsobres;1093;56;1149
26378;Volvent;43;0;43
27001;Aclou;244;0;244
27002;Acon;458;3;461
27003;Acquigny;1611;58;1669
27004;Aigleville;314;4;318
27005;Ailly;1040;21;1061
27006;Aizier;112;5;117
27007;Ajou;241;1;242
27008;Alizay;1361;8;1369
27009;Ambenay;493;8;501
27010;Amécourt;171;0;171
27011;Amfreville-la-Campagne;899;16;915
27012;Amfreville-les-Champs;409;6;415
27013;Amfreville-sous-les-Monts;534;21;555
27014;Amfreville-sur-Iton;776;10;786
27015;Andé;1050;20;1070
27016;Les Andelys;8208;230;8438
27017;Angerville-la-Campagne;1141;49;1190
27018;Appeville-Annebault;874;12;886
27019;Armentières-sur-Avre;175;2;177
27020;Arnières-sur-Iton;1647;55;1702
27021;Asnières;247;3;250
27022;Aubevoye;4412;93;4505
27023;Aulnay-sur-Iton;669;18;687
27025;Autheuil-Authouillet;837;20;857
27026;Authevernes;415;5;420
27027;Les Authieux;230;5;235
27028;Authou;343;2;345
27031;Aviron;1126;52;1178
27032;Avrilly;377;10;387
27033;Bacquepuis;328;7;335
27034;Bacqueville;498;6;504
27035;Bailleul-la-Vallée;129;1;130
27036;Bâlines;432;9;441
27037;Barc;898;13;911
27038;Les Barils;161;10;171
27039;Barneville-sur-Seine;461;39;500
27040;Barquet;348;14;362
27041;La Barre-en-Ouche;926;13;939
27042;Barville;74;3;77
27043;Les Baux-de-Breteuil;625;9;634
27044;Les Baux-Sainte-Croix;938;33;971
27045;Bazincourt-sur-Epte;633;24;657
27046;Bazoques;147;4;151
27047;Beaubray;276;10;286
27048;Beauficel-en-Lyons;171;0;171
27049;Beaumesnil;527;73;600
27051;Beaumont-le-Roger;2928;35;2963
27050;Beaumontel;715;13;728
27052;Le Bec-Hellouin;414;1;415
27053;Le Bec-Thomas;224;7;231
27054;Bémécourt;464;8;472
27055;Bérengeville-la-Campagne;284;5;289
27056;Bernay;10434;477;10911
27057;Bernienville;263;6;269
27058;Bernières-sur-Seine;312;9;321
27059;Bernouville;327;11;338
27060;Berthenonville;230;7;237
27061;Berthouville;285;6;291
27062;Berville-en-Roumois;702;12;714
27063;Berville-la-Campagne;140;2;142
27064;Berville-sur-Mer;523;6;529
27065;Beuzeville;3568;36;3604
27066;Bézu-la-Forêt;214;3;217
27067;Bézu-Saint-Éloi;1209;28;1237
27068;Bois-Anzeray;155;0;155
27069;Bois-Arnault;725;14;739
27071;Le Bois-Hellain;220;4;224
27072;Bois-Jérôme-Saint-Ouen;738;34;772
27073;Bois-le-Roi;930;15;945
27075;Bois-Normand-près-Lyre;345;3;348
27070;Boisemont;788;11;799
27074;Boisney;280;8;288
27076;Boisset-les-Prévanches;431;6;437
27077;Boissey-le-Châtel;827;15;842
27078;La Boissière;254;3;257
27079;Boissy-Lamberville;276;6;282
27081;Boncourt;166;0;166
27083;Bonneville-Aptot;212;5;217
27082;La Bonneville-sur-Iton;2305;44;2349
27084;Bosc-Bénard-Commin;309;0;309
27085;Bosc-Bénard-Crescy;384;3;387
27088;Bosc-Renoult-en-Ouche;154;1;155
27089;Bosc-Renoult-en-Roumois;426;12;438
27090;Le Bosc-Roger-en-Roumois;3227;59;3286
27091;Bosgouet;581;7;588
27092;Bosguérard-de-Marcouville;562;9;571
27093;Bosnormand;319;3;322
27094;Bosquentin;87;0;87
27095;Bosrobert;440;7;447
27096;Les Bottereaux;309;5;314
27097;Bouafles;632;14;646
27098;Bouchevilliers;78;0;78
27099;Le Boulay-Morin;653;13;666
27100;Boulleville;892;16;908
27101;Bouquelon;379;10;389
27102;Bouquetot;993;15;1008
27103;Bourg-Achard;2822;47;2869
27104;Bourg-Beaudouin;733;10;743
27105;Bourgtheroulde-Infreville;2948;38;2986
27106;Bournainville-Faverolles;367;11;378
27107;Bourneville;841;20;861
27108;Bourth;1204;24;1228
27109;Bray;265;10;275
27110;Brestot;465;10;475
27111;Bretagnolles;182;5;187
27112;Breteuil;3386;127;3513
27113;Brétigny;175;5;180
27114;Breuilpont;1153;30;1183
27115;Breux-sur-Avre;327;7;334
27116;Brionne;4338;139;4477
27117;Broglie;1113;27;1140
27118;Brosville;639;23;662
27119;Bueil;1501;29;1530
27416;Buis-sur-Damville;890;19;909
27120;Burey;320;6;326
27121;Bus-Saint-Rémy;283;9;292
27122;Cahaignes;346;7;353
27123;Caillouet-Orgeville;402;38;440
27124;Cailly-sur-Eure;238;4;242
27125;Calleville;586;9;595
27126;Campigny;859;27;886
27127;Canappeville;623;13;636
27128;Cantiers;198;3;201
27129;Caorches-Saint-Nicolas;577;15;592
27130;Capelle-les-Grands;384;5;389
27131;Carsix;270;5;275
27132;Caugé;828;26;854
27133;Caumont;1003;16;1019
27134;Cauverville-en-Roumois;187;3;190
27135;Cesseville;396;9;405
27136;Chaignes;302;10;312
27137;Chaise-Dieu-du-Theil;233;15;248
27138;Chamblac;363;5;368
27139;Chambord;174;3;177
27140;Chambray;458;12;470
27141;Champ-Dolent;49;2;51
27142;Champenard;184;6;190
27143;Champignolles;37;0;37
27144;Champigny-la-Futelaye;225;2;227
27145;Chanteloup;84;2;86
27146;La Chapelle-Bayvel;304;1;305
27147;La Chapelle-du-Bois-des-Faulx;476;14;490
27148;La Chapelle-Gauthier;347;12;359
27149;La Chapelle-Hareng;82;1;83
27150;La Chapelle-Réanville;1124;14;1138
27151;Charleval;1832;23;1855
27152;Château-sur-Epte;580;15;595
27153;Chauvincourt-Provemont;329;1;330
27154;Chavigny-Bailleul;497;8;505
27155;Chennebrun;128;2;130
27156;Chéronvilliers;462;5;467
27157;Le Chesne;496;13;509
27158;Cierrey;694;24;718
27159;Cintray;403;10;413
27160;Civières;229;3;232
27161;Claville;1039;24;1063
27162;Collandres-Quincarnon;198;2;200
27163;Colletot;150;2;152
27164;Combon;718;8;726
27165;Conches-en-Ouche;5046;87;5133
27166;Condé-sur-Iton;850;9;859
27167;Condé-sur-Risle;523;8;531
27168;Connelles;203;0;203
27169;Conteville;843;27;870
27170;Cormeilles;1203;23;1226
27171;Le Cormier;387;5;392
27172;Corneuil;452;7;459
27173;Corneville-la-Fouquetière;101;1;102
27174;Corneville-sur-Risle;1211;33;1244
27175;Corny;314;5;319
27176;Coudray;225;0;225
27177;Coudres;509;4;513
27179;Courbépine;660;16;676
27180;Courcelles-sur-Seine;1580;49;1629
27181;Courdemanche;530;6;536
27182;Courteilles;154;2;156
27183;La Couture-Boussey;2187;45;2232
27184;Crasville;132;4;136
27185;Crestot;383;4;387
27187;Criquebeuf-la-Campagne;208;2;210
27188;Criquebeuf-sur-Seine;1135;17;1152
27189;La Croisille;383;13;396
27190;Croisy-sur-Eure;244;10;254
27191;La Croix-Saint-Leufroy;1057;12;1069
27192;Crosville-la-Vieille;564;10;574
27193;Croth;1288;28;1316
27194;Cuverville;189;3;192
27195;Dame-Marie;85;2;87
27196;Les Damps;1191;11;1202
27197;Dampsmesnil;208;3;211
27198;Damville;2031;32;2063
27199;Dangu;576;10;586
27200;Dardez;168;2;170
27201;Daubeuf-la-Campagne;201;4;205
27202;Daubeuf-près-Vatteville;466;13;479
27203;Douains;468;12;480
27204;Doudeauville-en-Vexin;297;10;307
27205;Douville-sur-Andelle;400;5;405
27206;Droisy;392;9;401
27207;Drucourt;592;25;617
27208;Duranville;166;6;172
27209;Écaquelon;466;4;470
27210;Écardenville-la-Campagne;381;2;383
27211;Écardenville-sur-Eure;525;10;535
27212;Écauville;111;1;112
27213;Écos;905;20;925
27214;Écouis;757;32;789
27215;Ecquetot;331;8;339
27216;Émalleville;538;14;552
27217;Émanville;533;14;547
27218;Épaignes;1247;20;1267
27219;Épégard;432;8;440
27220;Épieds;349;4;353
27221;Épinay;267;6;273
27222;Épreville-en-Lieuvin;177;5;182
27223;Épreville-en-Roumois;366;9;375
27224;Épreville-près-le-Neubourg;431;2;433
27225;Les Essarts;363;2;365
27226;Étrépagny;3560;93;3653
27227;Étréville;543;6;549
27228;Éturqueraye;270;7;277
27229;Évreux;51485;2899;54384
27230;Ézy-sur-Eure;3134;40;3174
27231;Fains;416;10;426
27232;Farceaux;284;2;286
27233;Fatouville-Grestain;689;5;694
27234;Fauville;293;13;306
27235;Faverolles-la-Campagne;149;5;154
27237;Le Favril;163;0;163
27240;La Ferrière-sur-Risle;278;8;286
27238;Ferrières-Haut-Clocher;1030;13;1043
27239;Ferrières-Saint-Hilaire;391;11;402
27241;Feuguerolles;182;6;188
27242;Le Fidelaire;954;19;973
27243;Fiquefleur-Équainville;632;11;643
27244;Flancourt-Catelon;445;3;448
27245;Fleury-la-Forêt;268;2;270
27246;Fleury-sur-Andelle;1881;15;1896
27247;Flipou;336;6;342
27248;Folleville;186;1;187
27249;Fontaine-Bellenger;964;14;978
27250;Fontaine-Heudebourg;672;13;685
27251;Fontaine-l'Abbé;574;14;588
27252;Fontaine-la-Louvet;295;4;299
27253;Fontaine-la-Soret;390;10;400
27254;Fontaine-sous-Jouy;829;52;881
27255;Fontenay;316;6;322
27256;La Forêt-du-Parc;510;18;528
27257;Forêt-la-Folie;427;8;435
27258;Fort-Moville;376;10;386
27259;Foucrainville;78;3;81
27260;Foulbec;492;5;497
27261;Fouqueville;401;4;405
27262;Fourges;810;27;837
27263;Fourmetot;650;14;664
27264;Fours-en-Vexin;180;8;188
27265;Francheville;1225;20;1245
27266;Franqueville;259;10;269
27267;Freneuse-sur-Risle;337;9;346
27268;Le Fresne;290;14;304
27269;Fresne-Cauverville;195;1;196
27270;Fresne-l'Archevêque;471;10;481
27271;Fresney;246;6;252
27273;Gadencourt;394;2;396
27274;Gaillardbois-Cressenville;357;11;368
27275;Gaillon;6880;167;7047
27276;Gamaches-en-Vexin;318;15;333
27277;Garencières;548;13;561
27278;Garennes-sur-Eure;1792;22;1814
27279;Gasny;2883;63;2946
27280;Gauciel;759;10;769
27281;Gaudreville-la-Rivière;234;4;238
27282;Gauville-la-Campagne;513;19;532
27283;Gisay-la-Coudre;244;4;248
27284;Gisors;11677;257;11934
27285;Giverny;506;23;529
27286;Giverville;300;2;302
27287;Glisolles;874;28;902
27288;Glos-sur-Risle;429;6;435
27289;La Goulafrière;167;3;170
27290;Goupillières;736;20;756
27291;Gournay-le-Guérin;154;5;159
27292;Gouttières;193;0;193
27293;Gouville;488;141;629
27294;Grainville;529;14;543
27296;Granchain;242;4;246
27295;Grand-Camp;427;16;443
27297;Grandvilliers;352;7;359
27298;Graveron-Sémerville;292;12;304
27299;Gravigny;3981;152;4133
27302;Le Gros-Theil;899;8;907
27300;Grosley-sur-Risle;557;3;560
27301;Grossoeuvre;1037;21;1058
27303;Guernanville;91;1;92
27304;Guerny;175;1;176
27305;La Guéroulde;732;12;744
27306;Guichainville;2462;99;2561
27307;Guiseniers;415;6;421
27308;Guitry;258;10;268
27309;L' Habit;494;6;500
27310;Hacqueville;460;16;476
27311;Harcourt;907;14;921
27312;Hardencourt-Cocherel;274;7;281
27313;La Harengère;512;4;516
27315;Harquency;261;6;267
27316;Hauville;1257;21;1278
27317;La Haye-Aubrée;416;7;423
27318;La Haye-de-Calleville;276;2;278
27319;La Haye-de-Routot;256;3;259
27320;La Haye-du-Theil;259;5;264
27321;La Haye-le-Comte;119;7;126
27322;La Haye-Malherbe;1476;17;1493
27323;La Haye-Saint-Sylvestre;217;3;220
27324;Hébécourt;565;13;578
27325;Hecmanville;107;2;109
27326;Hécourt;336;3;339
27327;Hectomare;216;1;217
27329;Hennezis;768;19;787
27330;Herqueville;152;3;155
27331;Heubécourt-Haricourt;443;12;455
27332;Heudebouville;782;18;800
27333;Heudicourt;609;20;629
27334;Heudreville-en-Lieuvin;104;2;106
27335;Heudreville-sur-Eure;1020;18;1038
27336;La Heunière;252;4;256
27337;Heuqueville;388;8;396
27338;Les Hogues;621;9;630
27339;Hondouville;752;14;766
27340;Honguemare-Guenouville;581;12;593
27341;L' Hosmes;68;0;68
27342;Houetteville;216;5;221
27343;Houlbec-Cocherel;1344;54;1398
27344;Houlbec-près-le-Gros-Theil;110;0;110
27345;La Houssaye;191;5;196
27346;Houville-en-Vexin;209;3;212
27347;Huest;661;15;676
27348;Igoville;1484;10;1494
27349;Illeville-sur-Montfort;795;8;803
27350;Illiers-l'Évêque;981;27;1008
27351;Incarville;1326;20;1346
27353;Irreville;399;9;408
27354;Iville;459;9;468
27355;Ivry-la-Bataille;2640;48;2688
27356;Jonquerets-de-Livet;284;7;291
27358;Jouy-sur-Eure;570;4;574
27359;Juignettes;233;7;240
27360;Jumelles;297;3;300
27361;La Lande-Saint-Léger;283;4;287
27362;Landepéreuse;281;8;289
27363;Le Landin;167;2;169
27364;Launay;214;6;220
27365;Léry;2049;46;2095
27366;Letteguives;197;4;201
27367;Lieurey;1342;11;1353
27368;Lignerolles;285;2;287
27369;Lilly;73;4;77
27370;Lisors;364;12;376
27371;Livet-sur-Authou;138;1;139
27372;Longchamps;554;7;561
27373;Lorleau;157;2;159
27374;Louversey;597;10;607
27375;Louviers;18120;515;18635
27376;Louye;225;9;234
27377;Lyons-la-Forêt;759;10;769
27378;La Madeleine-de-Nonancourt;1181;24;1205
27379;Mainneville;409;5;414
27380;Malleville-sur-le-Bec;186;2;188
27381;Malouy;113;6;119
27382;Mandeville;296;7;303
27383;Mandres;353;19;372
27384;Manneville-la-Raoult;502;6;508
27385;Manneville-sur-Risle;1363;35;1398
27386;Le Manoir;1226;11;1237
27387;Manthelon;291;5;296
27388;Marais-Vernier;500;11;511
27389;Marbeuf;341;7;348
27390;Marcilly-la-Campagne;915;39;954
27391;Marcilly-sur-Eure;1449;41;1490
27392;Martagny;137;4;141
27393;Martainville;276;7;283
27394;Martot;499;3;502
27395;Mélicourt;91;1;92
27396;Ménesqueville;404;3;407
27397;Ménilles;1501;29;1530
27398;Menneval;1423;59;1482
27399;Mercey;53;1;54
27400;Merey;289;7;296
27401;Le Mesnil-Fuguet;201;5;206
27402;Le Mesnil-Hardray;42;2;44
27403;Le Mesnil-Jourdain;240;9;249
27404;Mesnil-Rousset;110;1;111
27405;Mesnil-sous-Vienne;129;3;132
27406;Mesnil-sur-l'Estrée;980;22;1002
27407;Mesnil-Verclives;265;4;269
27408;Mézières-en-Vexin;640;12;652
27410;Miserey;527;8;535
27411;Moisville;201;2;203
27412;Montaure;999;19;1018
27413;Montfort-sur-Risle;839;6;845
27414;Montreuil-l'Argillé;781;14;795
27415;Morainville-Jouveaux;353;12;365
27417;Morgny;528;11;539
27418;Morsan;115;0;115
27419;Mouettes;700;9;709
27420;Mouflaines;147;0;147
27421;Mousseaux-Neuville;673;14;687
27422;Muids;894;20;914
27423;Muzy;818;24;842
27424;Nagel-Séez-Mesnil;329;2;331
27425;Nassandres;1389;25;1414
27427;Neaufles-Auvergny;429;9;438
27426;Neaufles-Saint-Martin;1159;30;1189
27428;Le Neubourg;4046;229;4275
27429;Neuilly;137;0;137
27430;La Neuve-Grange;299;3;302
27431;La Neuve-Lyre;607;18;625
27432;La Neuville-du-Bosc;528;7;535
27433;Neuville-sur-Authou;182;5;187
27434;Noards;65;1;66
27435;La Noë-Poulain;182;0;182
27436;Nogent-le-Sec;404;4;408
27437;Nojeon-en-Vexin;319;6;325
27438;Nonancourt;2152;55;2207
27439;Normanville;1108;39;1147
27441;Notre-Dame-d'Épine;77;2;79
27440;Notre-Dame-de-l'Isle;677;20;697
27442;Notre-Dame-du-Hamel;209;2;211
27444;Le Noyer-en-Ouche;185;2;187
27445;Noyers;289;6;295
27446;Ormes;444;5;449
27447;Orvaux;515;8;523
27448;Pacy-sur-Eure;4885;151;5036
27449;Panilleuse;466;12;478
27451;Parville;286;10;296
27452;Perriers-la-Campagne;345;8;353
27453;Perriers-sur-Andelle;1780;20;1800
27454;Perruel;447;5;452
27455;Piencourt;155;4;159
27456;Pinterville;851;22;873
27457;Piseux;657;17;674
27458;Pîtres;2127;53;2180
27459;Les Places;79;0;79
27460;Plainville;188;6;194
27462;Le Planquay;144;0;144
27463;Plasnes;610;23;633
27464;Le Plessis-Grohan;738;3;741
27465;Le Plessis-Hébert;411;7;418
27466;Le Plessis-Sainte-Opportune;259;8;267
27467;Pont-Audemer;8718;292;9010
27468;Pont-Authou;707;8;715
27469;Pont-de-l'Arche;4004;40;4044
27470;Pont-Saint-Pierre;1119;34;1153
27473;Port-Mort;1012;23;1035
27471;Porte-Joie;122;1;123
27472;Portes;259;2;261
27474;Poses;1121;22;1143
27475;La Poterie-Mathieu;138;2;140
27476;Les Préaux;436;13;449
27477;Pressagny-l'Orgueilleux;720;27;747
27478;Prey;847;24;871
27480;Puchay;541;6;547
27481;Pullay;370;54;424
27482;La Pyle;161;1;162
27483;Quatremare;375;8;383
27484;Quessigny;123;1;124
27485;Quillebeuf-sur-Seine;1020;3;1023
27486;Quittebeuf;607;11;618
27487;Radepont;760;7;767
27488;Renneville;240;2;242
27489;Reuilly;545;14;559
27490;Richeville;280;6;286
27491;Roman;281;6;287
27492;Romilly-la-Puthenaye;296;2;298
27493;Romilly-sur-Andelle;2619;34;2653
27024;Le Roncenay-Authenay;380;9;389
27495;La Roquette;221;0;221
27496;Rosay-sur-Lieure;539;3;542
27498;Rouge-Perriers;262;5;267
27497;Rougemontiers;850;26;876
27499;La Roussière;199;6;205
27500;Routot;1340;63;1403
27501;Rouvray;250;2;252
27502;Rugles;2410;41;2451
27503;Le Sacq;293;6;299
27504;Sacquenville;964;32;996
27505;Saint-Agnan-de-Cernières;135;2;137
27506;Saint-Amand-des-Hautes-Terres;279;7;286
27507;Saint-André-de-l'Eure;3385;72;3457
27508;Saint-Antonin-de-Sommaire;177;4;181
27510;Saint-Aquilin-de-Pacy;560;15;575
27511;Saint-Aubin-d'Écrosville;635;25;660
27512;Saint-Aubin-de-Scellon;337;0;337
27513;Saint-Aubin-des-Hayes;128;1;129
27514;Saint-Aubin-du-Thenney;349;7;356
27515;Saint-Aubin-le-Guichard;280;2;282
27516;Saint-Aubin-le-Vertueux;870;24;894
27517;Saint-Aubin-sur-Gaillon;1631;41;1672
27518;Saint-Aubin-sur-Quillebeuf;570;3;573
27520;Saint-Benoît-des-Ombres;108;6;114
27521;Saint-Christophe-sur-Avre;150;1;151
27522;Saint-Christophe-sur-Condé;377;5;382
27523;Saint-Clair-d'Arcey;311;13;324
27527;Saint-Cyr-de-Salerne;219;6;225
27529;Saint-Cyr-la-Campagne;408;11;419
27530;Saint-Denis-d'Augerons;85;0;85
27531;Saint-Denis-des-Monts;194;6;200
27532;Saint-Denis-du-Béhélan;149;2;151
27533;Saint-Denis-le-Ferment;470;6;476
27534;Saint-Didier-des-Bois;803;15;818
27535;Saint-Élier;454;17;471
27536;Saint-Éloi-de-Fourques;426;9;435
27537;Saint-Étienne-du-Vauvray;706;16;722
27538;Saint-Étienne-l'Allier;453;10;463
27539;Saint-Étienne-sous-Bailleul;370;5;375
27541;Saint-Georges-du-Mesnil;100;2;102
27542;Saint-Georges-du-Vièvre;683;6;689
27543;Saint-Georges-Motel;953;13;966
27544;Saint-Germain-de-Fresney;151;8;159
27545;Saint-Germain-de-Pasquier;139;6;145
27546;Saint-Germain-des-Angles;219;6;225
27547;Saint-Germain-la-Campagne;780;10;790
27548;Saint-Germain-sur-Avre;1207;20;1227
27549;Saint-Germain-Village;1481;31;1512
27550;Saint-Grégoire-du-Vièvre;335;2;337
27551;Saint-Jean-de-la-Léqueraye;48;0;48
27552;Saint-Jean-du-Thenney;202;7;209
27553;Saint-Julien-de-la-Liègue;302;9;311
27554;Saint-Just;1331;37;1368
27555;Saint-Laurent-des-Bois;206;7;213
27556;Saint-Laurent-du-Tencement;50;1;51
27557;Saint-Léger-de-Rôtes;421;12;433
27558;Saint-Léger-du-Gennetey;154;2;156
27560;Saint-Luc;248;7;255
27561;Saint-Maclou;542;2;544
27562;Saint-Marcel;4969;133;5102
27563;Saint-Mards-de-Blacarville;752;21;773
27564;Saint-Mards-de-Fresne;339;8;347
27569;Saint-Martin-du-Tilleul;241;4;245
27570;Saint-Martin-la-Campagne;97;1;98
27571;Saint-Martin-Saint-Firmin;231;3;234
27572;Saint-Meslin-du-Bosc;219;1;220
27573;Saint-Nicolas-d'Attez;137;1;138
27574;Saint-Nicolas-du-Bosc;274;9;283
27578;Saint-Ouen-d'Attez;269;1;270
27579;Saint-Ouen-de-Pontcheuil;100;3;103
27580;Saint-Ouen-de-Thouberville;2140;36;2176
27581;Saint-Ouen-des-Champs;314;6;320
27582;Saint-Ouen-du-Tilleul;1561;24;1585
27584;Saint-Paul-de-Fourques;228;3;231
27586;Saint-Philbert-sur-Boissey;155;1;156
27587;Saint-Philbert-sur-Risle;792;11;803
27588;Saint-Pierre-d'Autils;987;34;1021
27589;Saint-Pierre-de-Bailleul;1021;21;1042
27590;Saint-Pierre-de-Cernières;221;5;226
27591;Saint-Pierre-de-Cormeilles;596;10;606
27592;Saint-Pierre-de-Salerne;245;8;253
27593;Saint-Pierre-des-Fleurs;1276;16;1292
27594;Saint-Pierre-des-Ifs;229;0;229
27595;Saint-Pierre-du-Bosguérard;1012;13;1025
27596;Saint-Pierre-du-Mesnil;102;2;104
27597;Saint-Pierre-du-Val;517;6;523
27598;Saint-Pierre-du-Vauvray;1339;21;1360
27599;Saint-Pierre-la-Garenne;874;22;896
27600;Saint-Quentin-des-Isles;236;12;248
27601;Saint-Samson-de-la-Roque;329;5;334
27602;Saint-Sébastien-de-Morsent;4438;116;4554
27603;Saint-Siméon;308;5;313
27604;Saint-Sulpice-de-Grimbouville;174;3;177
27605;Saint-Sylvestre-de-Cormeilles;199;7;206
27606;Saint-Symphorien;372;2;374
27607;Saint-Thurien;204;4;208
27609;Saint-Victor-d'Épine;321;4;325
27608;Saint-Victor-de-Chrétienville;426;6;432
27610;Saint-Victor-sur-Avre;64;4;68
27611;Saint-Vigor;307;4;311
27612;Saint-Vincent-des-Bois;287;5;292
27613;Saint-Vincent-du-Boulay;278;5;283
27519;Sainte-Barbe-sur-Gaillon;246;8;254
27524;Sainte-Colombe-la-Commanderie;646;13;659
27525;Sainte-Colombe-près-Vernon;237;6;243
27526;Sainte-Croix-sur-Aizier;249;1;250
27540;Sainte-Geneviève-lès-Gasny;631;18;649
27565;Sainte-Marguerite-de-l'Autel;427;4;431
27566;Sainte-Marguerite-en-Ouche;134;0;134
27567;Sainte-Marie-de-Vatimesnil;246;4;250
27568;Sainte-Marthe;460;15;475
27576;Sainte-Opportune-du-Bosc;595;5;600
27577;Sainte-Opportune-la-Mare;423;8;431
27614;Sancourt;136;4;140
27615;Sassey;167;6;173
27617;Saussay-la-Campagne;426;10;436
27616;La Saussaye;1930;53;1983
27618;Sébécourt;367;4;371
27620;Selles;423;8;431
27621;Serez;144;5;149
27622;Serquigny;2204;49;2253
27623;Surtauville;400;4;404
27624;Surville;858;20;878
27625;Suzay;237;5;242
27693;Sylvains-les-Moulins;1120;38;1158
27627;Le Theil-Nolent;203;5;208
27626;Theillement;360;5;365
27628;Thevray;271;5;276
27629;Thiberville;1670;28;1698
27630;Thibouville;258;41;299
27631;Thierville;279;1;280
27632;Le Thil;394;5;399
27633;Les Thilliers-en-Vexin;467;6;473
27634;Thomer-la-Sôgne;309;5;314
27635;Le Thuit;125;0;125
27636;Le Thuit-Anger;629;7;636
27637;Thuit-Hébert;304;4;308
27638;Le Thuit-Signol;2086;32;2118
27639;Le Thuit-Simer;380;6;386
27640;Tilleul-Dame-Agnès;218;7;225
27641;Le Tilleul-Lambert;181;2;183
27642;Le Tilleul-Othon;380;7;387
27643;Tillières-sur-Avre;1206;14;1220
27644;Tilly;536;50;586
27645;Tocqueville;119;1;120
27646;Le Torpt;291;7;298
27647;Tosny;615;7;622
27648;Tostes;363;5;368
27649;Touffreville;312;2;314
27650;Tournedos-Bois-Hubert;336;7;343
27651;Tournedos-sur-Seine;98;0;98
27652;Tourneville;333;5;338
27653;Tourny;922;22;944
27654;Tourville-la-Campagne;864;20;884
27655;Tourville-sur-Pont-Audemer;698;156;854
27656;Toutainville;1112;25;1137
27657;Touville;134;2;136
27658;Le Tremblay-Omonville;285;9;294
27659;La Trinité;95;10;105
27660;La Trinité-de-Réville;242;1;243
27661;La Trinité-de-Thouberville;419;12;431
27662;Triqueville;296;6;302
27663;Le Troncq;155;1;156
27664;Le Tronquay;474;12;486
27665;Trouville-la-Haule;729;14;743
27666;La Vacherie;531;13;544
27668;Le Val-David;757;25;782
27701;Val-de-Reuil;13548;227;13775
27667;Valailles;370;2;372
27669;Valletot;309;2;311
27670;Vandrimare;1014;9;1023
27671;Vannecrocq;118;3;121
27672;Vascoeuil;339;1;340
27673;Vatteville;177;9;186
27528;Le Vaudreuil;3508;91;3599
27674;Vaux-sur-Eure;240;6;246
27676;Venables;768;22;790
27677;Venon;276;5;281
27678;Les Ventes;1040;23;1063
27679;Verneuil-sur-Avre;6694;464;7158
27680;Verneusses;224;5;229
27681;Vernon;24598;939;25537
27682;Vesly;652;23;675
27683;Vézillon;239;5;244
27684;Le Vieil-Évreux;736;24;760
27685;La Vieille-Lyre;626;13;639
27686;Vieux-Port;63;2;65
27687;Vieux-Villez;195;2;197
27688;Villalet;74;4;78
27689;Villegats;333;7;340
27690;Villers-en-Vexin;276;4;280
27691;Villers-sur-le-Roule;668;19;687
27692;Villettes;170;5;175
27694;Villez-sous-Bailleul;310;6;316
27695;Villez-sur-le-Neubourg;283;5;288
27696;Villiers-en-Désoeuvre;916;14;930
27697;Vironvay;305;4;309
27698;Vitot;479;17;496
27699;Voiscreville;108;2;110
27700;Vraiville;559;11;570
28001;Abondant;2010;50;2060
28002;Allaines-Mervilliers;341;10;351
28003;Allainville;154;4;158
28004;Allonnes;302;9;311
28005;Alluyes;686;88;774
28006;Amilly;1898;50;1948
28007;Anet;2626;111;2737
28008;Ardelles;212;1;213
28009;Ardelu;74;5;79
28010;Argenvilliers;367;14;381
28012;Arrou;1700;30;1730
28013;Aunay-sous-Auneau;1395;20;1415
28014;Aunay-sous-Crécy;569;14;583
28015;Auneau;4007;60;4067
28016;Les Autels-Villevillon;137;4;141
28017;Autheuil;227;9;236
28018;Authon-du-Perche;1275;17;1292
28019;Baigneaux;218;4;222
28020;Baignolet;129;2;131
28023;Bailleau-Armenonville;1342;29;1371
28022;Bailleau-l'Évêque;1135;21;1156
28021;Bailleau-le-Pin;1499;42;1541
28024;Barjouville;1612;67;1679
28025;Barmainville;131;3;134
28026;Baudreville;283;6;289
28027;La Bazoche-Gouet;1303;12;1315
28028;Bazoches-en-Dunois;259;8;267
28029;Bazoches-les-Hautes;292;2;294
28030;Beauche;302;7;309
28031;Beaumont-les-Autels;499;44;543
28032;Beauvilliers;300;10;310
28033;Belhomert-Guéhouville;811;27;838
28035;Berchères-les-Pierres;946;25;971
28034;Berchères-Saint-Germain;784;13;797
28036;Berchères-sur-Vesgre;828;22;850
28037;Bérou-la-Mulotière;326;5;331
28038;Béthonvilliers;139;2;141
28039;Béville-le-Comte;1415;35;1450
28040;Billancelles;261;9;270
28041;Blandainville;264;4;268
28042;Bleury;470;8;478
28044;Boisgasson;112;5;117
28045;Boissy-en-Drouais;243;6;249
28046;Boissy-lès-Perche;518;11;529
28047;Boisville-la-Saint-Père;717;11;728
28049;Boncé;227;1;228
28050;Boncourt;269;5;274
28051;Bonneval;4298;83;4381
28052;Bouglainval;744;23;767
28053;Le Boullay-les-Deux-Églises;231;1;232
28054;Le Boullay-Mivoye;416;4;420
28055;Le Boullay-Thierry;527;6;533
28048;La Bourdinière-Saint-Loup;535;12;547
28056;Boutigny-Prouais;1663;35;1698
28057;Bouville;510;7;517
28058;Bréchamps;327;9;336
28059;Brezolles;1644;24;1668
28060;Briconville;110;2;112
28061;Brou;3566;66;3632
28062;Broué;914;9;923
28063;Brunelles;537;14;551
28064;Bû;1816;37;1853
28065;Bullainville;106;1;107
28066;Bullou;214;7;221
28067;Cernay;78;1;79
28068;Challet;403;11;414
28069;Champagne;234;5;239
28070;Champhol;3423;125;3548
28071;Champrond-en-Gâtine;462;4;466
28072;Champrond-en-Perchet;408;11;419
28073;Champseru;302;7;309
28074;La Chapelle-d'Aunainville;247;7;254
28075;La Chapelle-du-Noyer;1046;147;1193
28076;La Chapelle-Forainvilliers;172;2;174
28077;La Chapelle-Fortin;171;4;175
28078;Chapelle-Guillaume;199;1;200
28079;Chapelle-Royale;360;5;365
28080;Charbonnières;257;5;262
28081;Charonville;236;3;239
28082;Charpont;543;30;573
28083;Charray;103;3;106
28084;Chartainvilliers;750;15;765
28085;Chartres;39767;1607;41374
28086;Chassant;319;3;322
28087;Châtaincourt;247;5;252
28088;Châteaudun;13963;439;14402
28089;Châteauneuf-en-Thymerais;2535;35;2570
28090;Les Châtelets;106;2;108
28091;Les Châtelliers-Notre-Dame;130;2;132
28092;Châtenay;223;5;228
28093;Châtillon-en-Dunois;749;14;763
28094;Chaudon;1566;36;1602
28095;Chauffours;288;9;297
28096;La Chaussée-d'Ivry;1002;15;1017
28098;Cherisy;1797;42;1839
28099;Chuisnes;965;27;992
28100;Cintray;442;13;455
28101;Civry;343;11;354
28102;Clévilliers;727;17;744
28103;Cloyes-sur-le-Loir;2641;54;2695
28104;Coltainville;835;20;855
28105;Combres;459;3;462
28106;Conie-Molitard;374;14;388
28107;Corancez;411;17;428
28108;Cormainville;223;5;228
28109;Les Corvées-les-Yys;276;5;281
28110;Le Coudray;3753;107;3860
28111;Coudray-au-Perche;367;6;373
28112;Coudreceau;421;5;426
28113;Coulombs;1305;31;1336
28114;Courbehaye;119;5;124
28115;Courtalain;595;12;607
28116;Courville-sur-Eure;2737;39;2776
28117;Crécy-Couvé;277;13;290
28118;Croisilles;449;11;460
28119;La Croix-du-Perche;202;3;205
28120;Crucey-Villages;512;10;522
28121;Dambron;93;2;95
28122;Dammarie;1520;37;1557
28123;Dampierre-sous-Brou;471;5;476
28124;Dampierre-sur-Avre;692;17;709
28126;Dancy;193;3;196
28127;Dangeau;929;11;940
28128;Dangers;406;14;420
28129;Denonville;791;25;816
28130;Digny;954;11;965
28132;Donnemain-Saint-Mamès;619;23;642
28133;Douy;477;18;495
28134;Dreux;32155;642;32797
28135;Droue-sur-Drouette;1233;23;1256
28136;Écluzelles;155;4;159
28137;Écrosnes;772;17;789
28139;Épeautrolles;179;3;182
28140;Épernon;5228;73;5301
28141;Ermenonville-la-Grande;324;4;328
28142;Ermenonville-la-Petite;183;1;184
28143;Escorpain;259;8;267
28144;Les Étilleux;203;4;207
28145;Fains-la-Folie;322;7;329
28146;Faverolles;833;13;846
28147;Favières;481;16;497
28148;Le Favril;319;8;327
28149;La Ferté-Vidame;782;11;793
28150;La Ferté-Villeneuil;394;12;406
28151;Fessanvilliers-Mattanvilliers;163;1;164
28153;Flacey;210;3;213
28154;Fontaine-la-Guyon;1413;98;1511
28155;Fontaine-les-Ribouts;236;2;238
28156;Fontaine-Simon;870;33;903
28157;Fontenay-sur-Conie;128;6;134
28158;Fontenay-sur-Eure;817;27;844
28159;La Framboisière;301;8;309
28160;Francourville;796;23;819
28161;Frazé;517;9;526
28164;Fresnay-l'Évêque;646;15;661
28162;Fresnay-le-Comte;315;5;320
28163;Fresnay-le-Gilmert;199;8;207
28165;Frétigny;473;12;485
28166;Friaize;205;3;208
28167;Fruncé;324;6;330
28168;Gallardon;3424;77;3501
28169;Garancières-en-Beauce;223;5;228
28170;Garancières-en-Drouais;273;9;282
28171;Garnay;910;36;946
28172;Gas;740;15;755
28173;Gasville-Oisème;1180;28;1208
28175;La Gaudaine;180;5;185
28176;Le Gault-Saint-Denis;670;5;675
28177;Gellainville;480;11;491
28178;Germainville;298;1;299
28179;Germignonville;234;3;237
28180;Gilles;575;6;581
28182;Gohory;246;5;251
28183;Gommerville;574;7;581
28184;Gouillons;340;4;344
28185;Goussainville;838;11;849
28187;Guainville;659;18;677
28188;Le Gué-de-Longroi;750;17;767
28189;Guilleville;177;2;179
28190;Guillonville;453;7;460
28191;Hanches;2618;59;2677
28192;Happonvilliers;304;1;305
28193;Havelu;113;0;113
28194;Houville-la-Branche;481;13;494
28195;Houx;795;12;807
28196;Illiers-Combray;3197;55;3252
28197;Intréville;130;5;135
28198;Jallans;751;36;787
28199;Janville;1773;36;1809
28200;Jaudrais;341;3;344
28201;Jouy;1884;56;1940
28202;Lamblore;397;9;406
28203;Landelles;571;8;579
28204;Langey;352;6;358
28205;Lanneray;541;16;557
28206;Laons;719;17;736
28207;Léthuin;205;4;209
28208;Levainville;360;5;365
28209;Lèves;4398;112;4510
28210;Levesville-la-Chenard;222;1;223
28211;Logron;520;11;531
28212;Loigny-la-Bataille;225;3;228
28213;Lormaye;630;7;637
28214;La Loupe;3474;161;3635
28215;Louville-la-Chenard;278;8;286
28216;Louvilliers-en-Drouais;196;3;199
28217;Louvilliers-lès-Perche;150;4;154
28218;Lucé;15747;372;16119
28219;Luigny;397;7;404
28220;Luisant;6835;299;7134
28221;Lumeau;185;4;189
28222;Luplanté;400;4;404
28223;Luray;1491;18;1509
28224;Lutz-en-Dunois;429;11;440
28225;Magny;641;13;654
28226;Maillebois;988;19;1007
28227;Maintenon;4441;99;4540
28229;Mainvilliers;10287;311;10598
28230;Maisons;317;9;326
28231;La Mancelière;158;3;161
28232;Manou;559;43;602
28233;Marboué;1157;24;1181
28234;Marchéville;448;10;458
28235;Marchezais;280;6;286
28236;Margon;1250;43;1293
28237;Marolles-les-Buis;264;6;270
28239;Marville-Moutiers-Brûlé;902;31;933
28240;Meaucé;515;16;531
28241;Le Mée;259;8;267
28242;Méréglise;87;1;88
28243;Mérouville;234;2;236
28245;Meslay-le-Grenet;306;15;321
28246;Meslay-le-Vidame;451;51;502
28247;Le Mesnil-Simon;492;11;503
28248;Le Mesnil-Thomas;325;0;325
28249;Mévoisins;649;17;666
28250;Mézières-au-Perche;128;0;128
28251;Mézières-en-Drouais;1062;22;1084
28252;Miermaigne;219;2;221
28253;Mignières;706;79;785
28254;Mittainvilliers;432;12;444
28255;Moinville-la-Jeulin;104;4;108
28256;Moléans;497;14;511
28257;Mondonville-Saint-Jean;89;4;93
28258;Montainville;328;18;346
28259;Montboissier;301;3;304
28260;Montharville;99;1;100
28261;Montigny-le-Chartif;537;3;540
28262;Montigny-le-Gannelon;487;17;504
28263;Montigny-sur-Avre;253;7;260
28264;Montireau;119;2;121
28265;Montlandon;279;5;284
28267;Montreuil;510;12;522
28268;Morainville;25;0;25
28269;Morancez;1517;62;1579
28270;Moriers;209;8;217
28271;Morvilliers;132;3;135
28272;Mottereau;162;3;165
28273;Moulhard;155;3;158
28274;Moutiers;235;12;247
28275;Néron;634;22;656
28276;Neuvy-en-Beauce;172;4;176
28277;Neuvy-en-Dunois;316;10;326
28278;Nogent-le-Phaye;1296;39;1335
28279;Nogent-le-Roi;4071;55;4126
28280;Nogent-le-Rotrou;11358;484;11842
28281;Nogent-sur-Eure;486;9;495
28282;Nonvilliers-Grandhoux;397;5;402
28283;Nottonville;275;4;279
28284;Oinville-Saint-Liphard;267;5;272
28285;Oinville-sous-Auneau;313;2;315
28286;Ollé;575;20;595
28287;Orgères-en-Beauce;1089;12;1101
28288;Orlu;48;0;48
28289;Ormoy;251;8;259
28290;Orrouer;275;3;278
28291;Ouarville;574;13;587
28292;Ouerre;684;18;702
28293;Oulins;1078;11;1089
28294;Oysonville;490;4;494
28295;Ozoir-le-Breuil;417;14;431
28296;Péronville;301;3;304
28297;Pézy;247;5;252
28298;Pierres;2730;43;2773
28299;Les Pinthières;170;3;173
28300;Poinville;116;2;118
28301;Poisvilliers;352;11;363
28302;Pontgouin;1005;315;1320
28303;Poupry;103;2;105
28304;Prasville;329;7;336
28305;Pré-Saint-Évroult;311;4;315
28306;Pré-Saint-Martin;158;4;162
28308;Prudemanche;257;1;258
28309;Prunay-le-Gillon;920;16;936
28310;La Puisaye;247;4;251
28311;Le Puiset;410;6;416
28312;Puiseux;111;5;116
28313;Réclainville;140;2;142
28314;Les Ressuintes;149;1;150
28315;Revercourt;36;2;38
28316;Rohaire;129;5;134
28317;Roinville;355;11;366
28318;Romilly-sur-Aigre;442;7;449
28319;Rouvray-Saint-Denis;420;5;425
28320;Rouvray-Saint-Florentin;196;8;204
28321;Rouvres;874;21;895
28322;Rueil-la-Gadelière;457;9;466
28323;Saint-Ange-et-Torçay;277;11;288
28324;Saint-Arnoult-des-Bois;836;9;845
28325;Saint-Aubin-des-Bois;949;28;977
28326;Saint-Avit-les-Guespières;317;4;321
28327;Saint-Bomer;199;0;199
28329;Saint-Christophe;146;2;148
28330;Saint-Cloud-en-Dunois;221;5;226
28331;Saint-Denis-d'Authou;498;10;508
28333;Saint-Denis-des-Puits;118;0;118
28334;Saint-Denis-les-Ponts;1772;39;1811
28335;Saint-Éliph;806;20;826
28336;Saint-Éman;118;5;123
28337;Saint-Georges-sur-Eure;2514;89;2603
28339;Saint-Germain-le-Gaillard;325;10;335
28340;Saint-Hilaire-sur-Yerre;495;9;504
28341;Saint-Jean-de-Rebervilliers;215;2;217
28342;Saint-Jean-Pierre-Fixte;286;19;305
28343;Saint-Laurent-la-Gâtine;452;14;466
28344;Saint-Léger-des-Aubées;246;4;250
28346;Saint-Lubin-de-Cravant;63;1;64
28347;Saint-Lubin-de-la-Haye;910;17;927
28348;Saint-Lubin-des-Joncherets;3972;89;4061
28349;Saint-Lucien;226;10;236
28350;Saint-Luperce;884;21;905
28351;Saint-Maixme-Hauterive;427;3;430
28352;Saint-Martin-de-Nigelles;1565;26;1591
28353;Saint-Maur-sur-le-Loir;380;14;394
28354;Saint-Maurice-Saint-Germain;405;50;455
28355;Saint-Ouen-Marchefroy;332;8;340
28356;Saint-Pellerin;356;5;361
28357;Saint-Piat;1109;31;1140
28358;Saint-Prest;2130;83;2213
28359;Saint-Rémy-sur-Avre;3650;81;3731
28360;Saint-Sauveur-Marville;933;16;949
28361;Saint-Symphorien-le-Château;817;20;837
28362;Saint-Victor-de-Buthon;537;9;546
28332;Sainte-Gemme-Moronval;871;21;892
28363;Sainville;942;25;967
28364;Sancheville;770;10;780
28365;Sandarville;385;13;398
28366;Santeuil;269;7;276
28367;Santilly;361;4;365
28368;La Saucelle;168;4;172
28369;Saulnières;595;14;609
28370;Saumeray;410;8;418
28371;Saussay;1053;16;1069
28372;Senantes;640;9;649
28373;Senonches;3262;53;3315
28374;Serazereux;477;6;483
28375;Serville;358;1;359
28376;Soizé;285;2;287
28377;Sorel-Moussel;1819;20;1839
28378;Souancé-au-Perche;554;11;565
28379;Soulaires;428;10;438
28380;Sours;1767;184;1951
28382;Terminiers;960;13;973
28383;Theuville;408;18;426
28385;Le Thieulin;395;52;447
28386;Thimert-Gâtelles;1068;23;1091
28387;Thiron-Gardais;1101;9;1110
28388;Thivars;974;29;1003
28389;Thiville;344;23;367
28390;Tillay-le-Péneux;349;12;361
28391;Toury;2595;53;2648
28392;Trancrainville;153;8;161
28393;Tremblay-les-Villages;2124;24;2148
28394;Tréon;1309;22;1331
28395;Trizay-Coutretot-Saint-Serge;466;15;481
28396;Trizay-lès-Bonneval;267;10;277
28397;Umpeau;415;3;418
28398;Unverre;1149;21;1170
28400;Varize;205;3;208
28401;Vaupillon;470;11;481
28403;Ver-lès-Chartres;770;37;807
28402;Vérigny;281;7;288
28404;Vernouillet;11897;198;12095
28405;Vert-en-Drouais;1054;23;1077
28406;Viabon;306;6;312
28407;Vichères;308;8;316
28408;Vierville;118;2;120
28409;Vieuvicq;447;6;453
28410;Villampuy;279;3;282
28411;Villars;131;4;135
28412;Villeau;164;2;166
28414;Villebon;85;3;88
28415;Villemeux-sur-Eure;1603;33;1636
28416;Villeneuve-Saint-Nicolas;121;2;123
28417;Villiers-le-Morhier;1329;28;1357
28418;Villiers-Saint-Orien;177;5;182
28419;Vitray-en-Beauce;309;1;310
28421;Voise;271;6;277
28422;Voves;2910;59;2969
28423;Yermenonville;606;16;622
28424;Yèvres;1706;35;1741
28425;Ymeray;583;12;595
28426;Ymonville;474;18;492
29001;Argol;802;31;833
29002;Arzano;1363;47;1410
29003;Audierne;2312;53;2365
29004;Bannalec;5144;164;5308
29005;Baye;1085;44;1129
29006;Bénodet;3168;87;3255
29007;Berrien;953;36;989
29008;Beuzec-Cap-Sizun;1073;29;1102
29010;Bodilis;1512;28;1540
29011;Bohars;3305;86;3391
29012;Bolazec;209;6;215
29013;Botmeur;230;6;236
29014;Botsorhel;476;5;481
29015;Bourg-Blanc;3207;46;3253
29016;Brasparts;1028;39;1067
29017;Brélès;805;24;829
29018;Brennilis;437;8;445
29019;Brest;142722;3797;146519
29020;Briec;5174;120;5294
29021;Brignogan-Plage;835;23;858
29022;Camaret-sur-Mer;2614;48;2662
29023;Carantec;3232;145;3377
29024;Carhaix-Plouguer;7667;498;8165
29025;Cast;1497;37;1534
29026;Châteaulin;5298;552;5850
29027;Châteauneuf-du-Faou;3636;120;3756
29028;Cléden-Cap-Sizun;981;16;997
29029;Cléden-Poher;1046;34;1080
29030;Cléder;3807;100;3907
29031;Clohars-Carnoët;3971;148;4119
29032;Clohars-Fouesnant;2097;50;2147
29033;Le Cloître-Pleyben;567;19;586
29034;Le Cloître-Saint-Thégonnec;595;17;612
29035;Coat-Méal;951;28;979
29036;Collorec;657;10;667
29037;Combrit;3440;72;3512
29038;Commana;1030;31;1061
29039;Concarneau;20280;730;21010
29145;Confort-Meilars;803;18;821
29040;Le Conquet;2573;49;2622
29041;Coray;1778;35;1813
29042;Crozon;7682;254;7936
29043;Daoulas;1740;49;1789
29044;Dinéault;1702;63;1765
29045;Dirinon;2455;86;2541
29046;Douarnenez;15436;545;15981
29047;Le Drennec;1733;46;1779
29048;Edern;2021;69;2090
29049;Elliant;3127;205;3332
29051;Ergué-Gabéric;7577;240;7817
29052;Esquibien;1548;45;1593
29053;Le Faou;1708;34;1742
29054;La Feuillée;674;22;696
29055;Le Folgoët;3037;93;3130
29056;La Forest-Landerneau;1775;32;1807
29057;La Forêt-Fouesnant;3211;102;3313
29058;Fouesnant;9793;404;10197
29059;Garlan;937;20;957
29060;Gouesnach;2472;82;2554
29061;Gouesnou;6228;205;6433
29062;Gouézec;1063;38;1101
29063;Goulien;416;11;427
29064;Goulven;453;15;468
29065;Gourlizon;859;29;888
29066;Guengat;1669;45;1714
29067;Guerlesquin;1413;31;1444
29068;Guiclan;2134;64;2198
29070;Guiler-sur-Goyen;444;16;460
29069;Guilers;7290;175;7465
29071;Guilligomarc'h;657;13;670
29072;Guilvinec;3051;64;3115
29073;Guimaëc;920;32;952
29074;Guimiliau;933;29;962
29075;Guipavas;13855;338;14193
29076;Guipronvel;698;7;705
29077;Guissény;1823;36;1859
29078;Hanvec;1916;47;1963
29079;Henvic;1313;40;1353
29080;Hôpital-Camfrout;1902;59;1961
29081;Huelgoat;1612;24;1636
29082;Île-de-Batz;607;13;620
29083;Île-de-Sein;226;8;234
29084;Île-Molène;217;4;221
29085;Île-Tudy;692;29;721
29086;Irvillac;1276;24;1300
29087;Le Juch;749;20;769
29089;Kergloff;905;28;933
29090;Kerlaz;799;57;856
29091;Kerlouan;2258;51;2309
29093;Kernilis;1231;24;1255
29094;Kernouës;698;17;715
29095;Kersaint-Plabennec;1252;22;1274
29097;Lampaul-Guimiliau;2027;71;2098
29098;Lampaul-Plouarzel;2053;42;2095
29099;Lampaul-Ploudalmézeau;700;13;713
29100;Lanarvily;360;7;367
29101;Landéda;3555;105;3660
29102;Landeleau;1036;30;1066
29103;Landerneau;14902;621;15523
29104;Landévennec;350;8;358
29105;Landivisiau;8831;335;9166
29106;Landrévarzec;1577;49;1626
29107;Landudal;761;20;781
29108;Landudec;1277;18;1295
29109;Landunvez;1332;43;1375
29110;Langolen;793;16;809
29111;Lanhouarneau;1032;19;1051
29112;Lanildut;931;23;954
29113;Lanmeur;2172;55;2227
29114;Lannéanou;361;7;368
29115;Lannédern;302;12;314
29116;Lanneuffret;109;4;113
29117;Lannilis;5016;105;5121
29119;Lanrivoaré;1352;34;1386
29120;Lanvéoc;2220;44;2264
29122;Laz;767;6;773
29123;Lennon;751;19;770
29124;Lesneven;6740;510;7250
29125;Leuhan;778;21;799
29126;Loc-Brévalaire;218;4;222
29128;Loc-Eguiner;307;7;314
29127;Loc-Eguiner-Saint-Thégonnec;323;6;329
29129;Locmaria-Berrien;238;7;245
29130;Locmaria-Plouzané;4827;135;4962
29131;Locmélar;427;19;446
29132;Locquénolé;736;46;782
29133;Locquirec;1421;44;1465
29134;Locronan;800;34;834
29135;Loctudy;4101;109;4210
29136;Locunolé;984;26;1010
29137;Logonna-Daoulas;2025;59;2084
29139;Lopérec;808;204;1012
29140;Loperhet;3530;127;3657
29141;Loqueffret;408;10;418
29142;Lothey;429;12;441
29143;Mahalon;881;24;905
29144;La Martyre;749;9;758
29146;Melgven;3215;80;3295
29147;Mellac;2570;90;2660
29148;Mespaul;878;34;912
29149;Milizac;2952;52;3004
29150;Moëlan-sur-Mer;6879;200;7079
29151;Morlaix;15605;1033;16638
29152;Motreff;723;11;734
29153;Névez;2641;56;2697
29155;Ouessant;848;30;878
29156;Pencran;1475;49;1524
29158;Penmarch;5662;175;5837
29159;Peumérit;780;22;802
29160;Plabennec;7679;361;8040
29161;Pleuven;2632;95;2727
29162;Pleyben;3630;315;3945
29163;Pleyber-Christ;3057;134;3191
29165;Plobannalec-Lesconil;3315;125;3440
29166;Ploéven;480;11;491
29167;Plogastel-Saint-Germain;1779;64;1843
29168;Plogoff;1388;50;1438
29169;Plogonnec;3034;76;3110
29170;Plomelin;4068;205;4273
29171;Plomeur;3494;107;3601
29172;Plomodiern;2142;66;2208
29173;Plonéis;1756;53;1809
29174;Plonéour-Lanvern;5511;149;5660
29175;Plonévez-du-Faou;2096;81;2177
29176;Plonévez-Porzay;1666;41;1707
29177;Plouarzel;3278;90;3368
29178;Ploudalmézeau;5950;128;6078
29179;Ploudaniel;3666;168;3834
29180;Ploudiry;898;26;924
29181;Plouédern;2692;97;2789
29182;Plouégat-Guérand;1026;38;1064
29183;Plouégat-Moysan;617;8;625
29184;Plouénan;2417;50;2467
29185;Plouescat;3778;117;3895
29186;Plouezoc'h;1602;75;1677
29187;Plougar;727;28;755
29188;Plougasnou;3217;116;3333
29189;Plougastel-Daoulas;13065;369;13434
29190;Plougonvelin;3565;88;3653
29191;Plougonven;3206;71;3277
29192;Plougoulm;1770;64;1834
29193;Plougourvest;1244;30;1274
29195;Plouguerneau;6162;122;6284
29196;Plouguin;2050;46;2096
29197;Plouhinec;4215;121;4336
29198;Plouider;1886;65;1951
29199;Plouigneau;4491;218;4709
29201;Ploumoguer;1880;54;1934
29202;Plounéour-Ménez;1186;41;1227
29203;Plounéour-Trez;1226;37;1263
29204;Plounéventer;1684;42;1726
29206;Plounévez-Lochrist;2377;126;2503
29205;Plounévézel;1093;28;1121
29208;Plourin;1132;27;1159
29207;Plourin-lès-Morlaix;4532;268;4800
29209;Plouvien;3601;69;3670
29210;Plouvorn;2760;79;2839
29211;Plouyé;718;13;731
29212;Plouzané;11745;306;12051
29213;Plouzévédé;1573;43;1616
29214;Plovan;678;26;704
29215;Plozévet;2921;102;3023
29216;Pluguffan;3345;126;3471
29217;Pont-Aven;2977;73;3050
29218;Pont-Croix;1699;40;1739
29302;Pont-de-Buis-lès-Quimerch;3715;172;3887
29220;Pont-l'Abbé;8093;440;8533
29219;Le Ponthou;166;5;171
29221;Porspoder;1600;36;1636
29222;Port-Launay;476;57;533
29224;Pouldergat;1241;33;1274
29225;Pouldreuzic;1820;43;1863
29226;Poullan-sur-Mer;1470;173;1643
29227;Poullaouen;1385;46;1431
29228;Primelin;743;17;760
29229;Quéménéven;1145;36;1181
29230;Querrien;1663;40;1703
29232;Quimper;63961;3294;67255
29233;Quimperlé;10877;683;11560
29234;Rédené;2684;73;2757
29235;Le Relecq-Kerhuon;10746;272;11018
29236;Riec-sur-Belon;4139;123;4262
29237;La Roche-Maurice;1872;52;1924
29238;Roscanvel;997;31;1028
29239;Roscoff;3675;105;3780
29240;Rosnoën;960;27;987
29241;Rosporden;6928;149;7077
29243;Saint-Coulitz;420;34;454
29244;Saint-Derrien;696;2;698
29245;Saint-Divy;1311;28;1339
29246;Saint-Eloy;202;1;203
29247;Saint-Évarzec;3209;86;3295
29248;Saint-Frégant;581;13;594
29249;Saint-Goazec;705;18;723
29250;Saint-Hernin;760;35;795
29251;Saint-Jean-du-Doigt;636;28;664
29252;Saint-Jean-Trolimon;969;31;1000
29254;Saint-Martin-des-Champs;4763;241;5004
29255;Saint-Méen;659;14;673
29256;Saint-Nic;747;27;774
29257;Saint-Pabu;1774;53;1827
29259;Saint-Pol-de-Léon;7053;301;7354
29260;Saint-Renan;7292;210;7502
29261;Saint-Rivoal;172;5;177
29262;Saint-Sauveur;735;25;760
29263;Saint-Ségal;944;58;1002
29264;Saint-Servais;648;17;665
29266;Saint-Thégonnec;2562;84;2646
29267;Saint-Thois;720;12;732
29268;Saint-Thonan;1322;37;1359
29269;Saint-Thurien;878;21;899
29270;Saint-Urbain;1411;48;1459
29271;Saint-Vougay;897;21;918
29272;Saint-Yvi;2733;72;2805
29265;Sainte-Sève;867;32;899
29273;Santec;2278;62;2340
29274;Scaër;5139;132;5271
29275;Scrignac;817;30;847
29276;Sibiril;1229;27;1256
29277;Sizun;2168;57;2225
29278;Spézet;1865;54;1919
29279;Taulé;2883;95;2978
29280;Telgruc-sur-Mer;2002;79;2081
29281;Tourch;905;13;918
29282;Trébabu;367;10;377
29284;Treffiagat;2274;110;2384
29285;Tréflaouénan;512;14;526
29286;Tréflévénez;284;8;292
29287;Tréflez;876;26;902
29288;Trégarantec;524;20;544
29289;Trégarvan;137;5;142
29290;Tréglonou;551;52;603
29291;Trégourez;944;14;958
29292;Tréguennec;337;8;345
29293;Trégunc;6751;231;6982
29294;Le Tréhou;522;11;533
29295;Trémaouézan;447;16;463
29296;Tréméoc;1155;26;1181
29297;Tréméven;2063;49;2112
29298;Tréogat;505;10;515
29299;Tréouergat;224;8;232
29300;Le Trévoux;1409;37;1446
29301;Trézilidé;268;11;279
30001;Aigaliers;467;6;473
30002;Aigremont;668;8;676
30003;Aigues-Mortes;7613;92;7705
30004;Aigues-Vives;2595;39;2634
30005;Aiguèze;220;4;224
30006;Aimargues;4227;34;4261
30007;Alès;40108;974;41082
30008;Allègre-les-Fumades;734;15;749
30009;Alzon;222;9;231
30010;Anduze;3275;59;3334
30011;Les Angles;8192;209;8401
30012;Aramon;3840;89;3929
30013;Argilliers;307;2;309
30014;Arpaillargues-et-Aureillac;972;22;994
30015;Arphy;157;6;163
30016;Arre;292;2;294
30017;Arrigas;185;6;191
30018;Aspères;451;12;463
30019;Aubais;2314;48;2362
30020;Aubord;2360;44;2404
30021;Aubussargues;324;3;327
30022;Aujac;179;9;188
30023;Aujargues;800;16;816
30024;Aulas;445;15;460
30025;Aumessas;228;6;234
30026;Avèze;1087;35;1122
30027;Bagard;2305;90;2395
30028;Bagnols-sur-Cèze;18512;511;19023
30029;Barjac;1503;30;1533
30030;Baron;315;9;324
30031;La Bastide-d'Engras;214;4;218
30032;Beaucaire;15274;216;15490
30033;Beauvoisin;3335;60;3395
30034;Bellegarde;6202;119;6321
30035;Belvézet;228;7;235
30036;Bernis;3021;35;3056
30037;Bessèges;3196;49;3245
30038;Bez-et-Esparon;354;27;381
30039;Bezouce;2068;29;2097
30040;Blandas;126;3;129
30041;Blauzac;1067;19;1086
30042;Boisset-et-Gaujac;2238;58;2296
30043;Boissières;513;15;528
30044;Bonnevaux;94;5;99
30045;Bordezac;390;9;399
30046;Boucoiran-et-Nozières;707;10;717
30047;Bouillargues;5641;82;5723
30048;Bouquet;187;5;192
30049;Bourdic;312;11;323
30050;Bragassargues;129;5;134
30051;Branoux-les-Taillades;1284;27;1311
30052;Bréau-et-Salagosse;449;32;481
30053;Brignon;785;5;790
30055;Brouzet-lès-Alès;570;7;577
30054;Brouzet-lès-Quissac;235;9;244
30056;La Bruguière;280;6;286
30057;Cabrières;1309;11;1320
30058;La Cadière-et-Cambo;200;4;204
30059;Le Cailar;2381;52;2433
30060;Caissargues;3832;55;3887
30061;La Calmette;1933;35;1968
30062;Calvisson;4300;75;4375
30064;Campestre-et-Luc;111;5;116
30065;Canaules-et-Argentières;433;5;438
30066;Cannes-et-Clairan;372;5;377
30067;La Capelle-et-Masmolène;383;3;386
30068;Cardet;809;18;827
30069;Carnas;384;5;389
30070;Carsan;634;26;660
30071;Cassagnoles;410;6;416
30072;Castelnau-Valence;327;1;328
30073;Castillon-du-Gard;1248;86;1334
30074;Causse-Bégon;20;0;20
30075;Caveirac;3704;85;3789
30076;Cavillargues;758;30;788
30077;Cendras;1962;37;1999
30079;Chambon;273;3;276
30080;Chamborigaud;755;18;773
30081;Chusclan;967;29;996
30082;Clarensac;3504;65;3569
30083;Codognan;2512;24;2536
30084;Codolet;682;9;691
30085;Collias;973;23;996
30086;Collorgues;509;9;518
30087;Colognac;201;7;208
30088;Combas;538;15;553
30089;Comps;1582;30;1612
30090;Concoules;260;1;261
30091;Congénies;1530;37;1567
30092;Connaux;1624;61;1685
30093;Conqueyrac;102;2;104
30094;Corbès;149;2;151
30095;Corconne;565;6;571
30096;Cornillon;861;17;878
30097;Courry;304;5;309
30098;Crespian;289;2;291
30099;Cros;250;14;264
30100;Cruviers-Lascours;585;8;593
30101;Deaux;578;5;583
30102;Dions;540;9;549
30103;Domazan;844;21;865
30104;Domessargues;669;10;679
30105;Dourbies;188;8;196
30106;Durfort-et-Saint-Martin-de-Sossenac;649;11;660
30107;Estézargues;440;11;451
30108;L' Estréchure;164;6;170
30109;Euzet;373;9;382
30110;Flaux;314;14;328
30111;Foissac;325;10;335
30112;Fons;1067;14;1081
30113;Fons-sur-Lussan;218;7;225
30114;Fontanès;609;16;625
30115;Fontarèches;227;11;238
30116;Fournès;891;15;906
30117;Fourques;2880;71;2951
30119;Fressac;121;5;126
30120;Gagnières;1064;8;1072
30121;Gailhan;173;5;178
30122;Gajan;685;19;704
30123;Gallargues-le-Montueux;3136;64;3200
30124;Le Garn;220;6;226
30125;Garons;4296;55;4351
30126;Garrigues-Sainte-Eulalie;715;9;724
30127;Gaujac;918;24;942
30128;Générac;3717;57;3774
30129;Générargues;690;19;709
30130;Génolhac;890;27;917
30131;Goudargues;1016;18;1034
30132;La Grand-Combe;5266;158;5424
30133;Le Grau-du-Roi;8173;103;8276
30134;Issirac;221;8;229
30135;Jonquières-Saint-Vincent;2988;29;3017
30136;Junas;1003;19;1022
30137;Lamelouze;84;1;85
30138;Langlade;1976;45;2021
30139;Lanuéjols;326;5;331
30140;Lasalle;1055;31;1086
30141;Laudun-l'Ardoise;5388;113;5501
30142;Laval-Pradel;1110;20;1130
30143;Laval-Saint-Roman;228;6;234
30144;Lecques;333;0;333
30145;Lédenon;1380;12;1392
30146;Lédignan;1262;18;1280
30147;Lézan;1245;22;1267
30148;Liouc;182;3;185
30149;Lirac;827;28;855
30150;Logrian-Florian;256;6;262
30151;Lussan;450;10;460
30152;Les Mages;1770;31;1801
30153;Malons-et-Elze;94;1;95
30154;Mandagout;364;15;379
30155;Manduel;5725;82;5807
30156;Marguerittes;8656;227;8883
30157;Mars;174;9;183
30158;Martignargues;367;10;377
30159;Le Martinet;793;6;799
30160;Maruéjols-lès-Gardon;179;2;181
30161;Massanes;173;2;175
30162;Massillargues-Attuech;696;26;722
30163;Mauressargues;141;3;144
30164;Méjannes-le-Clap;446;5;451
30165;Méjannes-lès-Alès;1042;34;1076
30166;Meynes;2160;76;2236
30167;Meyrannes;855;22;877
30168;Mialet;558;11;569
30169;Milhaud;5578;147;5725
30170;Molières-Cavaillac;937;43;980
30171;Molières-sur-Cèze;1569;26;1595
30172;Monoblet;601;52;653
30173;Mons;1439;47;1486
30354;Montagnac;148;8;156
30174;Montaren-et-Saint-Médiers;1351;28;1379
30175;Montclus;155;10;165
30176;Montdardier;193;9;202
30177;Monteils;569;23;592
30178;Montfaucon;1330;26;1356
30179;Montfrin;2911;48;2959
30180;Montignargues;584;9;593
30181;Montmirat;276;3;279
30182;Montpezat;1049;18;1067
30183;Moulézan;428;12;440
30184;Moussac;1165;8;1173
30185;Mus;1182;23;1205
30186;Nages-et-Solorgues;1486;36;1522
30187;Navacelles;266;8;274
30188;Ners;672;16;688
30189;Nîmes;143468;2986;146454
30190;Notre-Dame-de-la-Rouvière;410;13;423
30191;Orsan;1120;31;1151
30192;Orthoux-Sérignac-Quilhan;384;12;396
30193;Parignargues;581;9;590
30194;Peyremale;272;11;283
30195;Peyrolles;41;1;42
30196;Le Pin;334;12;346
30197;Les Plans;198;2;200
30198;Les Plantiers;250;10;260
30199;Pommiers;69;1;70
30200;Pompignan;784;16;800
30202;Pont-Saint-Esprit;9846;304;10150
30201;Ponteils-et-Brésis;314;8;322
30203;Portes;359;9;368
30204;Potelières;342;14;356
30205;Pougnadoresse;192;10;202
30206;Poulx;4082;99;4181
30207;Pouzilhac;594;4;598
30208;Puechredon;37;1;38
30209;Pujaut;3900;91;3991
30210;Quissac;2609;45;2654
30211;Redessan;3247;47;3294
30212;Remoulins;2338;24;2362
30213;Revens;28;0;28
30214;Ribaute-les-Tavernes;1627;36;1663
30215;Rivières;323;10;333
30216;Robiac-Rochessadoule;806;15;821
30217;Rochefort-du-Gard;6816;161;6977
30218;Rochegude;209;3;212
30356;Rodilhan;2528;209;2737
30219;Rogues;106;1;107
30222;La Roque-sur-Cèze;174;5;179
30220;Roquedur;224;9;233
30221;Roquemaure;5207;70;5277
30223;Rousson;3436;108;3544
30224;La Rouvière;567;5;572
30225;Sabran;1724;72;1796
30226;Saint-Alexandre;1082;46;1128
30227;Saint-Ambroix;3509;85;3594
30232;Saint-André-d'Olérargues;403;13;416
30229;Saint-André-de-Majencoules;561;24;585
30230;Saint-André-de-Roquepertuis;509;18;527
30231;Saint-André-de-Valborgne;446;9;455
30233;Saint-Bauzély;475;5;480
30234;Saint-Bénézet;265;3;268
30236;Saint-Bonnet-de-Salendrinque;94;3;97
30235;Saint-Bonnet-du-Gard;682;12;694
30237;Saint-Brès;630;11;641
30238;Saint-Bresson;71;5;76
30240;Saint-Césaire-de-Gauzignan;268;5;273
30241;Saint-Chaptes;1520;28;1548
30242;Saint-Christol-de-Rodières;159;4;163
30243;Saint-Christol-lès-Alès;6472;194;6666
30244;Saint-Clément;253;9;262
30245;Saint-Côme-et-Maruéjols;733;20;753
30247;Saint-Denis;223;5;228
30248;Saint-Dézéry;326;7;333
30249;Saint-Dionizy;844;20;864
30250;Saint-Étienne-de-l'Olm;324;10;334
30251;Saint-Étienne-des-Sorts;503;9;512
30252;Saint-Félix-de-Pallières;233;7;240
30253;Saint-Florent-sur-Auzonnet;1138;21;1159
30254;Saint-Geniès-de-Comolas;1839;37;1876
30255;Saint-Geniès-de-Malgoirès;2546;32;2578
30256;Saint-Gervais;678;33;711
30257;Saint-Gervasy;1630;25;1655
30258;Saint-Gilles;13211;159;13370
30260;Saint-Hilaire-d'Ozilhan;666;9;675
30259;Saint-Hilaire-de-Brethmas;4118;97;4215
30261;Saint-Hippolyte-de-Caton;199;2;201
30262;Saint-Hippolyte-de-Montaigu;235;3;238
30263;Saint-Hippolyte-du-Fort;3732;98;3830
30264;Saint-Jean-de-Ceyrargues;162;4;166
30265;Saint-Jean-de-Crieulon;204;9;213
30266;Saint-Jean-de-Maruéjols-et-Avéjan;868;12;880
30267;Saint-Jean-de-Serres;507;11;518
30268;Saint-Jean-de-Valériscle;728;10;738
30269;Saint-Jean-du-Gard;2655;169;2824
30270;Saint-Jean-du-Pin;1285;24;1309
30271;Saint-Julien-de-Cassagnas;605;12;617
30272;Saint-Julien-de-la-Nef;124;7;131
30273;Saint-Julien-de-Peyrolas;1206;48;1254
30274;Saint-Julien-les-Rosiers;2821;56;2877
30275;Saint-Just-et-Vacquières;266;2;268
30276;Saint-Laurent-d'Aigouze;3210;59;3269
30277;Saint-Laurent-de-Carnols;450;12;462
30278;Saint-Laurent-des-Arbres;2179;42;2221
30279;Saint-Laurent-la-Vernède;693;14;707
30280;Saint-Laurent-le-Minier;367;3;370
30281;Saint-Mamert-du-Gard;1284;16;1300
30282;Saint-Marcel-de-Careiret;684;17;701
30283;Saint-Martial;190;1;191
30284;Saint-Martin-de-Valgalgues;4150;94;4244
30285;Saint-Maurice-de-Cazevieille;598;6;604
30286;Saint-Maximin;626;20;646
30287;Saint-Michel-d'Euzet;586;24;610
30288;Saint-Nazaire;1153;41;1194
30289;Saint-Nazaire-des-Gardies;79;1;80
30291;Saint-Paul-la-Coste;264;4;268
30355;Saint-Paul-les-Fonts;707;14;721
30290;Saint-Paulet-de-Caisson;1786;58;1844
30292;Saint-Pons-la-Calm;411;12;423
30293;Saint-Privat-de-Champclos;294;4;298
30294;Saint-Privat-des-Vieux;4349;134;4483
30295;Saint-Quentin-la-Poterie;2892;81;2973
30296;Saint-Roman-de-Codières;173;9;182
30297;Saint-Sauveur-Camprieu;265;0;265
30298;Saint-Sébastien-d'Aigrefeuille;494;25;519
30299;Saint-Siffret;930;21;951
30300;Saint-Théodorit;408;2;410
30303;Saint-Victor-de-Malcap;642;13;655
30301;Saint-Victor-des-Oules;254;3;257
30302;Saint-Victor-la-Coste;1821;44;1865
30228;Sainte-Anastasie;1592;26;1618
30239;Sainte-Cécile-d'Andorge;558;4;562
30246;Sainte-Croix-de-Caderle;115;6;121
30304;Salazac;186;0;186
30305;Salindres;3056;56;3112
30306;Salinelles;465;5;470
30307;Les Salles-du-Gardon;2585;44;2629
30308;Sanilhac-Sagriès;819;49;868
30309;Sardan;260;2;262
30310;Saumane;256;1;257
30311;Sauve;1856;41;1897
30312;Sauveterre;1838;35;1873
30313;Sauzet;688;5;693
30314;Savignargues;199;4;203
30315;Saze;1749;34;1783
30316;Sénéchas;221;16;237
30317;Sernhac;1440;24;1464
30318;Servas;198;2;200
30319;Serviers-et-Labaume;482;7;489
30320;Seynes;141;5;146
30321;Sommières;4484;46;4530
30322;Soudorgues;271;9;280
30323;Soustelle;148;0;148
30324;Souvignargues;696;12;708
30325;Sumène;1526;40;1566
30326;Tavel;1706;31;1737
30327;Tharaux;63;4;67
30328;Théziers;1018;10;1028
30329;Thoiras;409;7;416
30330;Tornac;862;17;879
30331;Tresques;1812;53;1865
30332;Trèves;101;2;103
30333;Uchaud;3873;59;3932
30334;Uzès;8088;359;8447
30335;Vabres;100;3;103
30336;Vallabrègues;1289;24;1313
30337;Vallabrix;363;13;376
30338;Vallérargues;133;1;134
30339;Valleraugue;1081;21;1102
30340;Valliguières;471;6;477
30341;Vauvert;11138;176;11314
30342;Vénéjan;1158;47;1205
30343;Verfeuil;527;10;537
30344;Vergèze;3958;78;4036
30345;La Vernarède;363;7;370
30346;Vers-Pont-du-Gard;1609;47;1656
30347;Vestric-et-Candiac;1330;18;1348
30348;Vézénobres;1663;90;1753
30349;Vic-le-Fesq;351;9;360
30350;Le Vigan;4011;168;4179
30351;Villeneuve-lès-Avignon;12644;440;13084
30352;Villevieille;1582;38;1620
30353;Vissec;49;0;49
31001;Agassac;122;2;124
31002;Aignes;231;8;239
31003;Aigrefeuille;808;11;819
31005;Alan;305;7;312
31006;Albiac;191;0;191
31007;Ambax;69;0;69
31008;Anan;221;7;228
31009;Antichan-de-Frontignes;82;5;87
31010;Antignac;103;8;111
31011;Arbas;247;3;250
31012;Arbon;67;0;67
31013;Ardiège;408;5;413
31014;Arguenos;50;0;50
31015;Argut-Dessous;31;1;32
31017;Arlos;89;3;92
31018;Arnaud-Guilhem;196;2;198
31019;Artigue;34;2;36
31020;Aspet;938;95;1033
31021;Aspret-Sarrat;139;1;140
31022;Aucamville;7707;77;7784
31023;Aulon;347;5;352
31024;Auragne;392;7;399
31025;Aureville;705;17;722
31026;Auriac-sur-Vendinelle;1006;15;1021
31027;Auribail;219;1;220
31028;Aurignac;1154;74;1228
31029;Aurin;265;6;271
31030;Ausseing;66;0;66
31031;Ausson;553;10;563
31032;Aussonne;5556;78;5634
31033;Auterive;8435;131;8566
31034;Auzas;170;1;171
31035;Auzeville-Tolosane;2816;264;3080
31036;Auzielle;1353;53;1406
31037;Avignonet-Lauragais;1241;26;1267
31004;Ayguesvives;2186;33;2219
31038;Azas;473;10;483
31039;Bachas;68;6;74
31040;Bachos;27;0;27
31041;Bagiry;80;4;84
31042;Bagnères-de-Luchon;2602;123;2725
31043;Balesta;173;5;178
31044;Balma;12946;250;13196
31045;Barbazan;445;17;462
31046;Baren;6;0;6
31047;Bax;87;6;93
31048;Baziège;3082;40;3122
31049;Bazus;588;7;595
31050;Beauchalot;515;12;527
31051;Beaufort;356;2;358
31052;Beaumont-sur-Lèze;1477;37;1514
31053;Beaupuy;1297;19;1316
31054;Beauteville;151;2;153
31055;Beauville;129;7;136
31056;Beauzelle;4914;75;4989
31057;Belberaud;1284;39;1323
31058;Belbèze-de-Lauragais;95;0;95
31059;Belbèze-en-Comminges;108;2;110
31060;Bélesta-en-Lauragais;110;2;112
31061;Bellegarde-Sainte-Marie;194;4;198
31062;Bellesserre;84;0;84
31063;Benque;154;4;158
31064;Benque-Dessous-et-Dessus;16;0;16
31065;Bérat;2369;41;2410
31066;Bessières;3069;36;3105
31067;Bezins-Garraux;55;0;55
31068;Billière;24;2;26
31590;Binos;30;1;31
31069;Blagnac;21194;383;21577
31070;Blajan;521;3;524
31071;Bois-de-la-Pierre;404;0;404
31072;Boissède;83;1;84
31073;Bondigoux;424;2;426
31074;Bonrepos-Riquet;227;8;235
31075;Bonrepos-sur-Aussonnelle;788;10;798
31076;Bordes-de-Rivière;440;12;452
31077;Le Born;359;9;368
31078;Boudrac;114;1;115
31079;Bouloc;3836;48;3884
31080;Boulogne-sur-Gesse;1647;69;1716
31081;Bourg-d'Oueil;11;0;11
31082;Bourg-Saint-Bernard;821;15;836
31083;Boussan;204;8;212
31084;Boussens;1033;24;1057
31085;Boutx;269;9;278
31086;Bouzin;83;3;86
31087;Bragayrac;269;3;272
31088;Brax;2393;47;2440
31089;Bretx;511;10;521
31090;Brignemont;359;2;361
31091;Bruguières;4923;49;4972
31092;Burgalays;124;8;132
31093;Le Burgaud;571;11;582
31094;Buzet-sur-Tarn;2037;22;2059
31095;Cabanac-Cazaux;110;5;115
31096;Cabanac-Séguenville;155;1;156
31097;Le Cabanial;333;1;334
31098;Cadours;1047;6;1053
31099;Caignac;249;1;250
31100;Calmont;2002;18;2020
31101;Cambernard;426;7;433
31102;Cambiac;187;3;190
31103;Canens;61;0;61
31104;Capens;462;1;463
31105;Caragoudes;240;6;246
31106;Caraman;2324;27;2351
31107;Carbonne;4777;82;4859
31108;Cardeilhac;252;1;253
31109;Cassagnabère-Tournas;395;8;403
31110;Cassagne;633;12;645
31111;Castagnac;278;4;282
31112;Castagnède;175;4;179
31113;Castanet-Tolosan;10744;191;10935
31114;Castelbiague;229;4;233
31115;Castelgaillard;54;1;55
31116;Castelginest;8493;139;8632
31117;Castelmaurou;3398;98;3496
31118;Castelnau-d'Estrétefonds;4957;57;5014
31119;Castelnau-Picampeau;180;6;186
31120;Le Castéra;728;9;737
31121;Castéra-Vignoles;59;1;60
31122;Casties-Labrande;96;0;96
31123;Castillon-de-Larboust;67;1;68
31124;Castillon-de-Saint-Martory;300;5;305
31125;Cathervielle;35;1;36
31126;Caubiac;241;2;243
31127;Caubous;7;1;8
31128;Caujac;515;16;531
31593;Cazac;80;2;82
31129;Cazaril-Laspènes;20;0;20
31130;Cazaril-Tambourès;81;1;82
31131;Cazaunous;67;0;67
31132;Cazaux-Layrisse;68;1;69
31133;Cazeaux-de-Larboust;91;1;92
31134;Cazeneuve-Montaut;57;3;60
31135;Cazères;4129;118;4247
31136;Cépet;1477;13;1490
31137;Cessales;130;7;137
31138;Charlas;211;5;216
31139;Chaum;203;2;205
31140;Chein-Dessus;195;1;196
31141;Ciadoux;243;2;245
31142;Cier-de-Luchon;246;6;252
31143;Cier-de-Rivière;247;7;254
31144;Cierp-Gaud;910;24;934
31145;Cintegabelle;2536;55;2591
31146;Cirès;12;0;12
31147;Clarac;560;21;581
31148;Clermont-le-Fort;496;6;502
31149;Colomiers;32315;309;32624
31150;Cornebarrieu;5556;50;5606
31151;Corronsac;662;20;682
31152;Coueilles;88;3;91
31153;Couladère;427;7;434
31155;Couret;193;3;196
31156;Cox;323;4;327
31157;Cugnaux;16047;184;16231
31158;Cuguron;182;7;189
31159;Le Cuing;392;1;393
31160;Daux;1712;12;1724
31161;Deyme;874;33;907
31162;Donneville;1026;99;1125
31163;Drémil-Lafage;2639;48;2687
31164;Drudas;181;7;188
31165;Eaunes;4239;87;4326
31166;Empeaux;202;1;203
31167;Encausse-les-Thermes;638;10;648
31168;Eoux;115;3;118
31169;Escalquens;5685;171;5856
31170;Escanecrabe;247;10;257
31591;Escoulis;72;2;74
31171;Espanès;270;4;274
31172;Esparron;46;0;46
31173;Esperce;236;9;245
31174;Estadens;489;5;494
31175;Estancarbon;553;26;579
31176;Esténos;181;4;185
31177;Eup;138;8;146
31178;Fabas;210;7;217
31179;Le Faget;342;5;347
31180;Falga;99;5;104
31181;Le Fauga;1617;29;1646
31182;Fenouillet;4898;44;4942
31183;Figarol;278;8;286
31184;Flourens;1725;29;1754
31185;Folcarde;121;1;122
31186;Fonbeauzard;2789;35;2824
31187;Fonsorbes;10891;170;11061
31188;Fontenilles;3580;57;3637
31189;Forgues;182;3;185
31190;Fos;253;16;269
31191;Fougaron;90;0;90
31192;Fourquevaux;765;23;788
31193;Le Fousseret;1591;35;1626
31194;Francarville;171;0;171
31195;Francazal;21;3;24
31196;Francon;190;5;195
31197;Franquevielle;351;4;355
31198;Le Fréchet;111;1;112
31199;Fronsac;210;2;212
31200;Frontignan-de-Comminges;67;3;70
31201;Frontignan-Savès;57;3;60
31202;Fronton;5233;70;5303
31203;Frouzins;6944;116;7060
31204;Fustignac;71;1;72
31205;Gagnac-sur-Garonne;2727;29;2756
31206;Gaillac-Toulza;1140;21;1161
31207;Galié;85;1;86
31208;Ganties;291;9;300
31209;Garac;169;1;170
31210;Gardouch;1247;24;1271
31211;Gargas;600;9;609
31212;Garidech;1548;7;1555
31213;Garin;137;4;141
31215;Gauré;493;7;500
31216;Gémil;269;0;269
31217;Génos;92;2;94
31218;Gensac-de-Boulogne;111;4;115
31219;Gensac-sur-Garonne;312;8;320
31220;Gibel;266;6;272
31221;Gouaux-de-Larboust;46;0;46
31222;Gouaux-de-Luchon;44;1;45
31223;Goudex;41;0;41
31224;Gourdan-Polignan;1348;237;1585
31225;Goutevernisse;147;3;150
31226;Gouzens;96;2;98
31227;Goyrans;859;26;885
31228;Gragnague;1571;24;1595
31229;Gratens;646;14;660
31230;Gratentour;3662;46;3708
31231;Grazac;493;4;497
31232;Grenade;7106;101;7207
31233;Grépiac;971;15;986
31234;Le Grès;273;5;278
31235;Guran;55;0;55
31236;Herran;74;0;74
31237;His;212;34;246
31238;Huos;462;14;476
31239;L' Isle-en-Dodon;2137;31;2168
31240;Issus;374;2;376
31241;Izaut-de-l'Hôtel;321;10;331
31242;Jurvielle;20;0;20
31243;Juzes;93;2;95
31245;Juzet-d'Izaut;202;5;207
31244;Juzet-de-Luchon;389;11;400
31246;Labarthe-Inard;829;26;855
31247;Labarthe-Rivière;1298;35;1333
31248;Labarthe-sur-Lèze;4740;77;4817
31249;Labastide-Beauvoir;1009;11;1020
31250;Labastide-Clermont;624;9;633
31251;Labastide-Paumès;129;1;130
31252;Labastide-Saint-Sernin;1710;14;1724
31253;Labastidette;1968;21;1989
31254;Labège;3493;105;3598
31255;Labroquère;298;30;328
31256;Labruyère-Dorsa;226;5;231
31258;Lacaugne;194;3;197
31259;Lacroix-Falgarde;1928;42;1970
31260;Laffite-Toupière;78;0;78
31261;Lafitte-Vigordane;1070;10;1080
31262;Lagarde;289;4;293
31263;Lagardelle-sur-Lèze;2449;35;2484
31264;Lagrâce-Dieu;385;4;389
31265;Lagraulet-Saint-Nicolas;204;3;207
31266;Lahage;237;7;244
31267;Lahitère;51;1;52
31268;Lalouret-Laffiteau;118;5;123
31269;Lamasquère;1213;17;1230
31270;Landorthe;931;28;959
31271;Lanta;1483;25;1508
31272;Lapeyrère;81;1;82
31273;Lapeyrouse-Fossat;2555;27;2582
31274;Larcan;173;4;177
31275;Laréole;135;1;136
31592;Larra;1360;23;1383
31276;Larroque;311;4;315
31277;Lasserre;865;9;874
31278;Latoue;299;2;301
31279;Latour;77;1;78
31280;Latrape;346;2;348
31281;Launac;1173;12;1185
31282;Launaguet;6926;88;7014
31283;Lautignac;267;7;274
31284;Lauzerville;1103;20;1123
31285;Lavalette;621;17;638
31286;Lavelanet-de-Comminges;535;16;551
31287;Lavernose-Lacasse;2531;42;2573
31288;Layrac-sur-Tarn;314;6;320
31289;Lécussan;293;2;295
31290;Lège;42;0;42
31291;Léguevin;7668;188;7856
31292;Lescuns;54;0;54
31293;Lespinasse;2401;18;2419
31294;Lespiteau;85;2;87
31295;Lespugue;76;0;76
31296;Lestelle-de-Saint-Martory;383;3;386
31297;Lévignac;1921;41;1962
31298;Lez;58;1;59
31299;Lherm;3197;56;3253
31300;Lieoux;124;2;126
31301;Lilhac;133;1;134
31302;Lodes;268;9;277
31303;Longages;2468;26;2494
31304;Loubens-Lauragais;390;7;397
31305;Loudet;213;25;238
31306;Lourde;100;1;101
31307;Lunax;60;0;60
31308;Luscan;63;3;66
31309;Lussan-Adeilhac;202;2;204
31310;Lux;323;2;325
31311;La Magdelaine-sur-Tarn;948;15;963
31312;Mailholas;40;1;41
31313;Malvezie;119;4;123
31314;Mancioux;409;13;422
31315;Mane;972;51;1023
31316;Marignac;518;14;532
31317;Marignac-Lasclares;332;4;336
31318;Marignac-Laspeyres;154;1;155
31319;Marliac;95;2;97
31320;Marquefave;995;85;1080
31321;Marsoulas;137;7;144
31322;Martisserre;64;3;67
31323;Martres-de-Rivière;363;9;372
31324;Martres-Tolosane;2200;43;2243
31325;Mascarville;198;2;200
31326;Massabrac;74;0;74
31327;Mauran;167;2;169
31328;Mauremont;299;2;301
31329;Maurens;201;4;205
31330;Mauressac;360;11;371
31331;Maureville;286;7;293
31332;Mauvaisin;240;8;248
31333;Mauvezin;69;1;70
31334;Mauzac;1046;23;1069
31335;Mayrègne;25;1;26
31336;Mazères-sur-Salat;596;7;603
31337;Melles;107;2;109
31338;Menville;481;10;491
31339;Mérenvielle;465;10;475
31340;Mervilla;247;2;249
31341;Merville;4470;58;4528
31342;Milhas;170;2;172
31343;Mirambeau;53;3;56
31344;Miramont-de-Comminges;869;13;882
31345;Miremont;1902;23;1925
31346;Mirepoix-sur-Tarn;671;8;679
31347;Molas;170;3;173
31348;Moncaup;30;0;30
31349;Mondavezan;757;9;766
31350;Mondilhan;93;1;94
31351;Mondonville;3036;32;3068
31352;Mondouzil;223;6;229
31353;Monès;55;1;56
31354;Monestrol;56;1;57
31355;Mons;1413;20;1433
31369;Mont-de-Galié;39;3;42
31356;Montaigut-sur-Save;1530;23;1553
31357;Montastruc-de-Salies;274;8;282
31358;Montastruc-la-Conseillère;3049;80;3129
31359;Montastruc-Savès;75;4;79
31360;Montauban-de-Luchon;452;18;470
31361;Montaut;491;10;501
31362;Montberaud;204;4;208
31363;Montbernard;210;4;214
31364;Montberon;2713;30;2743
31365;Montbrun-Bocage;435;10;445
31366;Montbrun-Lauragais;545;13;558
31367;Montclar-de-Comminges;74;1;75
31368;Montclar-Lauragais;208;0;208
31370;Montégut-Bourjac;108;4;112
31371;Montégut-Lauragais;444;7;451
31372;Montespan;435;9;444
31373;Montesquieu-Guittaut;120;5;125
31374;Montesquieu-Lauragais;898;18;916
31375;Montesquieu-Volvestre;2710;74;2784
31376;Montgaillard-de-Salies;102;2;104
31377;Montgaillard-Lauragais;649;10;659
31378;Montgaillard-sur-Save;77;0;77
31379;Montgazin;173;4;177
31380;Montgeard;421;1;422
31381;Montgiscard;2047;57;2104
31382;Montgras;87;0;87
31383;Montjoire;1139;10;1149
31384;Montlaur;1212;23;1235
31385;Montmaurin;211;0;211
31386;Montoulieu-Saint-Bernard;169;8;177
31387;Montoussin;109;0;109
31388;Montpitol;381;4;385
31389;Montrabé;3350;67;3417
31390;Montréjeau;2722;59;2781
31391;Montsaunès;400;36;436
31392;Mourvilles-Basses;56;2;58
31393;Mourvilles-Hautes;153;8;161
31394;Moustajon;172;9;181
31395;Muret;23572;661;24233
31396;Nailloux;1999;20;2019
31397;Nénigan;54;0;54
31398;Nizan-Gesse;90;0;90
31399;Noé;2497;32;2529
31400;Nogaret;75;2;77
31401;Noueilles;317;4;321
31402;Odars;684;11;695
31403;Ondes;723;130;853
31404;Oô;107;0;107
31405;Ore;104;4;108
31406;Palaminy;782;28;810
31407;Paulhac;1107;23;1130
31408;Payssous;92;0;92
31409;Péchabou;1608;42;1650
31410;Pechbonnieu;3688;47;3735
31411;Pechbusque;797;25;822
31412;Péguilhan;228;4;232
31413;Pelleport;480;9;489
31414;Peyrissas;99;3;102
31415;Peyrouzet;96;4;100
31416;Peyssies;456;8;464
31417;Pibrac;7755;230;7985
31418;Pin-Balma;949;14;963
31419;Le Pin-Murelet;182;2;184
31421;Pins-Justaret;4342;62;4404
31420;Pinsaguel;2581;51;2632
31422;Plagne;96;1;97
31423;Plagnole;269;6;275
31424;Plaisance-du-Touch;15443;292;15735
31425;Le Plan;424;4;428
31426;Pointis-de-Rivière;843;14;857
31427;Pointis-Inard;789;15;804
31428;Polastron;59;4;63
31429;Pompertuzat;1902;53;1955
31430;Ponlat-Taillebourg;570;13;583
31431;Portet-d'Aspet;72;1;73
31432;Portet-de-Luchon;28;1;29
31433;Portet-sur-Garonne;9781;120;9901
31434;Poubeau;67;2;69
31435;Poucharramet;812;16;828
31436;Pouy-de-Touges;330;8;338
31437;Pouze;100;0;100
31438;Pradère-les-Bourguets;239;3;242
31439;Préserville;527;12;539
31440;Proupiary;66;2;68
31441;Prunet;145;4;149
31442;Puydaniel;385;1;386
31443;Puymaurin;297;1;298
31444;Puysségur;100;2;102
31445;Quint-Fonsegrives;4532;71;4603
31446;Ramonville-Saint-Agne;11660;313;11973
31447;Razecueillé;32;0;32
31448;Rebigue;507;5;512
31449;Régades;135;0;135
31450;Renneville;461;6;467
31451;Revel;8990;416;9406
31452;Rieucazé;45;2;47
31453;Rieumajou;123;2;125
31454;Rieumes;3237;77;3314
31455;Rieux;2352;36;2388
31456;Riolas;48;3;51
31457;Roquefort-sur-Garonne;767;13;780
31458;Roques;3729;76;3805
31459;Roquesérière;674;18;692
31460;Roquettes;3460;43;3503
31461;Rouède;279;9;288
31462;Rouffiac-Tolosan;1681;26;1707
31463;Roumens;223;8;231
31464;Sabonnères;279;4;283
31465;Saccourvielle;12;1;13
31466;Saiguède;687;7;694
31467;Saint-Alban;5516;58;5574
31468;Saint-André;208;4;212
31469;Saint-Araille;150;1;151
31470;Saint-Aventin;89;9;98
31471;Saint-Béat;398;4;402
31472;Saint-Bertrand-de-Comminges;255;4;259
31473;Saint-Cézert;341;6;347
31474;Saint-Christaud;252;5;257
31475;Saint-Clar-de-Rivière;1148;13;1161
31476;Saint-Élix-le-Château;678;9;687
31477;Saint-Élix-Séglan;42;0;42
31478;Saint-Félix-Lauragais;1354;28;1382
31479;Saint-Ferréol-de-Comminges;56;0;56
31482;Saint-Frajou;182;1;183
31483;Saint-Gaudens;11152;485;11637
31484;Saint-Geniès-Bellevue;2160;32;2192
31485;Saint-Germier;94;0;94
31486;Saint-Hilaire;965;13;978
31487;Saint-Ignan;255;10;265
31488;Saint-Jean;9667;134;9801
31489;Saint-Jean-Lherm;352;4;356
31490;Saint-Jory;4920;52;4972
31491;Saint-Julia;381;5;386
31492;Saint-Julien-sur-Garonne;430;3;433
31493;Saint-Lary-Boujean;112;0;112
31494;Saint-Laurent;160;1;161
31495;Saint-Léon;1025;9;1034
31497;Saint-Loup-Cammas;1872;18;1890
31498;Saint-Loup-en-Comminges;39;1;40
31499;Saint-Lys;8118;104;8222
31500;Saint-Mamet;544;24;568
31501;Saint-Marcel-Paulel;439;20;459
31502;Saint-Marcet;396;11;407
31503;Saint-Martory;856;9;865
31504;Saint-Médard;201;5;206
31505;Saint-Michel;307;6;313
31506;Saint-Orens-de-Gameville;10717;294;11011
31508;Saint-Paul-d'Oueil;53;0;53
31507;Saint-Paul-sur-Save;959;18;977
31509;Saint-Pé-d'Ardet;132;4;136
31510;Saint-Pé-Delbosc;125;0;125
31511;Saint-Pierre;250;5;255
31512;Saint-Pierre-de-Lages;742;9;751
31513;Saint-Plancard;383;5;388
31514;Saint-Rome;60;2;62
31515;Saint-Rustice;424;5;429
31516;Saint-Sauveur;1679;63;1742
31517;Saint-Sulpice-sur-Lèze;1809;32;1841
31518;Saint-Thomas;555;6;561
31519;Saint-Vincent;151;0;151
31480;Sainte-Foy-d'Aigrefeuille;1923;47;1970
31481;Sainte-Foy-de-Peyrolières;1909;33;1942
31496;Sainte-Livrade;279;11;290
31520;Sajas;90;2;92
31521;Saleich;381;6;387
31522;Salerm;54;0;54
31523;Salies-du-Salat;1932;91;2023
31524;Salles-et-Pratviel;128;8;136
31525;Salles-sur-Garonne;468;10;478
31527;La Salvetat-Lauragais;137;6;143
31526;La Salvetat-Saint-Gilles;6495;115;6610
31528;Saman;150;7;157
31529;Samouillan;109;0;109
31530;Sana;205;3;208
31531;Sarrecave;78;2;80
31532;Sarremezan;84;2;86
31533;Saubens;1723;23;1746
31534;Saussens;256;3;259
31535;Sauveterre-de-Comminges;722;10;732
31536;Saux-et-Pomarède;262;18;280
31537;Savarthès;141;6;147
31538;Savères;203;5;208
31539;Sédeilhac;63;6;69
31540;Ségreville;183;3;186
31541;Seilh;2916;90;3006
31542;Seilhan;202;5;207
31543;Sénarens;106;0;106
31544;Sengouagnet;221;2;223
31545;Sepx;165;3;168
31546;Seyre;96;2;98
31547;Seysses;7511;99;7610
31548;Signac;56;0;56
31549;Sode;24;0;24
31550;Soueich;525;26;551
31551;Tarabel;334;9;343
31552;Terrebasse;129;2;131
31553;Thil;1021;14;1035
31554;Touille;262;5;267
31555;Toulouse;439453;6767;446220
31557;Tournefeuille;25709;496;26205
31556;Les Tourreilles;381;7;388
31558;Toutens;172;3;175
31559;Trébons-de-Luchon;6;0;6
31560;Trébons-sur-la-Grasse;383;15;398
31561;L' Union;12392;186;12578
31562;Urau;140;1;141
31563;Vacquiers;1259;12;1271
31564;Valcabrère;157;1;158
31565;Valentine;848;16;864
31566;Vallègue;456;4;460
31567;Vallesvilles;342;8;350
31568;Varennes;250;2;252
31569;Vaudreuille;337;4;341
31570;Vaux;257;0;257
31571;Vendine;233;4;237
31572;Venerque;2618;51;2669
31573;Verfeil;2969;54;3023
31574;Vernet;2059;77;2136
31575;Vieille-Toulouse;1063;42;1105
31576;Vieillevigne;287;4;291
31577;Vignaux;117;2;119
31578;Vigoulet-Auzil;962;32;994
31579;Villariès;796;22;818
31580;Villate;754;11;765
31581;Villaudric;1365;22;1387
31582;Villefranche-de-Lauragais;3933;55;3988
31583;Villematier;945;23;968
31584;Villemur-sur-Tarn;5116;89;5205
31585;Villeneuve-de-Rivière;1515;43;1558
31586;Villeneuve-Lécussan;552;9;561
31587;Villeneuve-lès-Bouloc;1034;12;1046
31588;Villeneuve-Tolosane;8259;138;8397
31589;Villenouvelle;1280;14;1294
32001;Aignan;852;97;949
32002;Ansan;91;3;94
32003;Antras;61;3;64
32004;Arblade-le-Bas;130;4;134
32005;Arblade-le-Haut;275;11;286
32007;Ardizas;186;4;190
32008;Armentieux;76;2;78
32009;Armous-et-Cau;96;0;96
32010;Arrouède;81;4;85
32012;Aubiet;1093;19;1112
32013;Auch;21704;1284;22988
32014;Augnax;78;2;80
32015;Aujan-Mournède;96;2;98
32016;Auradé;550;9;559
32017;Aurensan;128;4;132
32018;Aurimont;157;2;159
32468;Aussos;57;2;59
32019;Auterive;529;14;543
32020;Aux-Aussat;246;9;255
32021;Avensac;58;2;60
32022;Avéron-Bergelle;165;2;167
32023;Avezan;73;3;76
32024;Ayguetinte;178;4;182
32025;Ayzieu;141;8;149
32026;Bajonnette;102;2;104
32027;Barcelonne-du-Gers;1322;43;1365
32028;Barcugnan;149;1;150
32029;Barran;718;16;734
32030;Bars;132;8;140
32031;Bascous;133;2;135
32032;Bassoues;401;10;411
32033;Bazian;110;2;112
32034;Bazugues;57;3;60
32035;Beaucaire;287;10;297
32036;Beaumarchés;663;44;707
32037;Beaumont;114;2;116
32038;Beaupuy;168;4;172
32039;Beccas;81;1;82
32040;Bédéchan;133;1;134
32041;Bellegarde;159;1;160
32042;Belloc-Saint-Clamens;143;8;151
32043;Belmont;150;4;154
32044;Béraut;337;13;350
32045;Berdoues;404;13;417
32046;Bernède;216;2;218
32047;Berrac;94;1;95
32048;Betcave-Aguin;103;0;103
32049;Bétous;88;2;90
32050;Betplan;120;3;123
32051;Bézéril;101;0;101
32052;Bezolles;141;1;142
32053;Bézues-Bajon;207;2;209
32054;Biran;385;14;399
32055;Bivès;131;3;134
32056;Blanquefort;73;0;73
32057;Blaziert;139;5;144
32058;Blousson-Sérian;69;7;76
32059;Bonas;135;1;136
32060;Boucagnères;137;6;143
32061;Boulaur;148;0;148
32062;Bourrouillan;153;10;163
32063;Bouzon-Gellenave;188;10;198
32064;Bretagne-d'Armagnac;383;10;393
32065;Le Brouilh-Monbert;255;6;261
32066;Brugnens;255;8;263
32067;Cabas-Loumassès;48;0;48
32068;Cadeilhan;133;1;134
32069;Cadeillan;74;1;75
32070;Cahuzac-sur-Adour;245;1;246
32071;Caillavet;192;5;197
32072;Callian;51;1;52
32073;Campagne-d'Armagnac;202;7;209
32074;Cannet;54;5;59
32075;Cassaigne;198;4;202
32076;Castelnau-Barbarens;489;18;507
32077;Castelnau-d'Anglès;92;1;93
32078;Castelnau-d'Arbieu;194;3;197
32079;Castelnau-d'Auzan;1102;24;1126
32080;Castelnau-sur-l'Auvignon;153;6;159
32081;Castelnavet;148;3;151
32082;Castéra-Lectourois;298;4;302
32083;Castéra-Verduzan;912;19;931
32084;Castéron;70;3;73
32085;Castet-Arrouy;183;6;189
32086;Castex;94;0;94
32087;Castex-d'Armagnac;110;3;113
32088;Castillon-Debats;321;11;332
32089;Castillon-Massas;245;3;248
32090;Castillon-Savès;298;6;304
32091;Castin;267;15;282
32092;Catonvielle;85;3;88
32093;Caumont;125;2;127
32094;Caupenne-d'Armagnac;432;15;447
32095;Caussens;632;20;652
32096;Cazaubon;1622;30;1652
32097;Cazaux-d'Anglès;147;3;150
32098;Cazaux-Savès;236;4;240
32099;Cazaux-Villecomtal;83;4;87
32100;Cazeneuve;132;5;137
32101;Céran;169;0;169
32102;Cézan;158;4;162
32103;Chélan;191;2;193
32104;Clermont-Pouyguillès;154;4;158
32105;Clermont-Savès;231;7;238
32106;Cologne;777;59;836
32107;Condom;7147;320;7467
32108;Corneillan;140;3;143
32109;Couloumé-Mondebat;209;9;218
32110;Courrensan;374;8;382
32111;Courties;42;2;44
32112;Crastes;228;10;238
32113;Cravencères;102;2;104
32114;Cuélas;107;2;109
32115;Dému;338;7;345
32116;Duffort;134;4;138
32117;Duran;758;38;796
32118;Durban;166;5;171
32119;Eauze;3929;69;3998
32120;Encausse;361;5;366
32121;Endoufielle;541;21;562
32122;Esclassan-Labastide;340;16;356
32123;Escorneboeuf;473;18;491
32124;Espaon;195;4;199
32125;Espas;118;2;120
32126;Estampes;171;2;173
32127;Estang;673;11;684
32128;Estipouy;192;7;199
32129;Estramiac;132;10;142
32130;Faget-Abbatial;228;1;229
32131;Flamarens;114;3;117
32132;Fleurance;6255;110;6365
32133;Fourcès;296;6;302
32134;Frégouville;298;1;299
32135;Fustérouau;127;2;129
32136;Galiax;170;1;171
32138;Garravet;138;2;140
32139;Gaudonville;107;0;107
32140;Gaujac;56;0;56
32141;Gaujan;101;4;105
32142;Gavarret-sur-Aulouste;134;5;139
32143;Gazaupouy;300;5;305
32144;Gazax-et-Baccarisse;95;2;97
32145;Gée-Rivière;46;3;49
32146;Gimbrède;321;5;326
32147;Gimont;2906;47;2953
32148;Giscaro;73;2;75
32149;Gondrin;1127;40;1167
32150;Goutz;181;7;188
32151;Goux;85;0;85
32152;Haget;303;8;311
32153;Haulies;104;2;106
32154;Homps;93;2;95
32155;Le Houga;1129;78;1207
32156;Idrac-Respaillès;205;6;211
32157;L' Isle-Arné;115;2;117
32158;L' Isle-Bouzon;234;5;239
32159;L' Isle-de-Noé;525;14;539
32160;L' Isle-Jourdain;6755;160;6915
32161;Izotges;79;3;82
32162;Jegun;1110;84;1194
32163;Jû-Belloc;314;7;321
32164;Juillac;115;3;118
32165;Juilles;228;5;233
32166;Justian;94;1;95
32167;Laas;291;8;299
32168;Labarrère;223;6;229
32169;Labarthe;159;4;163
32170;Labarthète;145;4;149
32171;Labastide-Savès;135;4;139
32172;Labéjan;308;8;316
32173;Labrihe;205;6;211
32174;Ladevèze-Rivière;224;4;228
32175;Ladevèze-Ville;263;4;267
32176;Lagarde;130;2;132
32177;Lagarde-Hachan;173;1;174
32178;Lagardère;66;0;66
32180;Lagraulet-du-Gers;370;13;383
32181;Laguian-Mazous;276;7;283
32182;Lahas;176;5;181
32183;Lahitte;247;5;252
32184;Lalanne;111;1;112
32185;Lalanne-Arqué;132;6;138
32186;Lamaguère;64;5;69
32187;Lamazère;152;0;152
32188;Lamothe-Goas;62;2;64
32191;Lanne-Soubiran;106;4;110
32189;Lannemaignan;107;0;107
32190;Lannepax;558;12;570
32192;Lannux;212;7;219
32193;Larée;232;3;235
32194;Larressingle;202;3;205
32195;Larroque-Engalin;59;0;59
32196;Larroque-Saint-Sernin;164;7;171
32197;Larroque-sur-l'Osse;203;13;216
32198;Lartigue;140;8;148
32199;Lasserade;203;4;207
32200;Lasséran;318;13;331
32201;Lasseube-Propre;329;4;333
32202;Laujuzan;232;8;240
32203;Lauraët;244;3;247
32204;Lavardens;384;9;393
32205;Laveraët;119;4;123
32206;Laymont;202;5;207
32207;Leboulin;291;7;298
32208;Lectoure;3771;434;4205
32209;Lelin-Lapujolle;213;2;215
32210;Lias;449;10;459
32211;Lias-d'Armagnac;189;10;199
32212;Ligardes;237;7;244
32213;Lombez;1759;39;1798
32214;Loubédat;129;5;134
32215;Loubersan;182;10;192
32216;Lourties-Monbrun;126;6;132
32217;Louslitges;81;2;83
32218;Loussous-Débat;47;2;49
32219;Lupiac;310;5;315
32220;Luppé-Violles;138;2;140
32221;Lussan;225;5;230
32222;Magnan;213;6;219
32223;Magnas;65;24;89
32224;Maignaut-Tauzia;215;4;219
32225;Malabat;96;1;97
32226;Manas-Bastanous;104;2;106
32227;Manciet;793;17;810
32228;Manent-Montané;89;3;92
32229;Mansempuy;76;5;81
32230;Mansencôme;68;0;68
32231;Marambat;380;12;392
32232;Maravat;43;1;44
32233;Marciac;1233;110;1343
32234;Marestaing;200;6;206
32235;Margouët-Meymes;195;6;201
32236;Marguestau;57;5;62
32237;Marsan;424;18;442
32238;Marseillan;80;0;80
32239;Marsolan;429;5;434
32241;Mas-d'Auvignon;135;6;141
32240;Mascaras;59;1;60
32242;Masseube;1573;293;1866
32243;Mauléon-d'Armagnac;277;11;288
32244;Maulichères;155;10;165
32245;Maumusson-Laguian;156;5;161
32246;Maupas;198;1;199
32247;Maurens;293;4;297
32248;Mauroux;141;7;148
32249;Mauvezin;1804;47;1851
32250;Meilhan;94;2;96
32251;Mérens;62;1;63
32252;Miélan;1218;34;1252
32253;Miradoux;528;10;538
32254;Miramont-d'Astarac;372;12;384
32255;Miramont-Latour;151;4;155
32256;Mirande;3740;326;4066
32257;Mirannes;68;1;69
32258;Mirepoix;191;6;197
32260;Monbardon;86;1;87
32261;Monblanc;348;8;356
32262;Monbrun;312;6;318
32263;Moncassin;126;2;128
32264;Monclar;179;3;182
32265;Monclar-sur-Losse;131;1;132
32266;Moncorneil-Grazan;128;5;133
32267;Monferran-Plavès;128;4;132
32268;Monferran-Savès;692;44;736
32269;Monfort;474;3;477
32270;Mongausy;76;1;77
32271;Monguilhem;299;13;312
32272;Monlaur-Bernet;163;2;165
32273;Monlezun;207;5;212
32274;Monlezun-d'Armagnac;192;7;199
32275;Monpardiac;37;1;38
32280;Mont-d'Astarac;96;4;100
32281;Mont-de-Marrast;90;6;96
32276;Montadet;80;5;85
32277;Montamat;98;0;98
32278;Montaut;117;5;122
32279;Montaut-les-Créneaux;612;14;626
32282;Montégut;467;8;475
32283;Montégut-Arros;292;6;298
32284;Montégut-Savès;73;0;73
32285;Montesquiou;589;17;606
32286;Montestruc-sur-Gers;694;13;707
32287;Monties;76;1;77
32288;Montiron;124;9;133
32289;Montpézat;239;1;240
32290;Montréal;1266;19;1285
32291;Mormès;124;2;126
32292;Mouchan;417;10;427
32293;Mouchès;77;0;77
32294;Mourède;80;1;81
32295;Nizas;167;1;168
32296;Nogaro;1975;163;2138
32297;Noilhan;300;2;302
32298;Nougaroulet;323;8;331
32299;Noulens;99;3;102
32300;Orbessan;269;9;278
32301;Ordan-Larroque;874;40;914
32302;Ornézan;250;7;257
32303;Pallanne;65;0;65
32304;Panassac;306;2;308
32305;Panjas;379;18;397
32306;Pauilhac;553;41;594
32307;Pavie;2341;153;2494
32308;Pébées;91;3;94
32309;Pellefigue;118;0;118
32310;Perchède;77;1;78
32311;Pergain-Taillac;310;3;313
32312;Pessan;683;17;700
32313;Pessoulens;147;5;152
32314;Peyrecave;88;4;92
32315;Peyrusse-Grande;185;2;187
32316;Peyrusse-Massas;104;1;105
32317;Peyrusse-Vieille;71;3;74
32318;Pis;93;1;94
32319;Plaisance;1465;46;1511
32320;Plieux;157;4;161
32321;Polastron;236;6;242
32322;Pompiac;168;3;171
32323;Ponsampère;115;2;117
32324;Ponsan-Soubiran;127;3;130
32327;Pouy-Loubrin;102;1;103
32328;Pouy-Roquelaure;140;6;146
32325;Pouydraguin;143;6;149
32326;Pouylebon;148;0;148
32329;Préchac;161;5;166
32330;Préchac-sur-Adour;214;4;218
32331;Preignan;1209;50;1259
32332;Préneron;140;5;145
32333;Projan;146;2;148
32334;Pujaudran;1244;27;1271
32335;Puycasquier;438;8;446
32336;Puylausic;196;4;200
32337;Puységur;72;4;76
32338;Ramouzens;154;11;165
32339;Razengues;169;3;172
32340;Réans;251;4;255
32341;Réjaumont;179;5;184
32342;Ricourt;68;2;70
32343;Riguepeu;225;8;233
32344;Riscle;1701;119;1820
32345;La Romieu;539;12;551
32346;Roquebrune;192;3;195
32347;Roquefort;246;4;250
32348;Roquelaure;529;21;550
32349;Roquelaure-Saint-Aubin;95;2;97
32350;Roquepine;58;0;58
32351;Roques;120;3;123
32352;Rozès;126;1;127
32353;Sabaillan;156;5;161
32354;Sabazan;140;3;143
32355;Sadeillan;76;2;78
32356;Saint-André;88;5;93
32358;Saint-Antoine;191;9;200
32359;Saint-Antonin;134;8;142
32360;Saint-Arailles;128;4;132
32361;Saint-Arroman;137;4;141
32362;Saint-Aunix-Lengros;147;5;152
32364;Saint-Avit-Frandat;110;2;112
32365;Saint-Blancard;333;6;339
32366;Saint-Brès;99;1;100
32467;Saint-Caprais;115;2;117
32367;Saint-Christaud;77;1;78
32370;Saint-Clar;983;93;1076
32371;Saint-Créac;103;1;104
32372;Saint-Cricq;245;8;253
32374;Saint-Élix;179;5;184
32375;Saint-Élix-Theux;108;0;108
32377;Saint-Georges;170;1;171
32378;Saint-Germé;493;9;502
32379;Saint-Germier;196;8;204
32380;Saint-Griède;134;7;141
32381;Saint-Jean-le-Comtal;381;9;390
32382;Saint-Jean-Poutge;270;4;274
32383;Saint-Justin;158;7;165
32384;Saint-Lary;231;6;237
32385;Saint-Léonard;167;0;167
32386;Saint-Lizier-du-Planté;119;2;121
32387;Saint-Loube;87;2;89
32389;Saint-Martin;445;21;466
32390;Saint-Martin-d'Armagnac;211;6;217
32391;Saint-Martin-de-Goyne;126;2;128
32392;Saint-Martin-Gimois;76;4;80
32393;Saint-Maur;122;5;127
32394;Saint-Médard;344;3;347
32396;Saint-Mézard;204;2;206
32397;Saint-Michel;260;4;264
32398;Saint-Mont;302;12;314
32399;Saint-Orens;78;1;79
32400;Saint-Orens-Pouy-Petit;140;2;142
32401;Saint-Ost;82;5;87
32402;Saint-Paul-de-Baïse;112;1;113
32403;Saint-Pierre-d'Aubézies;76;1;77
32404;Saint-Puy;567;8;575
32406;Saint-Sauvy;328;10;338
32407;Saint-Soulan;143;2;145
32357;Sainte-Anne;101;4;105
32363;Sainte-Aurence-Cazaux;120;1;121
32368;Sainte-Christie;525;12;537
32369;Sainte-Christie-d'Armagnac;350;6;356
32373;Sainte-Dode;225;10;235
32376;Sainte-Gemme;128;4;132
32388;Sainte-Marie;323;7;330
32395;Sainte-Mère;193;6;199
32405;Sainte-Radegonde;189;5;194
32408;Salles-d'Armagnac;109;7;116
32409;Samaran;92;4;96
32410;Samatan;2214;89;2303
32411;Sansan;93;3;96
32412;Saramon;770;12;782
32413;Sarcos;72;3;75
32414;Sarragachies;257;11;268
32415;Sarraguzan;93;1;94
32416;Sarrant;337;11;348
32417;La Sauvetat;359;8;367
32418;Sauveterre;232;70;302
32419;Sauviac;113;3;116
32420;Sauvimont;67;2;69
32421;Savignac-Mona;145;0;145
32422;Scieurac-et-Flourès;45;0;45
32423;Séailles;59;5;64
32424;Ségos;252;6;258
32425;Ségoufielle;866;27;893
32426;Seissan;1036;25;1061
32427;Sembouès;62;0;62
32428;Sémézies-Cachan;78;0;78
32429;Sempesserre;296;11;307
32430;Sère;92;1;93
32431;Sérempuy;38;4;42
32432;Seysses-Savès;259;7;266
32433;Simorre;660;16;676
32434;Sion;92;5;97
32435;Sirac;111;2;113
32436;Solomiac;414;12;426
32437;Sorbets;225;3;228
32438;Tachoires;98;7;105
32439;Tarsac;160;1;161
32440;Tasque;220;3;223
32441;Taybosc;53;0;53
32443;Termes-d'Armagnac;197;10;207
32442;Terraube;389;20;409
32444;Thoux;203;6;209
32445;Tieste-Uragnoux;133;4;137
32446;Tillac;258;10;268
32447;Tirent-Pontéjac;86;0;86
32448;Touget;477;14;491
32449;Toujouse;199;4;203
32450;Tourdun;98;8;106
32451;Tournan;199;2;201
32452;Tournecoupe;281;7;288
32453;Tourrenquets;125;1;126
32454;Traversères;75;3;78
32455;Troncens;185;3;188
32456;Tudelle;67;1;68
32457;Urdens;222;7;229
32458;Urgosse;235;8;243
32459;Valence-sur-Baïse;1199;18;1217
32460;Vergoignan;276;4;280
32461;Verlus;96;7;103
32462;Vic-Fezensac;3651;114;3765
32463;Viella;535;31;566
32464;Villecomtal-sur-Arros;809;15;824
32465;Villefranche;164;3;167
32466;Viozan;121;1;122
33001;Abzac;1721;49;1770
33002;Aillas;732;19;751
33003;Ambarès-et-Lagrave;12963;237;13200
33004;Ambès;2931;27;2958
33005;Andernos-les-Bains;10543;266;10809
33006;Anglade;819;19;838
33007;Arbanats;980;11;991
33008;Arbis;282;5;287
33009;Arcachon;11679;288;11967
33010;Arcins;380;1;381
33011;Arès;5472;82;5554
33012;Arsac;2972;47;3019
33014;Les Artigues-de-Lussac;1019;18;1037
33013;Artigues-près-Bordeaux;6491;115;6606
33015;Arveyres;1848;37;1885
33016;Asques;476;12;488
33017;Aubiac;246;7;253
33018;Aubie-et-Espessas;1063;11;1074
33019;Audenge;5660;94;5754
33020;Auriolles;130;6;136
33021;Auros;838;22;860
33022;Avensan;2095;36;2131
33023;Ayguemorte-les-Graves;974;7;981
33024;Bagas;224;1;225
33025;Baigneaux;308;7;315
33026;Balizac;400;7;407
33027;Barie;287;5;292
33028;Baron;935;14;949
33029;Le Barp;4374;55;4429
33030;Barsac;1962;42;2004
33031;Bassanne;82;1;83
33032;Bassens;6656;49;6705
33033;Baurech;763;16;779
33034;Bayas;452;8;460
33035;Bayon-sur-Gironde;708;12;720
33036;Bazas;4596;275;4871
33037;Beautiran;2125;22;2147
33038;Bégadan;891;21;912
33039;Bègles;24914;193;25107
33040;Béguey;1079;14;1093
33042;Belin-Béliet;4022;44;4066
33043;Bellebat;217;1;218
33044;Bellefond;230;4;234
33045;Belvès-de-Castillon;327;11;338
33046;Bernos-Beaulac;1075;34;1109
33047;Berson;1697;38;1735
33048;Berthez;210;2;212
33049;Beychac-et-Caillau;1920;22;1942
33050;Bieujac;464;11;475
33051;Biganos;8861;135;8996
33052;Les Billaux;987;19;1006
33053;Birac;223;5;228
33054;Blaignac;257;14;271
33055;Blaignan;223;5;228
33056;Blanquefort;15113;667;15780
33057;Blasimon;861;17;878
33058;Blaye;4894;239;5133
33059;Blésignac;295;3;298
33060;Bommes;465;65;530
33061;Bonnetan;819;5;824
33062;Bonzac;691;8;699
33063;Bordeaux;235178;3743;238921
33064;Bossugan;45;1;46
33065;Bouliac;3056;86;3142
33066;Bourdelles;122;1;123
33067;Bourg;2209;43;2252
33068;Bourideys;87;0;87
33069;Le Bouscat;23334;347;23681
33070;Brach;359;1;360
33071;Branne;1172;30;1202
33072;Brannens;215;4;219
33073;Braud-et-Saint-Louis;1368;35;1403
33213;La Brède;3662;357;4019
33074;Brouqueyran;191;13;204
33075;Bruges;13605;166;13771
33076;Budos;686;8;694
33077;Cabanac-et-Villagrains;2051;25;2076
33078;Cabara;348;8;356
33079;Cadarsac;227;6;233
33080;Cadaujac;4716;173;4889
33081;Cadillac;2435;37;2472
33082;Cadillac-en-Fronsadais;1072;13;1085
33083;Camarsac;913;13;926
33084;Cambes;1275;24;1299
33085;Camblanes-et-Meynac;2561;127;2688
33086;Camiac-et-Saint-Denis;354;6;360
33087;Camiran;436;18;454
33088;Camps-sur-l'Isle;460;7;467
33089;Campugnan;455;20;475
33090;Canéjan;5086;94;5180
33091;Cantenac;1259;12;1271
33092;Cantois;215;4;219
33093;Capian;627;8;635
33094;Caplong;208;8;216
33095;Captieux;1399;12;1411
33096;Carbon-Blanc;6971;75;7046
33097;Carcans;2114;46;2160
33098;Cardan;411;8;419
33099;Carignan-de-Bordeaux;3376;102;3478
33100;Cars;1173;31;1204
33101;Cartelègue;1019;17;1036
33102;Casseuil;357;12;369
33103;Castelmoron-d'Albret;56;2;58
33104;Castelnau-de-Médoc;3783;97;3880
33105;Castelviel;180;9;189
33106;Castets-en-Dorthe;1233;21;1254
33107;Castillon-de-Castets;259;9;268
33108;Castillon-la-Bataille;3181;52;3233
33109;Castres-Gironde;1922;23;1945
33111;Caudrot;1021;18;1039
33112;Caumont;154;5;159
33113;Cauvignac;126;0;126
33114;Cavignac;1526;25;1551
33115;Cazalis;215;13;228
33116;Cazats;314;2;316
33117;Cazaugitat;249;6;255
33118;Cénac;1843;56;1899
33119;Cenon;22732;253;22985
33120;Cérons;1652;23;1675
33121;Cessac;185;5;190
33122;Cestas;16658;423;17081
33123;Cézac;2045;23;2068
33124;Chamadelle;644;8;652
33125;Cissac-Médoc;1732;25;1757
33126;Civrac-de-Blaye;778;6;784
33128;Civrac-en-Médoc;540;14;554
33127;Civrac-sur-Dordogne;240;3;243
33129;Cleyrac;141;2;143
33130;Coimères;724;14;738
33131;Coirac;190;6;196
33132;Comps;447;3;450
33133;Coubeyrac;105;1;106
33134;Couquèques;239;8;247
33135;Courpiac;87;1;88
33136;Cours-de-Monségur;271;7;278
33137;Cours-les-Bains;205;4;209
33138;Coutras;7815;210;8025
33139;Coutures;84;0;84
33140;Créon;3922;97;4019
33141;Croignon;465;10;475
33142;Cubnezais;1154;8;1162
33143;Cubzac-les-Ponts;1927;15;1942
33144;Cudos;788;166;954
33145;Cursan;459;4;463
33146;Cussac-Fort-Médoc;1743;24;1767
33147;Daignac;473;10;483
33148;Dardenac;90;0;90
33149;Daubèze;151;3;154
33150;Dieulivol;255;9;264
33151;Donnezac;824;10;834
33152;Donzac;114;5;119
33153;Doulezon;248;4;252
33154;Les Églisottes-et-Chalaures;2105;144;2249
33155;Escaudes;138;3;141
33156;Escoussans;270;6;276
33157;Espiet;672;10;682
33158;Les Esseintes;284;8;292
33159;Étauliers;1437;50;1487
33160;Eynesse;559;17;576
33161;Eyrans;644;20;664
33162;Eysines;19207;382;19589
33163;Faleyras;389;12;401
33164;Fargues;1568;57;1625
33165;Fargues-Saint-Hilaire;2745;35;2780
33166;Le Fieu;467;7;474
33168;Flaujagues;523;4;527
33167;Floirac;15794;193;15987
33169;Floudès;114;9;123
33170;Fontet;733;16;749
33171;Fossès-et-Baleyssac;187;0;187
33172;Fours;293;8;301
33173;Francs;207;6;213
33174;Fronsac;1043;27;1070
33175;Frontenac;699;10;709
33176;Gabarnac;285;3;288
33177;Gaillan-en-Médoc;2031;42;2073
33178;Gajac;381;6;387
33179;Galgon;2496;75;2571
33180;Gans;186;6;192
33181;Gardegan-et-Tourtirac;303;11;314
33182;Gauriac;842;14;856
33183;Gauriaguet;1060;6;1066
33184;Générac;572;9;581
33185;Génissac;1578;50;1628
33186;Gensac;849;28;877
33187;Gironde-sur-Dropt;1116;17;1133
33188;Giscos;184;0;184
33189;Gornac;368;7;375
33190;Goualade;81;5;86
33191;Gours;403;5;408
33192;Gradignan;23096;494;23590
33193;Grayan-et-l'Hôpital;1011;17;1028
33194;Grézillac;677;20;697
33195;Grignols;1080;28;1108
33196;Guillac;183;6;189
33197;Guillos;387;6;393
33198;Guîtres;1560;26;1586
33199;Gujan-Mestras;17195;485;17680
33200;Le Haillan;8407;332;8739
33201;Haux;759;15;774
33202;Hostens;1177;14;1191
33203;Hourtin;2528;48;2576
33204;Hure;480;20;500
33205;Illats;1242;18;1260
33206;Isle-Saint-Georges;533;46;579
33207;Izon;5186;92;5278
33208;Jau-Dignac-et-Loirac;994;15;1009
33209;Jugazan;270;5;275
33210;Juillac;256;5;261
33211;Labarde;621;6;627
33212;Labescau;101;0;101
33214;Lacanau;4243;71;4314
33215;Ladaux;192;3;195
33216;Lados;134;3;137
33218;Lagorce;1587;28;1615
33222;Lalande-de-Pomerol;683;9;692
33220;Lamarque;1101;8;1109
33221;Lamothe-Landerron;1083;35;1118
33219;La Lande-de-Fronsac;2150;76;2226
33223;Landerrouat;175;2;177
33224;Landerrouet-sur-Ségur;117;3;120
33225;Landiras;1915;51;1966
33226;Langoiran;2094;19;2113
33227;Langon;7272;463;7735
33228;Lansac;604;13;617
33229;Lanton;5966;114;6080
33230;Lapouyade;437;11;448
33231;Laroque;255;4;259
33232;Lartigue;55;1;56
33233;Laruscade;2155;39;2194
33234;Latresne;3306;66;3372
33235;Lavazan;216;6;222
33236;Lège-Cap-Ferret;7321;130;7451
33237;Léogeats;667;14;681
33238;Léognan;8967;163;9130
33239;Lerm-et-Musset;450;17;467
33240;Lesparre-Médoc;5258;210;5468
33241;Lestiac-sur-Garonne;647;12;659
33242;Les Lèves-et-Thoumeyragues;534;17;551
33243;Libourne;23471;686;24157
33244;Lignan-de-Bazas;251;9;260
33245;Lignan-de-Bordeaux;716;14;730
33246;Ligueux;168;4;172
33247;Listrac-de-Durèze;164;0;164
33248;Listrac-Médoc;2185;32;2217
33249;Lormont;20636;380;21016
33250;Loubens;302;11;313
33251;Louchats;704;8;712
33252;Loupes;595;5;600
33253;Loupiac;968;20;988
33254;Loupiac-de-la-Réole;437;2;439
33255;Lucmau;235;9;244
33256;Ludon-Médoc;3888;37;3925
33257;Lugaignac;357;15;372
33258;Lugasson;284;18;302
33259;Lugon-et-l'Île-du-Carnay;1063;26;1089
33260;Lugos;788;14;802
33261;Lussac;1316;63;1379
33262;Macau;3278;28;3306
33263;Madirac;195;3;198
33264;Maransin;1050;29;1079
33266;Marcenais;668;26;694
33555;Marcheprime;3801;102;3903
33267;Marcillac;1107;14;1121
33268;Margaux;1423;29;1452
33269;Margueron;405;9;414
33270;Marimbault;142;3;145
33271;Marions;190;2;192
33272;Marsas;1056;12;1068
33273;Martignas-sur-Jalle;6809;116;6925
33274;Martillac;2293;39;2332
33275;Martres;126;2;128
33276;Masseilles;121;1;122
33277;Massugas;280;8;288
33278;Mauriac;243;3;246
33279;Mazères;627;40;667
33280;Mazion;471;15;486
33281;Mérignac;66002;914;66916
33282;Mérignas;275;5;280
33283;Mesterrieux;202;8;210
33284;Mios;6433;80;6513
33285;Mombrier;357;7;364
33287;Mongauzy;580;22;602
33288;Monprimblanc;274;3;277
33289;Monségur;1522;39;1561
33290;Montagne;1689;93;1782
33291;Montagoudin;162;3;165
33292;Montignac;132;3;135
33293;Montussan;2598;21;2619
33294;Morizès;548;11;559
33295;Mouillac;105;2;107
33296;Mouliets-et-Villemartin;1059;24;1083
33297;Moulis-en-Médoc;1655;19;1674
33298;Moulon;938;17;955
33299;Mourens;392;8;400
33300;Naujac-sur-Mer;743;15;758
33301;Naujan-et-Postiac;498;5;503
33302;Néac;407;8;415
33303;Nérigean;882;27;909
33304;Neuffons;164;4;168
33305;Le Nizan;420;4;424
33306;Noaillac;385;6;391
33307;Noaillan;1397;25;1422
33308;Omet;234;3;237
33309;Ordonnac;391;15;406
33310;Origne;160;0;160
33311;Paillet;1150;28;1178
33312;Parempuyre;7324;69;7393
33314;Pauillac;5265;116;5381
33315;Les Peintures;1473;21;1494
33316;Pellegrue;1033;24;1057
33317;Périssac;1029;17;1046
33318;Pessac;57851;876;58727
33319;Pessac-sur-Dordogne;469;9;478
33320;Petit-Palais-et-Cornemps;636;14;650
33321;Peujard;1655;20;1675
33322;Le Pian-Médoc;5248;155;5403
33323;Le Pian-sur-Garonne;657;21;678
33324;Pineuilh;4133;132;4265
33325;Plassac;928;33;961
33326;Pleine-Selve;210;3;213
33327;Podensac;2600;34;2634
33328;Pomerol;743;24;767
33329;Pompéjac;239;5;244
33330;Pompignac;2542;45;2587
33331;Pondaurat;372;11;383
33332;Porchères;865;19;884
33333;Le Porge;2298;36;2334
33334;Portets;2195;27;2222
33335;Le Pout;345;3;348
33336;Préchac;1017;6;1023
33337;Preignac;2148;62;2210
33338;Prignac-en-Médoc;217;6;223
33339;Prignac-et-Marcamps;1362;15;1377
33341;Pugnac;1964;31;1995
33342;Puisseguin;891;24;915
33344;Pujols;553;12;565
33343;Pujols-sur-Ciron;717;28;745
33345;Le Puy;375;12;387
33346;Puybarban;424;4;428
33347;Puynormand;304;0;304
33348;Queyrac;1360;24;1384
33349;Quinsac;1950;21;1971
33350;Rauzan;1121;29;1150
33351;Reignac;1380;59;1439
33352;La Réole;4218;129;4347
33353;Rimons;195;2;197
33354;Riocaud;196;7;203
33355;Rions;1533;31;1564
33356;La Rivière;324;7;331
33357;Roaillan;1132;19;1151
33358;Romagne;332;8;340
33359;Roquebrune;227;3;230
33360;La Roquille;299;6;305
33361;Ruch;519;4;523
33362;Sablons;1298;36;1334
33363;Sadirac;3361;66;3427
33364;Saillans;405;8;413
33365;Saint-Aignan;234;16;250
33366;Saint-André-de-Cubzac;8458;192;8650
33367;Saint-André-du-Bois;361;13;374
33369;Saint-André-et-Appelles;675;22;697
33370;Saint-Androny;580;17;597
33371;Saint-Antoine;438;5;443
33372;Saint-Antoine-du-Queyret;94;4;98
33373;Saint-Antoine-sur-l'Isle;534;7;541
33374;Saint-Aubin-de-Blaye;751;28;779
33375;Saint-Aubin-de-Branne;365;11;376
33376;Saint-Aubin-de-Médoc;5610;110;5720
33377;Saint-Avit-de-Soulège;74;5;79
33378;Saint-Avit-Saint-Nazaire;1472;63;1535
33379;Saint-Brice;308;7;315
33380;Saint-Caprais-de-Blaye;510;12;522
33381;Saint-Caprais-de-Bordeaux;2659;34;2693
33382;Saint-Christoly-de-Blaye;1890;52;1942
33383;Saint-Christoly-Médoc;295;8;303
33385;Saint-Christophe-de-Double;644;9;653
33384;Saint-Christophe-des-Bardes;522;4;526
33386;Saint-Cibard;197;1;198
33387;Saint-Ciers-d'Abzac;1222;16;1238
33388;Saint-Ciers-de-Canesse;779;24;803
33389;Saint-Ciers-sur-Gironde;3097;89;3186
33391;Saint-Côme;291;6;297
33393;Saint-Denis-de-Pile;4841;131;4972
33394;Saint-Émilion;2090;69;2159
33395;Saint-Estèphe;1698;39;1737
33396;Saint-Étienne-de-Lisse;293;9;302
33398;Saint-Exupéry;157;2;159
33399;Saint-Félix-de-Foncaude;285;11;296
33400;Saint-Ferme;357;12;369
33405;Saint-Genès-de-Blaye;448;16;464
33406;Saint-Genès-de-Castillon;385;3;388
33407;Saint-Genès-de-Fronsac;695;9;704
33408;Saint-Genès-de-Lombaud;282;8;290
33409;Saint-Genis-du-Bois;93;6;99
33412;Saint-Germain-d'Esteuil;1177;17;1194
33411;Saint-Germain-de-Grave;151;4;155
33414;Saint-Germain-de-la-Rivière;326;9;335
33413;Saint-Germain-du-Puch;2025;26;2051
33415;Saint-Gervais;1407;38;1445
33416;Saint-Girons-d'Aiguevives;926;17;943
33418;Saint-Hilaire-de-la-Noaille;362;10;372
33419;Saint-Hilaire-du-Bois;88;0;88
33420;Saint-Hippolyte;170;4;174
33422;Saint-Jean-d'Illac;6541;119;6660
33421;Saint-Jean-de-Blaignac;373;5;378
33423;Saint-Julien-Beychevelle;719;6;725
33425;Saint-Laurent-d'Arce;1289;19;1308
33426;Saint-Laurent-des-Combes;315;21;336
33427;Saint-Laurent-du-Bois;227;5;232
33428;Saint-Laurent-du-Plan;81;2;83
33424;Saint-Laurent-Médoc;3774;64;3838
33429;Saint-Léger-de-Balson;287;4;291
33431;Saint-Léon;293;5;298
33432;Saint-Loubert;171;0;171
33433;Saint-Loubès;7710;110;7820
33434;Saint-Louis-de-Montferrand;2030;54;2084
33435;Saint-Macaire;1985;138;2123
33436;Saint-Magne;958;12;970
33437;Saint-Magne-de-Castillon;1787;19;1806
33438;Saint-Maixant;1382;53;1435
33439;Saint-Mariens;1400;15;1415
33440;Saint-Martial;201;3;204
33442;Saint-Martin-de-Laye;461;12;473
33443;Saint-Martin-de-Lerm;137;3;140
33444;Saint-Martin-de-Sescas;497;7;504
33445;Saint-Martin-du-Bois;790;10;800
33446;Saint-Martin-du-Puy;210;4;214
33441;Saint-Martin-Lacaussade;992;118;1110
33448;Saint-Médard-d'Eyrans;2650;72;2722
33447;Saint-Médard-de-Guizières;2212;47;2259
33449;Saint-Médard-en-Jalles;27243;546;27789
33450;Saint-Michel-de-Castelnau;235;6;241
33451;Saint-Michel-de-Fronsac;550;13;563
33453;Saint-Michel-de-Lapujade;201;1;202
33452;Saint-Michel-de-Rieufret;520;9;529
33454;Saint-Morillon;1394;17;1411
33456;Saint-Palais;473;17;490
33457;Saint-Pardon-de-Conques;503;10;513
33458;Saint-Paul;892;18;910
33459;Saint-Pey-d'Armens;264;2;266
33460;Saint-Pey-de-Castets;605;11;616
33461;Saint-Philippe-d'Aiguille;425;11;436
33462;Saint-Philippe-du-Seignal;454;11;465
33463;Saint-Pierre-d'Aurillac;1284;46;1330
33464;Saint-Pierre-de-Bat;306;13;319
33465;Saint-Pierre-de-Mons;1032;37;1069
33466;Saint-Quentin-de-Baron;1347;17;1364
33467;Saint-Quentin-de-Caplong;248;3;251
33470;Saint-Romain-la-Virvée;763;19;782
33471;Saint-Sauveur;1241;26;1267
33472;Saint-Sauveur-de-Puynormand;403;5;408
33473;Saint-Savin;2615;31;2646
33474;Saint-Selve;1897;19;1916
33475;Saint-Seurin-de-Bourg;324;10;334
33476;Saint-Seurin-de-Cadourne;712;15;727
33477;Saint-Seurin-de-Cursac;737;29;766
33478;Saint-Seurin-sur-l'Isle;2739;66;2805
33479;Saint-Sève;207;7;214
33480;Saint-Sulpice-de-Faleyrens;1508;108;1616
33481;Saint-Sulpice-de-Guilleragues;222;2;224
33482;Saint-Sulpice-de-Pommiers;224;3;227
33483;Saint-Sulpice-et-Cameyrac;4235;74;4309
33484;Saint-Symphorien;1594;33;1627
33486;Saint-Trojan;309;6;315
33487;Saint-Vincent-de-Paul;1081;17;1098
33488;Saint-Vincent-de-Pertignas;331;13;344
33489;Saint-Vivien-de-Blaye;324;6;330
33490;Saint-Vivien-de-Médoc;1497;22;1519
33491;Saint-Vivien-de-Monségur;378;8;386
33492;Saint-Yzan-de-Soudiac;1799;10;1809
33493;Saint-Yzans-de-Médoc;396;75;471
33390;Sainte-Colombe;392;8;400
33392;Sainte-Croix-du-Mont;850;10;860
33397;Sainte-Eulalie;4786;51;4837
33401;Sainte-Florence;126;2;128
33402;Sainte-Foy-la-Grande;2560;52;2612
33403;Sainte-Foy-la-Longue;133;1;134
33404;Sainte-Gemme;221;6;227
33417;Sainte-Hélène;2414;24;2438
33468;Sainte-Radegonde;468;15;483
33485;Sainte-Terre;1751;36;1787
33494;Salaunes;682;9;691
33495;Salignac;1311;22;1333
33496;Salleboeuf;2042;16;2058
33498;Salles;5758;99;5857
33499;Les Salles-de-Castillon;357;3;360
33500;Samonac;399;6;405
33501;Saucats;1980;26;2006
33502;Saugon;386;3;389
33503;Saumos;489;2;491
33504;Sauternes;693;10;703
33505;La Sauve;1366;38;1404
33506;Sauveterre-de-Guyenne;1778;36;1814
33507;Sauviac;323;4;327
33508;Savignac;528;11;539
33509;Savignac-de-l'Isle;513;12;525
33510;Semens;191;7;198
33511;Sendets;297;3;300
33512;Sigalens;292;4;296
33513;Sillas;120;2;122
33514;Soulac-sur-Mer;2679;50;2729
33515;Soulignac;455;6;461
33516;Soussac;178;4;182
33517;Soussans;1524;29;1553
33518;Tabanac;1061;16;1077
33519;Le Taillan-Médoc;8719;110;8829
33520;Taillecavat;294;10;304
33521;Talais;626;9;635
33522;Talence;40940;1421;42361
33523;Targon;1888;34;1922
33524;Tarnès;263;4;267
33525;Tauriac;1297;15;1312
33526;Tayac;160;5;165
33527;Le Teich;6284;99;6383
33528;Le Temple;517;5;522
33529;La Teste-de-Buch;24616;495;25111
33530;Teuillac;716;15;731
33531;Tizac-de-Curton;279;7;286
33532;Tizac-de-Lapouyade;474;12;486
33533;Toulenne;2486;67;2553
33534;Le Tourne;737;8;745
33535;Tresses;3928;70;3998
33536;Le Tuzan;201;0;201
33537;Uzeste;443;14;457
33538;Valeyrac;449;2;451
33539;Vayres;3215;45;3260
33540;Vendays-Montalivet;2162;44;2206
33541;Vensac;772;11;783
33542;Vérac;785;10;795
33543;Verdelais;862;22;884
33544;Le Verdon-sur-Mer;1369;40;1409
33545;Vertheuil;1161;20;1181
33546;Vignonet;516;27;543
33547;Villandraut;916;19;935
33548;Villegouge;1177;19;1196
33550;Villenave-d'Ornon;29339;410;29749
33549;Villenave-de-Rions;271;11;282
33551;Villeneuve;374;11;385
33552;Virelade;875;15;890
33553;Virsac;965;26;991
33554;Yvrac;2310;39;2349
34001;Abeilhan;1254;25;1279
34002;Adissan;893;16;909
34003;Agde;21104;459;21563
34004;Agel;201;7;208
34005;Agonès;228;7;235
34006;Aigne;258;5;263
34007;Aigues-Vives;410;2;412
34008;Les Aires;559;16;575
34009;Alignan-du-Vent;1384;23;1407
34010;Aniane;2656;60;2716
34011;Arboras;88;2;90
34012;Argelliers;806;13;819
34013;Aspiran;1256;26;1282
34014;Assas;1509;27;1536
34015;Assignan;183;6;189
34016;Aumelas;459;7;466
34017;Aumes;410;15;425
34018;Autignac;798;15;813
34019;Avène;293;5;298
34020;Azillanet;398;13;411
34021;Babeau-Bouldoux;291;6;297
34022;Baillargues;5948;70;6018
34024;Balaruc-le-Vieux;2031;29;2060
34023;Balaruc-les-Bains;6130;97;6227
34025;Bassan;1548;33;1581
34026;Beaufort;170;1;171
34027;Beaulieu;1592;15;1607
34028;Bédarieux;6576;239;6815
34029;Bélarga;413;6;419
34030;Berlou;190;2;192
34031;Bessan;4391;69;4460
34032;Béziers;72462;1727;74189
34033;Boisseron;1359;24;1383
34034;Boisset;27;0;27
34035;La Boissière;864;12;876
34036;Le Bosc;1090;26;1116
34037;Boujan-sur-Libron;2944;89;3033
34038;Le Bousquet-d'Orb;1584;29;1613
34039;Bouzigues;1522;18;1540
34040;Brenas;42;2;44
34041;Brignac;540;13;553
34042;Brissac;603;23;626
34043;Buzignargues;249;5;254
34044;Cabrerolles;334;3;337
34045;Cabrières;445;15;460
34046;Cambon-et-Salvergues;85;0;85
34047;Campagnan;520;10;530
34048;Campagne;264;3;267
34049;Camplong;234;5;239
34050;Candillargues;1255;17;1272
34051;Canet;3039;48;3087
34052;Capestang;3010;51;3061
34053;Carlencas-et-Levas;116;0;116
34054;Cassagnoles;80;3;83
34055;Castanet-le-Haut;189;2;191
34056;Castelnau-de-Guers;1055;20;1075
34057;Castelnau-le-Lez;15201;346;15547
34058;Castries;5471;79;5550
34059;La Caunette;324;3;327
34060;Causse-de-la-Selle;324;3;327
34061;Causses-et-Veyran;583;14;597
34062;Caussiniojouls;121;3;124
34063;Caux;2507;52;2559
34064;Le Caylar;434;12;446
34065;Cazedarnes;474;6;480
34066;Cazevieille;172;3;175
34067;Cazilhac;1257;41;1298
34068;Cazouls-d'Hérault;307;9;316
34069;Cazouls-lès-Béziers;4050;70;4120
34070;Cébazan;477;14;491
34071;Ceilhes-et-Rocozels;304;7;311
34072;Celles;26;0;26
34073;Cers;2222;37;2259
34074;Cessenon-sur-Orb;1968;49;2017
34075;Cesseras;431;8;439
34076;Ceyras;951;23;974
34077;Clapiers;5046;126;5172
34078;Claret;1339;27;1366
34079;Clermont-l'Hérault;7305;126;7431
34080;Colombières-sur-Orb;448;16;464
34081;Colombiers;2373;51;2424
34082;Combaillaux;1462;46;1508
34083;Combes;303;1;304
34084;Corneilhan;1491;46;1537
34085;Coulobres;290;8;298
34086;Courniou;626;23;649
34087;Cournonsec;2122;32;2154
34088;Cournonterral;5586;54;5640
34089;Creissan;1175;25;1200
34090;Le Crès;6886;115;7001
34091;Le Cros;39;3;42
34092;Cruzy;948;11;959
34093;Dio-et-Valquières;158;7;165
34094;Espondeilhan;898;18;916
34095;Fabrègues;6180;71;6251
34096;Faugères;467;11;478
34097;Félines-Minervois;377;13;390
34098;Ferrals-les-Montagnes;158;11;169
34099;Ferrières-les-Verreries;60;1;61
34100;Ferrières-Poussarou;60;2;62
34101;Florensac;4639;115;4754
34102;Fontanès;239;11;250
34103;Fontès;903;21;924
34104;Fos;95;0;95
34105;Fouzilhon;192;3;195
34106;Fozières;152;9;161
34107;Fraisse-sur-Agout;357;6;363
34108;Frontignan;23068;237;23305
34109;Gabian;786;15;801
34110;Galargues;618;12;630
34111;Ganges;3943;122;4065
34112;Garrigues;145;8;153
34113;Gigean;5186;49;5235
34114;Gignac;5059;86;5145
34115;Gorniès;116;0;116
34116;Grabels;6025;133;6158
34117;Graissessac;682;17;699
34344;La Grande-Motte;8246;116;8362
34118;Guzargues;414;5;419
34119;Hérépian;1458;21;1479
34120;Jacou;4939;115;5054
34121;Joncels;267;6;273
34122;Jonquières;376;22;398
34123;Juvignac;6354;104;6458
34124;Lacoste;276;7;283
34125;Lagamas;123;2;125
34126;Lamalou-les-Bains;2256;45;2301
34127;Lansargues;2619;26;2645
34128;Laroque;1377;39;1416
34129;Lattes;16635;266;16901
34130;Laurens;1263;13;1276
34131;Lauret;561;10;571
34132;Lauroux;198;4;202
34133;Lavalette;46;1;47
34134;Lavérune;2708;47;2755
34135;Lespignan;3074;36;3110
34136;Lézignan-la-Cèbe;1223;11;1234
34137;Liausson;111;2;113
34138;Lieuran-Cabrières;258;5;263
34139;Lieuran-lès-Béziers;1108;16;1124
34140;Lignan-sur-Orb;2929;88;3017
34141;La Livinière;553;8;561
34142;Lodève;7329;204;7533
34143;Loupian;2081;36;2117
34144;Lunas;644;20;664
34145;Lunel;24044;254;24298
34146;Lunel-Viel;3529;42;3571
34147;Magalas;2576;48;2624
34148;Maraussan;3320;58;3378
34149;Margon;319;6;325
34150;Marseillan;7565;122;7687
34151;Marsillargues;5821;78;5899
34152;Mas-de-Londres;329;9;338
34153;Les Matelles;1538;60;1598
34154;Mauguio;15567;180;15747
34155;Maureilhan;1716;38;1754
34156;Mérifons;50;3;53
34157;Mèze;10336;143;10479
34158;Minerve;119;1;120
34159;Mireval;3151;50;3201
34160;Mons;555;14;569
34161;Montady;3773;53;3826
34162;Montagnac;3563;74;3637
34163;Montarnaud;2466;53;2519
34164;Montaud;848;17;865
34165;Montbazin;2779;31;2810
34166;Montblanc;2486;40;2526
34167;Montels;225;3;228
34168;Montesquieu;58;3;61
34169;Montferrier-sur-Lez;3440;124;3564
34170;Montouliers;222;4;226
34171;Montoulieu;147;5;152
34172;Montpellier;253712;3380;257092
34173;Montpeyroux;1183;41;1224
34174;Moulès-et-Baucels;762;17;779
34175;Mourèze;168;4;172
34176;Mudaison;2479;22;2501
34177;Murles;276;9;285
34178;Murviel-lès-Béziers;2674;51;2725
34179;Murviel-lès-Montpellier;1658;26;1684
34180;Nébian;1100;28;1128
34181;Neffiès;864;11;875
34182;Nézignan-l'Évêque;1301;26;1327
34183;Nissan-lez-Enserune;3327;47;3374
34184;Nizas;554;15;569
34185;Notre-Dame-de-Londres;496;21;517
34186;Octon;415;11;426
34187;Olargues;598;13;611
34188;Olmet-et-Villecun;146;3;149
34189;Olonzac;1647;36;1683
34190;Oupia;287;2;289
34191;Pailhès;468;20;488
34192;Palavas-les-Flots;6048;70;6118
34193;Pardailhan;177;7;184
34194;Paulhan;3316;52;3368
34195;Pégairolles-de-Buèges;50;0;50
34196;Pégairolles-de-l'Escalette;149;5;154
34197;Péret;741;19;760
34198;Pérols;8515;134;8649
34199;Pézenas;8478;441;8919
34200;Pézènes-les-Mines;198;11;209
34201;Pierrerue;284;0;284
34202;Pignan;6092;86;6178
34203;Pinet;1247;21;1268
34204;Plaissan;883;15;898
34205;Les Plans;285;18;303
34206;Poilhes;491;8;499
34207;Pomérols;2041;23;2064
34208;Popian;332;14;346
34209;Portiragnes;3094;59;3153
34210;Le Pouget;1782;31;1813
34211;Le Poujol-sur-Orb;1045;27;1072
34212;Poujols;156;1;157
34213;Poussan;4644;65;4709
34214;Pouzolles;1018;13;1031
34215;Pouzols;812;19;831
34216;Le Pradal;260;10;270
34217;Prades-le-Lez;4509;119;4628
34218;Prades-sur-Vernazobre;267;1;268
34219;Prémian;494;10;504
34220;Le Puech;221;8;229
34221;Puéchabon;445;10;455
34222;Puilacher;296;17;313
34223;Puimisson;962;19;981
34224;Puissalicon;1026;21;1047
34225;Puisserguier;2706;46;2752
34226;Quarante;1561;21;1582
34227;Restinclières;1491;13;1504
34228;Rieussec;96;0;96
34229;Riols;684;31;715
34230;Les Rives;124;1;125
34231;Romiguières;22;0;22
34232;Roquebrun;540;16;556
34233;Roqueredonde;163;0;163
34234;Roquessels;131;3;134
34235;Rosis;299;3;302
34236;Rouet;60;2;62
34237;Roujan;1902;28;1930
34238;Saint-André-de-Buèges;52;2;54
34239;Saint-André-de-Sangonis;4887;93;4980
34240;Saint-Aunès;3013;62;3075
34241;Saint-Bauzille-de-la-Sylve;808;22;830
34242;Saint-Bauzille-de-Montmel;905;24;929
34243;Saint-Bauzille-de-Putois;1385;25;1410
34244;Saint-Brès;2626;30;2656
34245;Saint-Chinian;1813;23;1836
34246;Saint-Christol;1324;20;1344
34247;Saint-Clément-de-Rivière;5040;259;5299
34249;Saint-Drézéry;2098;34;2132
34250;Saint-Étienne-d'Albagnan;295;4;299
34251;Saint-Étienne-de-Gourgas;434;3;437
34252;Saint-Étienne-Estréchoux;246;7;253
34253;Saint-Félix-de-l'Héras;35;0;35
34254;Saint-Félix-de-Lodez;1075;16;1091
34255;Saint-Gély-du-Fesc;8337;175;8512
34258;Saint-Geniès-de-Fontedit;1241;16;1257
34257;Saint-Geniès-de-Varensal;226;6;232
34256;Saint-Geniès-des-Mourgues;1609;28;1637
34259;Saint-Georges-d'Orques;5082;81;5163
34260;Saint-Gervais-sur-Mare;803;18;821
34261;Saint-Guilhem-le-Désert;250;2;252
34262;Saint-Guiraud;220;3;223
34263;Saint-Hilaire-de-Beauvoir;345;6;351
34264;Saint-Jean-de-Buèges;179;1;180
34265;Saint-Jean-de-Cornies;663;11;674
34266;Saint-Jean-de-Cuculles;438;6;444
34267;Saint-Jean-de-Fos;1460;20;1480
34268;Saint-Jean-de-la-Blaquière;496;9;505
34269;Saint-Jean-de-Minervois;137;1;138
34270;Saint-Jean-de-Védas;8653;160;8813
34271;Saint-Julien;201;3;204
34272;Saint-Just;2651;40;2691
34273;Saint-Martin-de-l'Arçon;144;5;149
34274;Saint-Martin-de-Londres;2159;35;2194
34276;Saint-Mathieu-de-Tréviers;4659;103;4762
34277;Saint-Maurice-Navacelles;158;5;163
34278;Saint-Michel;57;3;60
34279;Saint-Nazaire-de-Ladarez;358;7;365
34280;Saint-Nazaire-de-Pézan;551;7;558
34281;Saint-Pargoire;1793;27;1820
34282;Saint-Paul-et-Valmalle;846;17;863
34283;Saint-Pierre-de-la-Fage;115;1;116
34285;Saint-Pons-de-Mauchiens;600;6;606
34284;Saint-Pons-de-Thomières;2161;192;2353
34286;Saint-Privat;381;11;392
34287;Saint-Saturnin-de-Lucian;288;4;292
34288;Saint-Sériès;856;13;869
34289;Saint-Thibéry;2281;43;2324
34291;Saint-Vincent-d'Olargues;325;5;330
34290;Saint-Vincent-de-Barbeyrargues;645;22;667
34248;Sainte-Croix-de-Quintillargues;574;19;593
34292;Salasc;251;1;252
34293;La Salvetat-sur-Agout;1204;37;1241
34294;Saturargues;835;10;845
34295;Saussan;1482;26;1508
34296;Saussines;883;13;896
34297;Sauteyrargues;319;10;329
34298;Sauvian;4101;64;4165
34299;Sérignan;6570;124;6694
34300;Servian;4049;73;4122
34301;Sète;42972;664;43636
34302;Siran;634;7;641
34303;Sorbs;31;1;32
34304;Soubès;872;19;891
34305;Le Soulié;115;6;121
34306;Soumont;115;3;118
34307;Sussargues;2353;57;2410
34308;Taussac-la-Billière;423;18;441
34309;Teyran;4260;109;4369
34310;Thézan-lès-Béziers;2484;40;2524
34312;La Tour-sur-Orb;1170;31;1201
34311;Tourbes;1446;182;1628
34313;Tressan;489;11;500
34314;Le Triadou;365;7;372
34315;Usclas-d'Hérault;264;4;268
34316;Usclas-du-Bosc;110;5;115
34317;La Vacquerie-et-Saint-Martin-de-Castries;135;2;137
34318;Vacquières;404;5;409
34319;Vailhan;161;0;161
34320;Vailhauquès;2082;36;2118
34321;Valergues;1967;28;1995
34322;Valflaunès;704;14;718
34323;Valmascle;44;1;45
34324;Valras-Plage;4391;61;4452
34325;Valros;1238;18;1256
34326;Vélieux;63;1;64
34327;Vendargues;5462;76;5538
34328;Vendémian;963;17;980
34329;Vendres;2047;59;2106
34330;Vérargues;681;8;689
34331;Verreries-de-Moussans;97;0;97
34332;Vias;5386;96;5482
34333;Vic-la-Gardiole;2812;44;2856
34334;Vieussan;263;3;266
34335;Villemagne-l'Argentière;426;14;440
34336;Villeneuve-lès-Béziers;3699;62;3761
34337;Villeneuve-lès-Maguelone;8627;86;8713
34338;Villeneuvette;67;5;72
34339;Villespassans;138;3;141
34340;Villetelle;1339;19;1358
34341;Villeveyrac;2836;38;2874
34342;Viols-en-Laval;203;3;206
34343;Viols-le-Fort;1032;17;1049
35001;Acigné;5931;147;6078
35002;Amanlis;1567;33;1600
35003;Andouillé-Neuville;703;15;718
35004;Antrain;1426;37;1463
35005;Arbrissel;256;6;262
35006;Argentré-du-Plessis;4080;108;4188
35007;Aubigné;348;2;350
35008;Availles-sur-Seiche;666;17;683
35009;Baguer-Morvan;1499;34;1533
35010;Baguer-Pican;1238;21;1259
35011;Baillé;326;5;331
35012;Bain-de-Bretagne;7082;115;7197
35013;Bains-sur-Oust;3343;107;3450
35014;Bais;2020;33;2053
35015;Balazé;2083;46;2129
35016;Baulon;1843;37;1880
35017;La Baussaine;594;4;598
35018;La Bazouge-du-Désert;1048;21;1069
35019;Bazouges-la-Pérouse;1853;38;1891
35021;Beaucé;1161;48;1209
35022;Bécherel;731;16;747
35023;Bédée;3722;58;3780
35024;Betton;9643;267;9910
35025;Billé;1006;17;1023
35026;Bléruais;95;6;101
35027;Boisgervilly;1408;37;1445
35028;Boistrudan;665;10;675
35029;Bonnemain;1217;36;1253
35030;La Bosse-de-Bretagne;554;8;562
35031;La Bouëxière;3875;68;3943
35033;Bourg-des-Comptes;2280;36;2316
35032;Bourgbarré;3044;48;3092
35034;La Boussac;1110;24;1134
35035;Bovel;523;3;526
35037;Bréal-sous-Montfort;4577;71;4648
35038;Bréal-sous-Vitré;641;9;650
35039;Brécé;1760;33;1793
35040;Breteil;3332;66;3398
35041;Brie;774;24;798
35042;Brielles;644;5;649
35044;Broualan;305;3;308
35045;Bruc-sur-Aff;839;15;854
35046;Les Brulais;454;11;465
35047;Bruz;15031;299;15330
35048;Campel;501;5;506
35049;Cancale;5293;146;5439
35050;Cardroc;484;10;494
35051;Cesson-Sévigné;15261;592;15853
35052;Champeaux;464;9;473
35053;Chancé;289;8;297
35054;Chanteloup;1477;17;1494
35055;Chantepie;8003;281;8284
35056;La Chapelle-aux-Filtzméens;627;8;635
35057;La Chapelle-Bouëxic;1125;14;1139
35058;La Chapelle-Chaussée;1047;19;1066
35064;La Chapelle-de-Brain;924;15;939
35059;La Chapelle-des-Fougeretz;3581;90;3671
35060;La Chapelle-du-Lou;578;13;591
35061;La Chapelle-Erbrée;584;12;596
35062;La Chapelle-Janson;1248;31;1279
35063;La Chapelle-Saint-Aubert;405;4;409
35065;La Chapelle-Thouarault;1942;51;1993
35066;Chartres-de-Bretagne;6948;151;7099
35067;Chasné-sur-Illet;1394;21;1415
35068;Châteaubourg;5629;156;5785
35069;Châteaugiron;6302;164;6466
35070;Châteauneuf-d'Ille-et-Vilaine;1064;15;1079
35071;Le Châtellier;380;16;396
35072;Châtillon-en-Vendelais;1663;41;1704
35075;Chauvigné;730;14;744
35076;Chavagne;3701;63;3764
35077;Chelun;314;10;324
35078;Cherrueix;1150;16;1166
35079;Chevaigné;1865;27;1892
35080;Cintré;2077;33;2110
35081;Clayes;725;9;734
35082;Coësmes;1345;10;1355
35083;Coglès;624;7;631
35084;Comblessac;611;9;620
35085;Combourg;5401;131;5532
35086;Combourtillé;531;11;542
35087;Cornillé;839;8;847
35088;Corps-Nuds;2870;47;2917
35089;La Couyère;468;6;474
35090;Crevin;2472;21;2493
35091;Le Crouais;471;14;485
35092;Cuguen;796;16;812
35093;Dinard;10643;535;11178
35094;Dingé;1493;22;1515
35095;Dol-de-Bretagne;4807;302;5109
35096;Domagné;1975;39;2014
35097;Domalain;1870;39;1909
35098;La Dominelais;1186;24;1210
35099;Domloup;2817;49;2866
35100;Dompierre-du-Chemin;541;7;548
35101;Dourdain;987;16;1003
35102;Drouges;465;11;476
35103;Eancé;355;12;367
35104;Epiniac;1223;19;1242
35105;Erbrée;1672;55;1727
35106;Ercé-en-Lamée;1344;37;1381
35107;Ercé-près-Liffré;1796;34;1830
35108;Essé;1032;15;1047
35109;Étrelles;2491;66;2557
35110;Feins;780;17;797
35111;Le Ferré;588;18;606
35112;Fleurigné;1011;29;1040
35113;La Fontenelle;534;11;545
35114;Forges-la-Forêt;272;3;275
35115;Fougères;20678;857;21535
35116;La Fresnais;2121;51;2172
35117;Gaël;1541;29;1570
35118;Gahard;1148;10;1158
35119;Gennes-sur-Seiche;785;18;803
35120;Gévezé;3598;68;3666
35121;Gosné;1622;25;1647
35122;La Gouesnière;1645;38;1683
35123;Goven;3788;100;3888
35124;Grand-Fougeray;2245;37;2282
35125;La Guerche-de-Bretagne;4163;156;4319
35126;Guichen;7181;113;7294
35127;Guignen;3089;58;3147
35128;Guipel;1562;38;1600
35129;Guipry;3413;61;3474
35130;Hédé;1754;25;1779
35131;L' Hermitage;3720;79;3799
35132;Hirel;1335;27;1362
35133;Iffendic;3915;89;4004
35134;Les Iffs;254;9;263
35135;Irodouër;1890;32;1922
35136;Janzé;7711;163;7874
35137;Javené;1814;46;1860
35138;Laignelet;862;45;907
35139;Laillé;4393;90;4483
35140;Lalleu;555;9;564
35141;Landavran;556;11;567
35142;Landéan;1257;38;1295
35143;Landujan;877;25;902
35144;Langan;886;17;903
35145;Langon;1423;27;1450
35146;Langouet;544;14;558
35147;Lanhélin;841;18;859
35148;Lanrigan;120;2;122
35149;Lassy;1325;30;1355
35150;Lécousse;2914;146;3060
35151;Lieuron;677;13;690
35152;Liffré;6611;159;6770
35153;Lillemer;254;5;259
35154;Livré-sur-Changeon;1499;25;1524
35155;Lohéac;683;8;691
35156;Longaulnay;564;9;573
35157;Le Loroux;531;8;539
35158;Le Lou-du-Lac;104;2;106
35159;Lourmais;305;4;309
35160;Loutehel;200;5;205
35161;Louvigné-de-Bais;1723;46;1769
35162;Louvigné-du-Désert;3797;110;3907
35163;Luitré;1276;37;1313
35164;Marcillé-Raoul;801;20;821
35165;Marcillé-Robert;931;24;955
35166;Marpiré;998;6;1004
35167;Martigné-Ferchaud;2598;80;2678
35168;Maure-de-Bretagne;3019;43;3062
35169;Maxent;1234;18;1252
35170;Mecé;540;6;546
35171;Médréac;1795;32;1827
35172;Meillac;1589;24;1613
35173;Melesse;5456;154;5610
35174;Mellé;673;11;684
35175;Mernel;952;15;967
35176;Messac;2606;91;2697
35177;La Mézière;4083;77;4160
35178;Mézières-sur-Couesnon;1187;19;1206
35179;Miniac-Morvan;3354;91;3445
35180;Miniac-sous-Bécherel;661;12;673
35181;Le Minihic-sur-Rance;1327;52;1379
35183;Mondevert;735;9;744
35186;Mont-Dol;1205;32;1237
35184;Montauban-de-Bretagne;4409;190;4599
35185;Montautour;255;4;259
35187;Monterfil;1175;24;1199
35188;Montfort-sur-Meu;6107;133;6240
35189;Montgermont;3085;77;3162
35190;Monthault;250;5;255
35191;Montours;946;14;960
35192;Montreuil-des-Landes;214;3;217
35193;Montreuil-le-Gast;1931;21;1952
35194;Montreuil-sous-Pérouse;1079;41;1120
35195;Montreuil-sur-Ille;1925;32;1957
35196;Mordelles;6777;151;6928
35197;Mouazé;984;17;1001
35198;Moulins;626;14;640
35199;Moussé;311;9;320
35200;Moutiers;819;15;834
35201;Muel;779;16;795
35202;La Noë-Blanche;987;16;1003
35203;La Nouaye;257;6;263
35204;Nouvoitou;2953;63;3016
35206;Noyal-Châtillon-sur-Seiche;5822;90;5912
35205;Noyal-sous-Bazouges;374;9;383
35207;Noyal-sur-Vilaine;4997;122;5119
35208;Orgères;3605;58;3663
35209;Ossé;1148;9;1157
35210;Pacé;8651;244;8895
35211;Paimpont;1636;38;1674
35212;Pancé;1118;20;1138
35214;Parcé;641;3;644
35215;Parigné;1274;27;1301
35216;Parthenay-de-Bretagne;1251;28;1279
35217;Le Pertre;1393;27;1420
35218;Le Petit-Fougeray;676;11;687
35219;Pipriac;3253;88;3341
35220;Piré-sur-Seiche;2134;46;2180
35221;Pléchâtel;2574;56;2630
35222;Pleine-Fougères;1808;54;1862
35223;Plélan-le-Grand;3498;85;3583
35224;Plerguer;2175;37;2212
35225;Plesder;635;13;648
35226;Pleugueneuc;1554;17;1571
35227;Pleumeleuc;2567;34;2601
35228;Pleurtuit;5455;141;5596
35229;Pocé-les-Bois;1036;21;1057
35230;Poilley;404;2;406
35231;Poligné;1047;12;1059
35363;Pont-Péan;3661;81;3742
35232;Princé;355;5;360
35233;Québriac;1378;20;1398
35234;Quédillac;1067;36;1103
35235;Rannée;1159;33;1192
35236;Redon;9616;760;10376
35237;Renac;916;40;956
35238;Rennes;207922;5174;213096
35239;Retiers;3575;94;3669
35240;Le Rheu;7212;211;7423
35241;La Richardais;2287;76;2363
35242;Rimou;348;12;360
35243;Romagné;1953;51;2004
35244;Romazy;270;8;278
35245;Romillé;3319;57;3376
35246;Roz-Landrieux;1173;23;1196
35247;Roz-sur-Couesnon;1001;21;1022
35248;Sains;482;4;486
35250;Saint-Armel;1724;19;1743
35251;Saint-Aubin-d'Aubigné;3033;82;3115
35252;Saint-Aubin-des-Landes;901;22;923
35253;Saint-Aubin-du-Cormier;3608;126;3734
35254;Saint-Aubin-du-Pavail;771;5;776
35255;Saint-Benoît-des-Ondes;1105;28;1133
35256;Saint-Briac-sur-Mer;1949;78;2027
35257;Saint-Brice-en-Coglès;2692;47;2739
35258;Saint-Brieuc-des-Iffs;355;10;365
35259;Saint-Broladre;1039;17;1056
35261;Saint-Christophe-de-Valains;161;5;166
35260;Saint-Christophe-des-Bois;502;11;513
35263;Saint-Coulomb;2348;101;2449
35264;Saint-Didier;1636;26;1662
35265;Saint-Domineuc;2037;20;2057
35266;Saint-Erblon;2512;49;2561
35267;Saint-Étienne-en-Coglès;1620;27;1647
35268;Saint-Ganton;415;2;417
35269;Saint-Georges-de-Chesné;530;10;540
35270;Saint-Georges-de-Gréhaigne;356;6;362
35271;Saint-Georges-de-Reintembault;1626;28;1654
35272;Saint-Germain-du-Pinel;816;13;829
35273;Saint-Germain-en-Coglès;1986;59;2045
35274;Saint-Germain-sur-Ille;889;16;905
35275;Saint-Gilles;3549;75;3624
35276;Saint-Gondran;510;8;518
35277;Saint-Gonlay;333;6;339
35278;Saint-Grégoire;8225;452;8677
35279;Saint-Guinoux;919;15;934
35280;Saint-Hilaire-des-Landes;993;18;1011
35281;Saint-Jacques-de-la-Lande;9732;138;9870
35282;Saint-Jean-sur-Couesnon;1030;14;1044
35283;Saint-Jean-sur-Vilaine;1081;19;1100
35284;Saint-Jouan-des-Guérets;2686;104;2790
35285;Saint-Just;1013;12;1025
35286;Saint-Léger-des-Prés;214;3;217
35287;Saint-Lunaire;2315;88;2403
35300;Saint-M'Hervé;1343;31;1374
35301;Saint-M'Hervon;414;7;421
35288;Saint-Malo;48563;1643;50206
35289;Saint-Malo-de-Phily;804;5;809
35290;Saint-Malon-sur-Mel;554;9;563
35292;Saint-Marc-le-Blanc;1202;28;1230
35293;Saint-Marc-sur-Couesnon;472;2;474
35291;Saint-Marcan;428;11;439
35295;Saint-Maugan;515;13;528
35296;Saint-Médard-sur-Ille;1292;26;1318
35297;Saint-Méen-le-Grand;4180;156;4336
35299;Saint-Méloir-des-Ondes;3480;114;3594
35302;Saint-Onen-la-Chapelle;973;18;991
35304;Saint-Ouen-des-Alleux;1229;12;1241
35303;Saint-Ouen-la-Rouërie;786;24;810
35305;Saint-Péran;312;8;320
35306;Saint-Père;2178;124;2302
35307;Saint-Pern;904;10;914
35308;Saint-Pierre-de-Plesguen;2459;50;2509
35309;Saint-Rémy-du-Plain;704;13;717
35310;Saint-Sauveur-des-Landes;1341;27;1368
35311;Saint-Séglin;459;7;466
35312;Saint-Senoux;1572;26;1598
35314;Saint-Suliac;930;37;967
35316;Saint-Sulpice-des-Landes;737;12;749
35315;Saint-Sulpice-la-Forêt;1416;35;1451
35317;Saint-Symphorien;518;78;596
35318;Saint-Thual;644;6;650
35319;Saint-Thurial;1814;29;1843
35320;Saint-Uniac;484;7;491
35249;Sainte-Anne-sur-Vilaine;959;20;979
35262;Sainte-Colombe;304;9;313
35294;Sainte-Marie;2168;62;2230
35321;Saulnières;673;10;683
35322;Le Sel-de-Bretagne;776;20;796
35323;La Selle-en-Coglès;559;8;567
35324;La Selle-en-Luitré;532;21;553
35325;La Selle-Guerchaise;146;5;151
35326;Sens-de-Bretagne;2125;21;2146
35327;Servon-sur-Vilaine;3403;70;3473
35328;Sixt-sur-Aff;2069;38;2107
35329;Sougéal;609;12;621
35330;Taillis;931;19;950
35331;Talensac;2333;35;2368
35332;Teillay;930;14;944
35333;Le Theil-de-Bretagne;1489;28;1517
35334;Thorigné-Fouillard;6932;251;7183
35335;Thourie;671;10;681
35336;Le Tiercent;172;8;180
35337;Tinténiac;3163;164;3327
35338;Torcé;1142;18;1160
35339;Trans-la-Forêt;571;17;588
35340;Treffendel;1242;24;1266
35341;Tremblay;1502;44;1546
35342;Trémeheuc;343;6;349
35343;Tresboeuf;1148;12;1160
35344;Tressé;330;9;339
35345;Trévérien;750;9;759
35346;Trimer;174;2;176
35362;Le Tronchet;978;20;998
35347;Val-d'Izé;2385;40;2425
35348;Vendel;421;5;426
35350;Vergéal;703;13;716
35351;Le Verger;1459;26;1485
35352;Vern-sur-Seiche;7877;186;8063
35353;Vezin-le-Coquet;3865;94;3959
35354;Vieux-Viel;287;3;290
35355;Vieux-Vy-sur-Couesnon;1069;5;1074
35356;Vignoc;1718;21;1739
35357;Villamée;320;3;323
35358;La Ville-ès-Nonais;987;33;1020
35359;Visseiche;821;8;829
35360;Vitré;16691;610;17301
35361;Le Vivier-sur-Mer;1037;20;1057
36001;Aigurande;1643;26;1669
36002;Aize;127;3;130
36003;Ambrault;840;11;851
36004;Anjouin;350;4;354
36005;Ardentes;3616;90;3706
36006;Argenton-sur-Creuse;5180;251;5431
36007;Argy;611;18;629
36008;Arpheuilles;252;11;263
36009;Arthon;1063;52;1115
36010;Azay-le-Ferron;942;27;969
36158;Badecon-le-Pin;729;7;736
36011;Bagneux;189;2;191
36012;Baraize;315;14;329
36013;Baudres;509;9;518
36014;Bazaiges;232;7;239
36015;Beaulieu;86;0;86
36016;Bélâbre;958;33;991
36017;La Berthenoux;471;12;483
36018;Le Blanc;6926;396;7322
36019;Bommiers;283;4;287
36020;Bonneuil;88;2;90
36021;Les Bordes;943;28;971
36022;Bouesse;395;7;402
36023;Bouges-le-Château;267;5;272
36024;Bretagne;100;1;101
36025;Briantes;594;18;612
36026;Brion;487;7;494
36027;Brives;272;1;273
36028;La Buxerette;113;0;113
36029;Buxeuil;220;6;226
36030;Buxières-d'Aillac;215;6;221
36031;Buzançais;4530;71;4601
36032;Ceaulmont;708;9;717
36033;Celon;384;3;387
36034;Chabris;2749;44;2793
36035;Chaillac;1158;26;1184
36036;Chalais;167;8;175
36037;La Champenoise;301;6;307
36038;Champillet;159;3;162
36040;La Chapelle-Orthemale;118;3;121
36041;La Chapelle-Saint-Laurian;144;3;147
36042;Chasseneuil;653;21;674
36043;Chassignolles;568;15;583
36044;Châteauroux;47127;2155;49282
36045;Châtillon-sur-Indre;2885;62;2947
36046;La Châtre;4477;150;4627
36047;La Châtre-Langlin;573;3;576
36048;Chavin;292;6;298
36049;Chazelet;122;5;127
36050;Chezelles;398;4;402
36051;Chitray;161;10;171
36052;Chouday;165;1;166
36053;Ciron;507;53;560
36054;Cléré-du-Bois;291;3;294
36055;Clion;1132;16;1148
36056;Cluis;1035;26;1061
36057;Coings;865;22;887
36058;Concremiers;631;21;652
36059;Condé;230;7;237
36060;Crevant;722;9;731
36061;Crozon-sur-Vauvre;364;12;376
36062;Cuzion;461;4;465
36063;Déols;8734;230;8964
36064;Diors;761;24;785
36065;Diou;275;5;280
36066;Douadic;427;11;438
36068;Dun-le-Poëlier;488;6;494
36067;Dunet;112;1;113
36069;Écueillé;1333;25;1358
36070;Éguzon-Chantôme;1411;24;1435
36071;Étrechet;849;27;876
36072;Faverolles;346;6;352
36073;Feusines;201;2;203
36074;Fléré-la-Rivière;602;11;613
36075;Fontenay;80;0;80
36076;Fontgombault;269;8;277
36077;Fontguenand;241;6;247
36078;Fougerolles;320;5;325
36079;Francillon;73;3;76
36080;Frédille;64;1;65
36081;Gargilesse-Dampierre;325;6;331
36082;Gehée;305;2;307
36083;Giroux;117;2;119
36084;Gournay;335;7;342
36085;Guilly;244;3;247
36086;Heugnes;408;13;421
36087;Ingrandes;329;12;341
36088;Issoudun;13627;380;14007
36089;Jeu-les-Bois;361;4;365
36090;Jeu-Maloches;131;6;137
36091;Lacs;655;18;673
36092;Langé;300;4;304
36093;Levroux;2840;51;2891
36094;Lignac;581;21;602
36095;Lignerolles;111;1;112
36096;Lingé;280;4;284
36097;Liniez;314;4;318
36098;Lizeray;108;3;111
36099;Lourdoueix-Saint-Michel;380;8;388
36100;Lourouer-Saint-Laurent;226;6;232
36101;Luant;1354;47;1401
36104;Lurais;239;13;252
36105;Lureuil;275;3;278
36106;Luzeret;152;4;156
36102;Luçay-le-Libre;108;1;109
36103;Luçay-le-Mâle;1531;39;1570
36107;Lye;829;15;844
36108;Lys-Saint-Georges;221;9;230
36109;Le Magny;985;23;1008
36110;Maillet;259;4;263
36111;Malicornay;187;1;188
36112;Mâron;725;27;752
36113;Martizay;1042;27;1069
36114;Mauvières;329;3;332
36115;Menetou-sur-Nahon;108;2;110
36116;Ménétréols-sous-Vatan;121;6;127
36117;Le Menoux;446;18;464
36118;Méobecq;366;6;372
36119;Mérigny;566;9;575
36120;Mers-sur-Indre;574;26;600
36121;Meunet-Planches;198;1;199
36122;Meunet-sur-Vatan;192;8;200
36123;Mézières-en-Brenne;1081;29;1110
36124;Migné;275;9;284
36125;Migny;120;2;122
36126;Montchevrier;520;12;532
36127;Montgivray;1667;52;1719
36128;Montierchaume;1677;52;1729
36129;Montipouret;567;9;576
36130;Montlevicq;104;3;107
36131;Mosnay;464;9;473
36132;La Motte-Feuilly;33;1;34
36133;Mouhers;243;8;251
36134;Mouhet;504;15;519
36135;Moulins-sur-Céphons;335;14;349
36136;Murs;124;3;127
36137;Néons-sur-Creuse;394;14;408
36138;Néret;210;5;215
36139;Neuillay-les-Bois;642;10;652
36140;Neuvy-Pailloux;1301;9;1310
36141;Neuvy-Saint-Sépulchre;1662;37;1699
36142;Niherne;1562;192;1754
36143;Nohant-Vic;475;13;488
36144;Nuret-le-Ferron;321;8;329
36145;Obterre;235;6;241
36146;Orsennes;816;6;822
36147;Orville;126;2;128
36148;Oulches;407;20;427
36149;Palluau-sur-Indre;792;16;808
36150;Parnac;529;16;545
36151;Parpeçay;248;2;250
36152;Paudy;458;11;469
36153;Paulnay;358;13;371
36154;Le Pêchereau;2002;46;2048
36155;Pellevoisin;875;65;940
36156;Pérassay;397;5;402
36157;La Pérouille;409;5;414
36159;Le Poinçonnet;5690;193;5883
36160;Pommiers;270;3;273
36161;Le Pont-Chrétien-Chabenet;939;38;977
36162;Poulaines;877;16;893
36163;Pouligny-Notre-Dame;629;8;637
36164;Pouligny-Saint-Martin;248;4;252
36165;Pouligny-Saint-Pierre;1018;39;1057
36166;Préaux;166;1;167
36167;Preuilly-la-Ville;165;7;172
36168;Prissac;694;20;714
36169;Pruniers;519;8;527
36170;Reboursin;113;3;116
36171;Reuilly;1991;25;2016
36172;Rivarennes;561;32;593
36173;Rosnay;618;21;639
36174;Roussines;386;22;408
36175;Rouvres-les-Bois;337;12;349
36176;Ruffec;635;44;679
36177;Sacierges-Saint-Martin;329;7;336
36178;Saint-Aigny;292;1;293
36179;Saint-Aoustrille;160;3;163
36180;Saint-Août;843;16;859
36181;Saint-Aubin;165;14;179
36182;Saint-Benoît-du-Sault;710;22;732
36184;Saint-Chartier;600;8;608
36185;Saint-Christophe-en-Bazelle;378;10;388
36186;Saint-Christophe-en-Boucherie;252;5;257
36187;Saint-Civran;177;7;184
36188;Saint-Cyran-du-Jambot;224;205;429
36189;Saint-Denis-de-Jouhet;957;9;966
36191;Saint-Florentin;478;7;485
36192;Saint-Gaultier;1932;110;2042
36194;Saint-Genou;1001;13;1014
36195;Saint-Georges-sur-Arnon;513;13;526
36196;Saint-Gilles;92;3;95
36197;Saint-Hilaire-sur-Benaize;351;7;358
36198;Saint-Lactencin;392;12;404
36200;Saint-Marcel;1638;80;1718
36201;Saint-Martin-de-Lamps;145;3;148
36202;Saint-Maur;3398;94;3492
36203;Saint-Médard;43;1;44
36204;Saint-Michel-en-Brenne;321;3;324
36205;Saint-Pierre-de-Jards;126;3;129
36206;Saint-Pierre-de-Lamps;43;1;44
36207;Saint-Plantaire;552;5;557
36209;Saint-Valentin;270;3;273
36183;Sainte-Cécile;107;1;108
36190;Sainte-Fauste;270;6;276
36193;Sainte-Gemme;265;8;273
36199;Sainte-Lizaigne;1220;36;1256
36208;Sainte-Sévère-sur-Indre;865;18;883
36210;Sarzay;318;7;325
36211;Sassierges-Saint-Germain;457;8;465
36212;Saulnay;182;9;191
36213;Sauzelles;250;10;260
36214;Sazeray;326;13;339
36215;Ségry;504;12;516
36216;Selles-sur-Nahon;56;0;56
36217;Sembleçay;116;2;118
36218;Sougé;163;4;167
36219;Tendu;550;10;560
36220;Thenay;885;14;899
36221;Thevet-Saint-Julien;482;3;485
36222;Thizay;254;3;257
36223;Tilly;169;6;175
36224;Tournon-Saint-Martin;1230;20;1250
36225;Le Tranger;181;10;191
36226;Tranzault;322;8;330
36227;Urciers;268;1;269
36228;Valençay;2665;120;2785
36229;Varennes-sur-Fouzon;699;10;709
36230;Vatan;2022;36;2058
36231;Velles;852;26;878
36232;Vendoeuvres;1105;20;1125
36233;La Vernelle;786;11;797
36234;Verneuil-sur-Igneraie;346;4;350
36235;Veuil;367;6;373
36236;Vicq-Exemplet;334;10;344
36237;Vicq-sur-Nahon;754;8;762
36238;Vigoulant;132;0;132
36239;Vigoux;464;6;470
36240;Vijon;312;9;321
36241;Villedieu-sur-Indre;2716;45;2761
36242;Villegongis;141;2;143
36243;Villegouin;402;6;408
36244;Villentrois;623;15;638
36245;Villers-les-Ormes;397;12;409
36246;Villiers;194;5;199
36247;Vineuil;1152;27;1179
36248;Vouillon;262;10;272
37001;Abilly;1088;22;1110
37002;Ambillou;1606;27;1633
37003;Amboise;12589;340;12929
37004;Anché;412;7;419
37005;Antogny-le-Tillac;530;4;534
37006;Artannes-sur-Indre;2523;43;2566
37007;Assay;178;3;181
37008;Athée-sur-Cher;2352;44;2396
37009;Autrèche;378;6;384
37010;Auzouer-en-Touraine;1904;101;2005
37011;Avoine;1854;54;1908
37012;Avon-les-Roches;523;8;531
37013;Avrillé-les-Ponceaux;447;5;452
37014;Azay-le-Rideau;3408;101;3509
37015;Azay-sur-Cher;2915;70;2985
37016;Azay-sur-Indre;379;10;389
37018;Ballan-Miré;7604;197;7801
37019;Barrou;487;16;503
37020;Beaulieu-lès-Loches;1686;38;1724
37022;Beaumont-en-Véron;2843;158;3001
37021;Beaumont-la-Ronce;1132;13;1145
37023;Beaumont-Village;251;4;255
37024;Benais;873;32;905
37025;Berthenay;703;10;713
37026;Betz-le-Château;573;14;587
37027;Bléré;5045;89;5134
37028;Bossay-sur-Claise;823;25;848
37029;Bossée;345;1;346
37030;Le Boulay;598;8;606
37031;Bourgueil;3909;131;4040
37032;Bournan;242;6;248
37033;Boussay;249;12;261
37034;Braslou;343;6;349
37035;Braye-sous-Faye;328;6;334
37036;Braye-sur-Maulne;221;4;225
37037;Brèches;282;6;288
37038;Bréhémont;809;11;820
37039;Bridoré;500;9;509
37040;Brizay;306;2;308
37041;Bueil-en-Touraine;377;9;386
37042;Candes-Saint-Martin;222;2;224
37043;Cangey;1038;14;1052
37044;La Celle-Guenand;378;5;383
37045;La Celle-Saint-Avant;1037;28;1065
37046;Céré-la-Ronde;420;11;431
37047;Cerelles;1217;25;1242
37048;Chambon;297;10;307
37049;Chambourg-sur-Indre;1283;38;1321
37050;Chambray-lès-Tours;10719;261;10980
37051;Champigny-sur-Veude;864;27;891
37053;Chanceaux-près-Loches;150;1;151
37054;Chanceaux-sur-Choisille;3573;51;3624
37055;Channay-sur-Lathan;789;7;796
37052;Chançay;999;13;1012
37056;La Chapelle-aux-Naux;526;10;536
37057;La Chapelle-Blanche-Saint-Martin;609;18;627
37058;La Chapelle-sur-Loire;1544;34;1578
37059;Charentilly;1050;22;1072
37060;Chargé;1053;12;1065
37061;Charnizay;484;20;504
37062;Château-la-Vallière;1585;28;1613
37063;Château-Renault;5209;98;5307
37064;Chaumussay;254;5;259
37065;Chaveignes;542;13;555
37066;Chédigny;529;25;554
37067;Cheillé;1527;24;1551
37068;Chemillé-sur-Dême;659;18;677
37069;Chemillé-sur-Indrois;215;15;230
37070;Chenonceaux;351;6;357
37071;Chezelles;142;1;143
37072;Chinon;8202;461;8663
37073;Chisseaux;621;8;629
37074;Chouzé-sur-Loire;2079;35;2114
37075;Cigogné;320;8;328
37076;Cinais;433;9;442
37077;Cinq-Mars-la-Pile;3175;37;3212
37078;Ciran;429;8;437
37079;Civray-de-Touraine;1724;23;1747
37080;Civray-sur-Esves;194;2;196
37081;Cléré-les-Pins;1201;21;1222
37082;Continvoir;457;1;458
37083;Cormery;1643;24;1667
37084;Couesmes;548;6;554
37086;Courcelles-de-Touraine;420;5;425
37087;Courcoué;250;3;253
37085;Courçay;771;15;786
37088;Couziers;105;3;108
37089;Cravant-les-Côteaux;725;20;745
37090;Crissay-sur-Manse;116;5;121
37091;La Croix-en-Touraine;2168;78;2246
37092;Crotelles;619;6;625
37093;Crouzilles;552;6;558
37094;Cussay;570;15;585
37095;Dame-Marie-les-Bois;336;9;345
37115;Descartes;3841;66;3907
37096;Dierre;563;11;574
37097;Dolus-le-Sec;637;13;650
37098;Draché;679;10;689
37099;Druye;864;26;890
37100;Épeigné-les-Bois;417;6;423
37101;Épeigné-sur-Dême;159;0;159
37102;Les Essards;155;0;155
37103;Esves-le-Moutier;143;2;145
37104;Esvres;4401;109;4510
37105;Faye-la-Vineuse;313;3;316
37106;La Ferrière;282;0;282
37107;Ferrière-Larçon;284;9;293
37108;Ferrière-sur-Beaulieu;643;12;655
37109;Fondettes;9989;410;10399
37110;Francueil;1264;22;1286
37111;Genillé;1506;60;1566
37112;Gizeux;448;42;490
37113;Le Grand-Pressigny;1046;27;1073
37114;La Guerche;213;5;218
37116;Les Hermites;548;11;559
37117;Hommes;789;9;798
37118;Huismes;1505;37;1542
37119;L' Île-Bouchard;1740;39;1779
37120;Ingrandes-de-Touraine;504;12;516
37121;Jaulnay;252;7;259
37122;Joué-lès-Tours;35836;603;36439
37123;Langeais;3977;54;4031
37124;Larçay;2285;41;2326
37125;Lémeré;401;12;413
37126;Lerné;339;18;357
37127;Le Liège;335;1;336
37128;Lignières-de-Touraine;1012;20;1032
37129;Ligré;1027;32;1059
37130;Ligueil;2175;30;2205
37131;Limeray;1083;18;1101
37133;Loché-sur-Indrois;514;41;555
37132;Loches;6486;590;7076
37134;Louans;604;8;612
37135;Louestault;366;6;372
37136;Le Louroux;471;10;481
37137;Lublé;134;1;135
37138;Lussault-sur-Loire;708;12;720
37139;Luynes;5025;115;5140
37140;Luzé;272;4;276
37141;Luzillé;893;20;913
37142;Maillé;614;8;622
37143;Manthelan;1317;30;1347
37145;Marcé-sur-Esves;239;5;244
37146;Marcilly-sur-Maulne;246;4;250
37147;Marcilly-sur-Vienne;550;11;561
37148;Marigny-Marmande;617;4;621
37149;Marray;399;15;414
37144;Marçay;467;22;489
37150;Mazières-de-Touraine;1118;13;1131
37151;La Membrolle-sur-Choisille;3042;60;3102
37152;Mettray;1951;103;2054
37153;Monnaie;3835;59;3894
37154;Montbazon;3936;81;4017
37155;Monthodon;630;7;637
37156;Montlouis-sur-Loire;10381;291;10672
37157;Montrésor;363;16;379
37158;Montreuil-en-Touraine;692;8;700
37159;Monts;6973;117;7090
37160;Morand;287;6;293
37161;Mosnes;751;7;758
37162;Mouzay;480;18;498
37163;Nazelles-Négron;3587;58;3645
37165;Neuil;426;13;439
37166;Neuillé-le-Lierre;711;14;725
37167;Neuillé-Pont-Pierre;1957;32;1989
37168;Neuilly-le-Brignon;314;13;327
37169;Neuville-sur-Brenne;694;15;709
37170;Neuvy-le-Roi;1184;53;1237
37171;Noizay;1116;23;1139
37172;Notre-Dame-d'Oé;3511;64;3575
37173;Nouans-les-Fontaines;789;27;816
37174;Nouâtre;803;7;810
37175;Nouzilly;1211;78;1289
37176;Noyant-de-Touraine;858;15;873
37177;Orbigny;750;19;769
37178;Panzoult;571;27;598
37179;Parçay-Meslay;2340;42;2382
37180;Parçay-sur-Vienne;629;12;641
37181;Paulmy;258;4;262
37182;Pernay;1016;21;1037
37183;Perrusson;1512;43;1555
37184;Le Petit-Pressigny;320;12;332
37185;Pocé-sur-Cisse;1559;94;1653
37186;Pont-de-Ruan;797;14;811
37187;Ports;355;5;360
37188;Pouzay;792;7;799
37189;Preuilly-sur-Claise;1103;16;1119
37190;Pussigny;195;3;198
37191;Razines;243;1;244
37192;Reignac-sur-Indre;1186;22;1208
37193;Restigné;1173;40;1213
37194;Reugny;1564;37;1601
37195;La Riche;9990;162;10152
37196;Richelieu;1971;43;2014
37197;Rigny-Ussé;511;6;517
37198;Rillé;287;9;296
37199;Rilly-sur-Vienne;454;4;458
37200;Rivarennes;880;5;885
37201;Rivière;658;25;683
37202;La Roche-Clermault;507;12;519
37203;Rochecorbon;3244;63;3307
37204;Rouziers-de-Touraine;1216;19;1235
37205;Saché;1207;18;1225
37206;Saint-Antoine-du-Rocher;1341;31;1372
37207;Saint-Aubin-le-Dépeint;344;6;350
37208;Saint-Avertin;14006;449;14455
37209;Saint-Bauld;194;3;197
37210;Saint-Benoît-la-Forêt;824;10;834
37211;Saint-Branchs;2340;49;2389
37213;Saint-Christophe-sur-le-Nais;1124;19;1143
37214;Saint-Cyr-sur-Loire;15975;447;16422
37216;Saint-Épain;1529;32;1561
37217;Saint-Étienne-de-Chigny;1364;25;1389
37218;Saint-Flovier;602;24;626
37219;Saint-Genouph;1015;21;1036
37220;Saint-Germain-sur-Vienne;352;7;359
37221;Saint-Hippolyte;553;42;595
37222;Saint-Jean-Saint-Germain;676;27;703
37223;Saint-Laurent-de-Lin;260;5;265
37224;Saint-Laurent-en-Gâtines;892;13;905
37225;Saint-Martin-le-Beau;2641;54;2695
37227;Saint-Michel-sur-Loire;580;9;589
37228;Saint-Nicolas-de-Bourgueil;1232;34;1266
37229;Saint-Nicolas-des-Motets;253;1;254
37230;Saint-Ouen-les-Vignes;1032;21;1053
37231;Saint-Paterne-Racan;1655;28;1683
37232;Saint-Patrice;681;15;696
37233;Saint-Pierre-des-Corps;15665;393;16058
37234;Saint-Quentin-sur-Indrois;425;9;434
37236;Saint-Règle;381;8;389
37237;Saint-Roch;1172;26;1198
37238;Saint-Senoch;446;14;460
37212;Sainte-Catherine-de-Fierbois;653;4;657
37226;Sainte-Maure-de-Touraine;4007;53;4060
37240;Saunay;636;12;648
37241;Savigné-sur-Lathan;1322;8;1330
37242;Savigny-en-Véron;1431;40;1471
37243;Savonnières;2970;62;3032
37244;Sazilly;253;1;254
37245;Semblançay;2000;38;2038
37246;Sennevières;226;4;230
37247;Sepmes;661;86;747
37248;Seuilly;375;46;421
37249;Sonzay;1252;34;1286
37250;Sorigny;2105;79;2184
37251;Souvigné;717;8;725
37252;Souvigny-de-Touraine;368;8;376
37253;Sublaines;173;2;175
37254;Tauxigny;1220;31;1251
37255;Tavant;244;5;249
37256;Theneuil;252;9;261
37257;Thilouze;1438;13;1451
37258;Thizay;265;4;269
37260;La Tour-Saint-Gelin;549;4;553
37259;Tournon-Saint-Pierre;510;17;527
37261;Tours;136578;3380;139958
37262;Trogues;325;6;331
37263;Truyes;2047;39;2086
37264;Vallères;1016;22;1038
37265;Varennes;225;6;231
37266;Veigné;5938;138;6076
37267;Véretz;3942;163;4105
37268;Verneuil-le-Château;128;2;130
37269;Verneuil-sur-Indre;504;37;541
37270;Vernou-sur-Brenne;2732;49;2781
37271;Villaines-les-Rochers;922;13;935
37272;Villandry;1097;11;1108
37273;La Ville-aux-Dames;4700;164;4864
37274;Villebourg;278;5;283
37275;Villedômain;114;3;117
37276;Villedômer;1278;70;1348
37277;Villeloin-Coulangé;638;23;661
37278;Villeperdue;940;9;949
37279;Villiers-au-Bouin;762;10;772
37280;Vou;196;10;206
37281;Vouvray;3079;82;3161
37282;Yzeures-sur-Creuse;1463;38;1501
38001;Les Abrets;3050;67;3117
38002;Les Adrets;743;16;759
38003;Agnin;903;28;931
38004;L' Albenc;1068;23;1091
38005;Allemond;867;35;902
38006;Allevard;3824;81;3905
38008;Ambel;26;0;26
38009;Anjou;950;19;969
38010;Annoisin-Chatelans;618;14;632
38011;Anthon;943;14;957
38012;Aoste;2152;35;2187
38013;Apprieu;2987;56;3043
38014;Arandon;542;3;545
38015;Artas;1573;20;1593
38016;Arzay;210;4;214
38017;Assieu;1257;28;1285
38018;Auberives-en-Royans;348;13;361
38019;Auberives-sur-Varèze;1418;14;1432
38020;Auris;205;4;209
38021;Autrans;1672;76;1748
38022;Les Avenières;4980;115;5095
38023;Avignonet;222;1;223
38024;Badinières;556;18;574
38025;Balbins;394;9;403
38026;La Balme-les-Grottes;887;20;907
38027;Barraux;1801;39;1840
38028;La Bâtie-Divisin;852;17;869
38029;La Bâtie-Montgascon;1679;40;1719
38030;Beaucroissant;1390;22;1412
38031;Beaufin;24;0;24
38032;Beaufort;531;10;541
38033;Beaulieu;603;14;617
38034;Beaurepaire;4360;115;4475
38035;Beauvoir-de-Marc;1016;19;1035
38036;Beauvoir-en-Royans;70;1;71
38037;Bellegarde-Poussieu;912;21;933
38038;Belmont;416;9;425
38039;Bernin;3007;83;3090
38040;Besse;142;0;142
38041;Bessins;126;2;128
38042;Bévenais;827;22;849
38043;Bilieu;1152;28;1180
38044;Biol;1311;38;1349
38045;Biviers;2344;111;2455
38046;Bizonnes;702;14;716
38047;Blandin;147;3;150
38048;Bonnefamille;1035;23;1058
38049;Bossieu;276;10;286
38050;Le Bouchage;561;16;577
38051;Bougé-Chambalud;1171;25;1196
38052;Le Bourg-d'Oisans;3352;105;3457
38053;Bourgoin-Jallieu;23759;732;24491
38054;Bouvesse-Quirieu;1306;16;1322
38055;Brangues;566;13;579
38056;Bressieux;86;25;111
38057;Bresson;696;13;709
38058;Brézins;1567;31;1598
38059;Brié-et-Angonnes;2288;35;2323
38060;Brion;128;1;129
38061;La Buisse;2637;68;2705
38062;La Buissière;661;11;672
38063;Burcin;437;9;446
38064;Cessieu;2558;66;2624
38065;Châbons;1732;51;1783
38066;Châlons;153;0;153
38067;Chamagnieu;1469;36;1505
38070;Le Champ-près-Froges;1207;12;1219
38071;Champ-sur-Drac;3146;48;3194
38068;Champagnier;1142;29;1171
38069;Champier;1120;15;1135
38567;Chamrousse;473;8;481
38072;Chanas;2302;53;2355
38073;Chantelouve;75;1;76
38074;Chantesse;293;5;298
38075;Chapareillan;2522;57;2579
38076;La Chapelle-de-la-Tour;1598;41;1639
38077;La Chapelle-de-Surieu;632;13;645
38078;La Chapelle-du-Bard;471;15;486
38080;Charancieu;688;9;697
38081;Charantonnay;1866;37;1903
38082;Charavines;1701;29;1730
38083;Charette;384;4;388
38084;Charnècles;1448;38;1486
38085;Charvieu-Chavagneux;7733;93;7826
38087;Chasse-sur-Rhône;5003;51;5054
38086;Chasselay;421;11;432
38089;Chassignieu;201;6;207
38090;Château-Bernard;279;5;284
38091;Châteauvilain;603;7;610
38092;Châtelus;85;1;86
38093;Châtenay;404;7;411
38094;Châtonnay;1749;26;1775
38095;Chatte;2489;125;2614
38097;Chavanoz;4127;71;4198
38098;Chélieu;642;16;658
38099;Chevrières;653;15;668
38100;Le Cheylas;2655;30;2685
38101;Cheyssieu;967;17;984
38102;Chèzeneuve;476;7;483
38103;Chichilianne;271;3;274
38104;Chimilin;1306;28;1334
38105;Chirens;1966;57;2023
38106;Cholonge;305;1;306
38107;Chonas-l'Amballan;1508;37;1545
38108;Choranche;134;1;135
38109;Chozeau;996;25;1021
38110;Chuzelles;2060;40;2100
38111;Claix;7585;159;7744
38112;Clavans-en-Haut-Oisans;113;0;113
38113;Clelles;489;12;501
38114;Clonas-sur-Varèze;1445;37;1482
38116;Cognet;48;0;48
38117;Cognin-les-Gorges;631;11;642
38118;Colombe;1446;45;1491
38120;La Combe-de-Lancey;665;14;679
38121;Commelle;700;15;715
38124;Corbelin;2039;58;2097
38125;Cordéac;208;6;214
38126;Corenc;3773;150;3923
38127;Cornillon-en-Trièves;166;8;174
38128;Corps;456;21;477
38129;Corrençon-en-Vercors;364;17;381
38130;La Côte-Saint-André;4689;353;5042
38131;Les Côtes-d'Arey;1754;41;1795
38132;Les Côtes-de-Corps;59;1;60
38133;Coublevie;4166;260;4426
38134;Cour-et-Buis;836;8;844
38135;Courtenay;1084;19;1103
38136;Crachier;458;16;474
38137;Cras;420;8;428
38138;Crémieu;3320;70;3390
38139;Creys-Mépieu;1323;31;1354
38140;Crolles;8429;231;8660
38141;Culin;626;14;640
38144;Diémoz;2567;28;2595
38145;Dionay;129;1;130
38146;Dizimieu;613;28;641
38147;Doissin;788;12;800
38148;Dolomieu;2787;80;2867
38149;Domarin;1412;51;1463
38150;Domène;6562;70;6632
38151;Échirolles;35383;370;35753
38152;Eclose;709;14;723
38153;Engins;481;8;489
38154;Entraigues;249;6;255
38155;Entre-deux-Guiers;1668;32;1700
38156;Les Éparres;933;29;962
38157;Estrablin;3311;99;3410
38158;Eybens;9262;170;9432
38159;Eydoche;432;6;438
38160;Eyzin-Pinet;2097;120;2217
38161;Faramans;868;19;887
38162;Faverges-de-la-Tour;1287;31;1318
38163;La Ferrière;225;6;231
38165;Fitilieu;1550;45;1595
38166;La Flachère;424;9;433
38167;Flachères;450;7;457
38169;Fontaine;22394;171;22565
38170;Fontanil-Cornillon;2696;62;2758
38171;La Forteresse;291;5;296
38172;Four;980;24;1004
38173;Le Freney-d'Oisans;277;3;280
38174;La Frette;1023;22;1045
38175;Froges;3486;38;3524
38176;Frontonas;1829;60;1889
38177;La Garde;100;3;103
38179;Gières;6161;89;6250
38180;Gillonnay;934;32;966
38181;Goncelin;2150;43;2193
38182;Le Grand-Lemps;2892;52;2944
38183;Granieu;398;9;407
38184;Grenay;1419;16;1435
38185;Grenoble;156793;2617;159410
38186;Gresse-en-Vercors;370;11;381
38187;Le Gua;1855;24;1879
38188;Herbeys;1287;27;1314
38189;Heyrieux;4646;57;4703
38190;Hières-sur-Amby;1136;17;1153
38191;Huez;1312;34;1346
38192;Hurtières;173;1;174
38193;L' Isle-d'Abeau;15501;340;15841
38194;Izeaux;2119;33;2152
38195;Izeron;727;21;748
38197;Janneyrias;1407;14;1421
38198;Jarcieu;951;21;972
38199;Jardin;2162;94;2256
38200;Jarrie;3847;67;3914
38203;Laffrey;357;6;363
38204;Lalley;194;3;197
38205;Lans-en-Vercors;2384;129;2513
38206;Laval;934;22;956
38207;Lavaldens;152;4;156
38208;Lavars;129;4;133
38209;Lentiol;202;4;206
38210;Leyrieu;706;9;715
38211;Lieudieu;266;6;272
38212;Livet-et-Gavet;1346;10;1356
38213;Longechenal;483;12;495
38214;Lumbin;1897;47;1944
38215;Luzinay;2194;53;2247
38216;Malleval-en-Vercors;56;5;61
38217;Marcieu;68;0;68
38218;Marcilloles;911;12;923
38219;Marcollin;605;13;618
38221;Marnans;136;3;139
38222;Massieu;750;18;768
38223;Maubec;1556;42;1598
38224;Mayres-Savel;98;0;98
38225;Méaudre;1240;123;1363
38226;Mens;1409;45;1454
38228;Merlas;470;11;481
38229;Meylan;17200;566;17766
38230;Meyrié;935;34;969
38231;Meyrieu-les-Étangs;778;59;837
38232;Meyssiès;612;11;623
38235;Miribel-Lanchâtre;339;6;345
38236;Miribel-les-Échelles;1738;50;1788
38237;Mizoën;176;1;177
38238;Moidieu-Détourbe;1713;46;1759
38239;Moirans;7804;125;7929
38240;Moissieu-sur-Dolon;679;11;690
38241;Monestier-d'Ambel;22;0;22
38242;Monestier-de-Clermont;1130;9;1139
38243;Le Monestier-du-Percy;216;2;218
38244;Monsteroux-Milieu;709;12;721
38253;Mont-de-Lans;1066;21;1087
38258;Mont-Saint-Martin;96;2;98
38245;Montagne;259;15;274
38246;Montagnieu;819;24;843
38247;Montalieu-Vercieu;2717;160;2877
38248;Montaud;538;11;549
38249;Montbonnot-Saint-Martin;4478;540;5018
38250;Montcarra;446;7;453
38252;Montchaboud;354;12;366
38254;Monteynard;459;12;471
38255;Montfalcon;126;3;129
38256;Montferrat;1472;30;1502
38257;Montrevel;452;7;459
38259;Montseveroux;855;17;872
38260;Moras;463;5;468
38261;Morestel;3978;82;4060
38262;Morêtel-de-Mailles;353;5;358
38263;Morette;399;6;405
38264;La Morte;140;3;143
38265;La Motte-d'Aveillans;1808;32;1840
38266;La Motte-Saint-Martin;404;11;415
38267;Mottier;633;7;640
38268;Le Moutaret;206;9;215
38269;La Mure;5076;239;5315
38270;La Murette;1748;47;1795
38271;Murianette;746;12;758
38272;Murinais;380;7;387
38273;Nantes-en-Ratier;461;24;485
38274;Nantoin;414;11;425
38276;Nivolas-Vermelle;2243;43;2286
38277;Notre-Dame-de-Commiers;463;7;470
38278;Notre-Dame-de-l'Osier;504;10;514
38279;Notre-Dame-de-Mésage;1215;19;1234
38280;Notre-Dame-de-Vaulx;572;19;591
38281;Noyarey;2064;102;2166
38282;Optevoz;664;19;683
38283;Oris-en-Rattier;93;1;94
38284;Ornacieux;365;10;375
38285;Ornon;138;13;151
38286;Oulles;12;0;12
38287;Oyeu;887;13;900
38288;Oytier-Saint-Oblas;1514;17;1531
38289;Oz;206;10;216
38290;Pact;776;19;795
38291;Pajay;949;30;979
38292;Paladru;1001;17;1018
38293;Panissage;423;5;428
38294;Panossas;563;11;574
38295;Parmilieu;609;8;617
38296;Le Passage;750;20;770
38297;Passins;954;16;970
38298;Le Péage-de-Roussillon;6569;88;6657
38299;Pellafol;135;8;143
38300;Penol;307;11;318
38301;Percy;117;7;124
38302;Le Périer;139;2;141
38303;La Pierre;452;4;456
38304;Pierre-Châtel;1234;37;1271
38305;Le Pin;1220;33;1253
38306;Pinsot;191;5;196
38307;Pisieu;522;7;529
38308;Plan;226;3;229
38309;Poisat;2079;33;2112
38310;Poliénas;1076;21;1097
38311;Pommier-de-Beaurepaire;672;21;693
38312;Pommiers-la-Placette;608;23;631
38313;Ponsonnas;268;11;279
38315;Le Pont-de-Beauvoisin;3128;139;3267
38316;Pont-de-Chéruy;4842;54;4896
38317;Le Pont-de-Claix;11585;98;11683
38319;Pont-en-Royans;879;32;911
38318;Pont-Évêque;5108;82;5190
38314;Pontcharra;7230;155;7385
38320;Porcieu-Amblagnieu;1482;29;1511
38321;Prébois;156;7;163
38322;Presles;102;2;104
38323;Pressins;1040;26;1066
38324;Primarette;697;15;712
38325;Proveysieux;515;10;525
38326;Prunières;372;14;386
38328;Quaix-en-Chartreuse;886;18;904
38329;Quet-en-Beaumont;65;0;65
38330;Quincieu;70;2;72
38331;Réaumont;886;24;910
38332;Renage;3641;53;3694
38333;Rencurel;310;8;318
38334;Revel;1289;20;1309
38335;Revel-Tourdan;963;30;993
38336;Reventin-Vaugris;1679;53;1732
38337;Rives;5794;94;5888
38338;La Rivière;551;10;561
38339;Roche;1812;44;1856
38340;Les Roches-de-Condrieu;1924;46;1970
38341;Rochetoirin;985;33;1018
38342;Roissard;227;2;229
38343;Romagnieu;1379;38;1417
38344;Roussillon;7933;242;8175
38345;Rovon;584;12;596
38346;Royas;358;8;366
38347;Roybon;1284;47;1331
38348;Ruy;4030;138;4168
38349;Sablons;1828;32;1860
38351;Saint-Agnin-sur-Bion;775;17;792
38352;Saint-Alban-de-Roche;1856;52;1908
38353;Saint-Alban-du-Rhône;880;32;912
38354;Saint-Albin-de-Vaulserre;354;7;361
38355;Saint-Andéol;114;6;120
38356;Saint-André-en-Royans;323;7;330
38357;Saint-André-le-Gaz;2327;169;2496
38359;Saint-Antoine-l'Abbaye;965;42;1007
38360;Saint-Appolinard;389;1;390
38361;Saint-Arey;78;3;81
38362;Saint-Aupre;1050;32;1082
38363;Saint-Barthélemy;932;79;1011
38364;Saint-Barthélemy-de-Séchilienne;454;3;457
38365;Saint-Baudille-de-la-Tour;717;15;732
38366;Saint-Baudille-et-Pipet;250;9;259
38367;Saint-Bernard;588;23;611
38368;Saint-Blaise-du-Buis;987;40;1027
38370;Saint-Bonnet-de-Chavagne;600;6;606
38372;Saint-Bueil;697;19;716
38373;Saint-Cassien;1056;31;1087
38374;Saint-Chef;3295;103;3398
38375;Saint-Christophe-en-Oisans;134;8;142
38376;Saint-Christophe-sur-Guiers;773;9;782
38377;Saint-Clair-de-la-Tour;3125;46;3171
38378;Saint-Clair-du-Rhône;3868;65;3933
38379;Saint-Clair-sur-Galaure;254;4;258
38380;Saint-Didier-de-Bizonnes;241;4;245
38381;Saint-Didier-de-la-Tour;1712;32;1744
38382;Saint-Égrève;15432;270;15702
38383;Saint-Étienne-de-Crossey;2528;130;2658
38384;Saint-Étienne-de-Saint-Geoirs;2575;48;2623
38386;Saint-Geoire-en-Valdaine;2309;65;2374
38387;Saint-Geoirs;476;3;479
38389;Saint-Georges-d'Espéranche;3015;52;3067
38388;Saint-Georges-de-Commiers;2013;40;2053
38390;Saint-Gervais;532;6;538
38391;Saint-Guillaume;254;5;259
38395;Saint-Hilaire;1624;49;1673
38392;Saint-Hilaire-de-Brens;505;14;519
38393;Saint-Hilaire-de-la-Côte;1347;43;1390
38394;Saint-Hilaire-du-Rosier;1857;50;1907
38396;Saint-Honoré;809;23;832
38397;Saint-Ismier;6220;347;6567
38398;Saint-Jean-d'Avelanne;786;17;803
38403;Saint-Jean-d'Hérans;302;7;309
38399;Saint-Jean-de-Bournay;4234;96;4330
38400;Saint-Jean-de-Moirans;2954;40;2994
38401;Saint-Jean-de-Soudain;1349;31;1380
38402;Saint-Jean-de-Vaulx;509;8;517
38404;Saint-Jean-le-Vieux;218;5;223
38405;Saint-Joseph-de-Rivière;1097;27;1124
38406;Saint-Julien-de-l'Herms;146;2;148
38407;Saint-Julien-de-Raz;432;10;442
38408;Saint-Just-Chaleyssin;2426;34;2460
38409;Saint-Just-de-Claix;1175;11;1186
38410;Saint-Lattier;1214;30;1244
38412;Saint-Laurent-du-Pont;4519;58;4577
38413;Saint-Laurent-en-Beaumont;394;4;398
38415;Saint-Marcel-Bel-Accueil;1277;45;1322
38416;Saint-Marcellin;7794;216;8010
38421;Saint-Martin-d'Hères;35502;315;35817
38422;Saint-Martin-d'Uriage;5234;166;5400
38419;Saint-Martin-de-Clelles;150;9;159
38115;Saint-Martin-de-la-Cluze;607;13;620
38420;Saint-Martin-de-Vaulserre;227;12;239
38423;Saint-Martin-le-Vinoux;5348;80;5428
38424;Saint-Maurice-en-Trièves;191;4;195
38425;Saint-Maurice-l'Exil;5523;140;5663
38426;Saint-Maximin;610;16;626
38427;Saint-Michel-de-Saint-Geoirs;310;15;325
38428;Saint-Michel-en-Beaumont;35;1;36
38429;Saint-Michel-les-Portes;185;6;191
38430;Saint-Mury-Monteymond;343;5;348
38431;Saint-Nazaire-les-Eymes;2786;66;2852
38432;Saint-Nicolas-de-Macherin;892;31;923
38433;Saint-Nizier-du-Moucherotte;987;37;1024
38434;Saint-Ondras;567;6;573
38435;Saint-Pancrasse;442;16;458
38437;Saint-Paul-d'Izeaux;320;5;325
38436;Saint-Paul-de-Varces;2008;37;2045
38438;Saint-Paul-lès-Monestier;277;5;282
38439;Saint-Pierre-d'Allevard;2716;48;2764
38446;Saint-Pierre-d'Entremont;565;12;577
38440;Saint-Pierre-de-Bressieux;681;21;702
38442;Saint-Pierre-de-Chartreuse;901;21;922
38443;Saint-Pierre-de-Chérennes;454;11;465
38444;Saint-Pierre-de-Méaroz;132;3;135
38445;Saint-Pierre-de-Mésage;708;12;720
38448;Saint-Prim;1057;20;1077
38449;Saint-Quentin-Fallavier;6130;65;6195
38450;Saint-Quentin-sur-Isère;1288;24;1312
38451;Saint-Romain-de-Jalionas;3030;48;3078
38452;Saint-Romain-de-Surieu;296;3;299
38453;Saint-Romans;1686;29;1715
38454;Saint-Sauveur;1889;34;1923
38455;Saint-Savin;3424;71;3495
38456;Saint-Sébastien;224;5;229
38457;Saint-Siméon-de-Bressieux;2739;112;2851
38458;Saint-Sorlin-de-Morestel;541;22;563
38459;Saint-Sorlin-de-Vienne;799;17;816
38460;Saint-Sulpice-des-Rivoires;398;11;409
38462;Saint-Théoffrey;419;9;428
38463;Saint-Vérand;1771;44;1815
38464;Saint-Victor-de-Cessieu;2069;37;2106
38465;Saint-Victor-de-Morestel;1098;30;1128
38466;Saint-Vincent-de-Mercuze;1386;38;1424
38350;Sainte-Agnès;521;10;531
38358;Sainte-Anne-sur-Gervonde;565;6;571
38369;Sainte-Blandine;910;29;939
38414;Sainte-Luce;34;0;34
38417;Sainte-Marie-d'Alloix;568;19;587
38418;Sainte-Marie-du-Mont;221;1;222
38467;Salagnon;1149;16;1165
38468;Salaise-sur-Sanne;4096;88;4184
38469;La Salette-Fallavaux;68;5;73
38470;La Salle-en-Beaumont;276;10;286
38471;Le Sappey-en-Chartreuse;1026;35;1061
38472;Sarcenas;187;7;194
38473;Sardieu;862;7;869
38474;Sassenage;10631;288;10919
38475;Satolas-et-Bonce;1975;32;2007
38476;Savas-Mépin;793;7;800
38478;Séchilienne;870;7;877
38479;Semons;360;6;366
38480;Septème;1756;33;1789
38481;Sérézin-de-la-Tour;800;20;820
38483;Sermérieu;1441;30;1471
38484;Serpaize;1419;42;1461
38275;Serre-Nerpol;290;32;322
38485;Seyssinet-Pariset;12582;212;12794
38486;Seyssins;6908;148;7056
38487;Seyssuel;1959;57;2016
38488;Siccieu-Saint-Julien-et-Carisieu;560;14;574
38489;Siévoz;130;4;134
38490;Sillans;1767;33;1800
38492;Sinard;641;18;659
38494;Soleymieu;672;17;689
38495;La Sône;624;12;636
38496;Sonnay;1246;26;1272
38497;Sousville;132;3;135
38498;Succieu;679;10;689
38499;Susville;1427;22;1449
38500;Têche;524;20;544
38501;Tencin;1171;6;1177
38503;La Terrasse;2244;105;2349
38504;Theys;1905;88;1993
38505;Thodure;659;34;693
38507;Tignieu-Jameyzieu;5435;89;5524
38508;Torchefelon;566;13;579
38509;La Tour-du-Pin;7541;248;7789
38511;Le Touvet;2987;57;3044
38512;Tramolé;521;14;535
38513;Treffort;223;8;231
38514;Tréminis;164;5;169
38515;Trept;1717;24;1741
38516;La Tronche;6079;177;6256
38517;Tullins;7612;148;7760
38518;Valbonnais;494;12;506
38519;Valencin;2405;30;2435
38520;Valencogne;574;10;584
38521;La Valette;72;0;72
38522;Valjouffrey;137;3;140
38523;Varacieux;764;22;786
38524;Varces-Allières-et-Risset;6609;120;6729
38525;Vasselin;383;13;396
38526;Vatilieu;373;9;382
38527;Vaujany;311;6;317
38528;Vaulnaveys-le-Bas;1096;23;1119
38529;Vaulnaveys-le-Haut;3367;75;3442
38530;Vaulx-Milieu;2125;66;2191
38531;Velanne;470;25;495
38532;Vénérieu;533;9;542
38533;Venon;697;11;708
38534;Vénosc;849;18;867
38535;Vernas;222;3;225
38536;Vernioz;1097;29;1126
38537;La Verpillière;6018;116;6134
38538;Le Versoud;4365;47;4412
38539;Vertrieu;634;10;644
38540;Veurey-Voroize;1372;17;1389
38541;Veyrins-Thuellin;1760;40;1800
38542;Veyssilieu;298;14;312
38543;Vézeronce-Curtin;1651;33;1684
38544;Vienne;29844;565;30409
38545;Vif;8050;181;8231
38546;Vignieu;845;66;911
38547;Villard-Bonnot;7304;76;7380
38548;Villard-de-Lans;4023;205;4228
38549;Villard-Notre-Dame;31;0;31
38550;Villard-Reculas;63;0;63
38551;Villard-Reymond;47;1;48
38552;Villard-Saint-Christophe;339;8;347
38556;Ville-sous-Anjou;1106;31;1137
38553;Villefontaine;18721;325;19046
38554;Villemoirieu;1759;83;1842
38555;Villeneuve-de-Marc;1176;17;1193
38557;Villette-d'Anthon;4143;68;4211
38558;Villette-de-Vienne;1464;26;1490
38559;Vinay;3888;92;3980
38560;Virieu;971;27;998
38561;Viriville;1289;19;1308
38562;Vizille;7714;173;7887
38563;Voiron;20689;656;21345
38564;Voissant;213;3;216
38565;Voreppe;9655;297;9952
38566;Vourey;1675;38;1713
39001;Abergement-la-Ronce;743;14;757
39002;Abergement-le-Grand;60;5;65
39003;Abergement-le-Petit;40;1;41
39004;Abergement-lès-Thésy;60;3;63
39006;Aiglepierre;405;18;423
39007;Alièze;152;1;153
39008;Amange;343;64;407
39009;Andelot-en-Montagne;544;5;549
39010;Andelot-Morval;90;4;94
39011;Annoire;404;13;417
39013;Arbois;3487;166;3653
39014;Archelange;227;15;242
39015;Ardon;118;4;122
39586;Aresches;44;3;47
39016;Arinthod;1170;42;1212
39017;Arlay;699;30;729
39018;Aromas;526;20;546
39020;Arsure-Arsurette;89;3;92
39019;Les Arsures;230;7;237
39021;Arthenas;149;4;153
39022;Asnans-Beauvoisin;673;19;692
39023;L' Aubépin;135;1;136
39024;Audelange;225;6;231
39025;Augea;280;4;284
39026;Augerans;149;6;155
39027;Augisey;184;11;195
39028;Aumont;405;9;414
39029;Aumur;360;10;370
39030;Authume;788;23;811
39031;Auxange;171;8;179
39032;Avignon-lès-Saint-Claude;347;7;354
39034;Balaiseaux;248;4;252
39035;Balanod;320;9;329
39036;La Balme-d'Épy;47;3;50
39037;Bans;190;5;195
39038;Barésia-sur-l'Ain;140;2;142
39039;La Barre;233;3;236
39040;Barretaine;198;9;207
39041;Baume-les-Messieurs;196;11;207
39042;Baverans;391;9;400
39043;Beaufort;997;32;1029
39045;Beffia;88;2;90
39046;Bellecombe;92;2;94
39047;Bellefontaine;540;16;556
39048;Belmont;239;12;251
39049;Bersaillin;360;2;362
39050;Besain;169;8;177
39051;Biarne;364;10;374
39052;Bief-des-Maisons;65;2;67
39053;Bief-du-Fourg;154;7;161
39054;Biefmorin;76;4;80
39055;Billecul;30;1;31
39056;Bletterans;1392;44;1436
39057;Blois-sur-Seille;100;4;104
39058;Blye;145;5;150
39059;Bois-d'Amont;1637;48;1685
39060;Bois-de-Gand;64;2;66
39061;Boissia;136;6;142
39062;La Boissière;64;0;64
39063;Bonlieu;241;8;249
39064;Bonnaud;38;0;38
39065;Bonnefontaine;93;5;98
39066;Bornay;178;8;186
39068;Les Bouchoux;321;13;334
39069;Bourcia;120;4;124
39070;Bourg-de-Sirod;98;1;99
39072;Bracon;290;8;298
39073;Brainans;172;2;174
39074;Brans;214;7;221
39075;Bréry;236;12;248
39076;La Bretenière;189;8;197
39077;Bretenières;36;0;36
39078;Brevans;626;21;647
39079;Briod;203;8;211
39080;Broissia;48;2;50
39081;Buvilly;357;7;364
39083;Censeau;301;7;308
39084;Cernans;135;9;144
39085;Cerniébaud;64;4;68
39086;Cernon;251;9;260
39088;Cesancey;396;13;409
39089;Cézia;68;2;70
39090;Chaînée-des-Coupis;165;2;167
39091;Les Chalesmes;85;7;92
39092;Chambéria;162;7;169
39093;Chamblay;409;13;422
39094;Chamole;159;10;169
39095;Champagne-sur-Loue;129;4;133
39096;Champagney;325;5;330
39097;Champagnole;8133;452;8585
39099;Champdivers;438;10;448
39100;Champrougier;98;4;102
39101;Champvans;1402;38;1440
39102;Chancia;224;11;235
39103;La Chapelle-sur-Furieuse;316;8;324
39104;Chapelle-Voland;607;15;622
39105;Chapois;203;8;211
39106;Charchilla;221;8;229
39107;Charcier;117;2;119
39108;Charency;52;3;55
39109;Charézier;153;5;158
39110;La Charme;41;2;43
39111;Charnod;47;2;49
39112;La Chassagne;118;4;122
39113;Chassal;496;12;508
39114;Château-Chalon;167;7;174
39115;Château-des-Prés;176;5;181
39118;Châtel-de-Joux;53;6;59
39116;La Châtelaine;134;8;142
39117;Chatelay;91;2;93
39119;Le Chateley;83;0;83
39120;Châtelneuf;141;0;141
39121;Châtenois;343;12;355
39122;Châtillon;122;2;124
39123;Chatonnay;60;1;61
39124;Chaumergy;457;5;462
39126;La Chaumusse;337;24;361
39127;Chaussenans;110;2;112
39128;Chaussin;1601;50;1651
39133;Chaux-Champagny;66;6;72
39129;Chaux-des-Crotenay;406;11;417
39130;Chaux-des-Prés;185;10;195
39131;La Chaux-du-Dombief;531;40;571
39132;La Chaux-en-Bresse;34;0;34
39134;Chavéria;206;2;208
39135;Chazelles;110;0;110
39136;Chemenot;39;0;39
39137;Chemilla;94;10;104
39138;Chemin;362;9;371
39139;Chêne-Bernard;72;3;75
39140;Chêne-Sec;39;0;39
39141;Chevigny;272;12;284
39142;Chevreaux;147;6;153
39143;Chevrotaine;33;0;33
39145;Chille;331;14;345
39146;Chilly-le-Vignoble;495;6;501
39147;Chilly-sur-Salins;108;3;111
39148;Chisséria;86;2;88
39149;Chissey-sur-Loue;355;7;362
39150;Choisey;1019;21;1040
39151;Choux;143;2;145
39153;Cize;821;24;845
39154;Clairvaux-les-Lacs;1518;47;1565
39155;Clucy;72;1;73
39156;Cogna;247;4;251
39157;Coiserette;44;0;44
39158;Coisia;135;5;140
39159;Colonne;256;7;263
39160;Commenailles;746;16;762
39161;Communailles-en-Montagne;50;3;53
39162;Condamine;224;4;228
39163;Condes;118;1;119
39164;Conliège;713;17;730
39165;Conte;62;0;62
39166;Cornod;223;6;229
39167;Cosges;296;8;304
39168;Courbette;42;0;42
39169;Courbouzon;594;23;617
39170;Courlans;956;16;972
39171;Courlaoux;927;25;952
39172;Courtefontaine;208;30;238
39173;Cousance;1221;25;1246
39174;Coyrière;59;3;62
39175;Coyron;71;1;72
39176;Cramans;473;18;491
39178;Crans;69;1;70
39177;Crançot;481;25;506
39179;Crenans;246;10;256
39180;Cressia;271;113;384
39182;Crissey;648;18;666
39183;Crotenay;635;85;720
39184;Les Crozets;214;9;223
39185;Cuisia;400;11;411
39186;Cuttura;373;25;398
39187;Cuvier;215;9;224
39188;Dammartin-Marpain;246;4;250
39189;Damparis;2849;57;2906
39190;Dampierre;1184;28;1212
39191;Darbonnay;83;2;85
39192;Denezières;78;9;87
39193;Le Deschaux;873;12;885
39194;Desnes;471;8;479
39195;Dessia;80;1;81
39196;Les Deux-Fays;120;2;122
39197;Digna;350;14;364
39198;Dole;25051;1116;26167
39199;Domblans;911;17;928
39200;Dompierre-sur-Mont;228;8;236
39201;Doucier;285;38;323
39202;Dournon;118;3;121
39203;Doye;79;3;82
39204;Dramelay;31;4;35
39205;Éclans-Nenon;404;6;410
39206;Écleux;183;3;186
39207;Écrille;69;2;71
39208;Entre-deux-Monts;151;5;156
39210;Équevillon;587;23;610
39211;Les Essards-Taignevaux;237;4;241
39213;Esserval-Combe;14;0;14
39214;Esserval-Tartre;79;1;80
39215;Essia;60;2;62
39216;Étival;307;5;312
39217;L' Étoile;553;35;588
39218;Étrepigney;387;5;392
39219;Évans;596;6;602
39220;Falletans;383;11;394
39221;La Favière;32;0;32
39222;Fay-en-Montagne;74;10;84
39223;La Ferté;187;5;192
39224;Fétigny;92;6;98
39225;Le Fied;206;8;214
39226;Florentia;33;2;35
39227;Foncine-le-Bas;221;5;226
39228;Foncine-le-Haut;1024;29;1053
39229;Fontainebrux;189;7;196
39230;Fontenu;48;1;49
39232;Fort-du-Plasne;424;12;436
39233;Foucherans;1665;59;1724
39234;Foulenay;80;4;84
39235;Fraisans;1220;27;1247
39236;Francheville;38;0;38
39237;Fraroz;50;2;52
39238;Frasne-les-Meulières;118;5;123
39239;La Frasnée;40;2;42
39240;Le Frasnois;153;4;157
39241;Frébuans;337;11;348
39243;Froideville;71;0;71
39244;Frontenay;159;1;160
39245;Gatey;305;2;307
39246;Gendrey;367;11;378
39247;Genod;66;2;68
39248;Geraise;40;1;41
39249;Germigney;83;1;84
39250;Geruge;161;11;172
39251;Gevingey;462;71;533
39252;Gevry;632;14;646
39253;Gigny;290;6;296
39254;Gillois;145;2;147
39255;Gizia;221;1;222
39258;Grande-Rivière;414;22;436
39259;Grange-de-Vaivre;55;1;56
39260;Granges-sur-Baume;133;1;134
39261;Graye-et-Charnay;135;2;137
39262;Gredisans;144;2;146
39263;Grozon;471;4;475
39264;Grusse;189;2;191
39265;Hautecour;165;9;174
39266;Les Hays;263;3;266
39267;Ivory;83;1;84
39268;Ivrey;55;1;56
39269;Jeurre;252;8;260
39270;Jouhe;492;61;553
39271;Lac-des-Rouges-Truites;349;19;368
39272;Ladoye-sur-Seille;61;2;63
39273;Lains;81;1;82
39274;Lajoux;253;10;263
39275;Lamoura;548;17;565
39277;Le Larderet;67;5;72
39278;Largillay-Marsonnay;178;2;180
39279;Larnaud;516;24;540
39280;Larrivoire;99;10;109
39281;Le Latet;75;0;75
39282;La Latette;65;2;67
39283;Lavancia-Epercy;649;25;674
39284;Lavangeot;120;5;125
39285;Lavans-lès-Dole;323;12;335
39286;Lavans-lès-Saint-Claude;1876;104;1980
39287;Lavans-sur-Valouse;138;4;142
39288;Lavigny;361;8;369
39289;Lect;381;10;391
39290;Légna;176;1;177
39291;Lemuy;245;8;253
39292;Lent;125;2;127
39293;Leschères;219;3;222
39294;Lézat;190;5;195
39295;Loisia;178;8;186
39296;Lombard;169;8;177
39297;Longchaumois;1135;48;1183
39298;Longcochon;37;5;42
39299;Longwy-sur-le-Doubs;557;7;564
39300;Lons-le-Saunier;18075;902;18977
39301;Loulle;171;5;176
39302;Louvatange;107;0;107
39303;Louvenne;140;3;143
39304;Le Louverot;270;24;294
39305;La Loye;534;14;548
39306;Macornay;1008;53;1061
39307;Maisod;311;9;320
39308;Malange;265;3;268
39309;Mallerey;64;1;65
39310;Mantry;454;18;472
39312;Marigna-sur-Valouse;107;3;110
39313;Marigny;180;9;189
39314;Marnézia;84;2;86
39315;Marnoz;380;11;391
39317;La Marre;328;4;332
39318;Martigna;205;6;211
39319;Mathenay;113;1;114
39320;Maynal;289;12;301
39321;Menétru-le-Vignoble;151;5;156
39322;Menétrux-en-Joux;46;0;46
39323;Menotey;274;16;290
39324;Mérona;11;0;11
39325;Mesnay;548;13;561
39326;Mesnois;193;7;200
39327;Messia-sur-Sorne;839;31;870
39328;Meussia;379;10;389
39329;Mièges;95;2;97
39330;Miéry;135;0;135
39331;Mignovillard;629;30;659
39332;Mirebel;230;4;234
39333;Moirans-en-Montagne;2291;132;2423
39334;Moiron;129;4;133
39335;Moissey;561;8;569
39336;Molain;122;2;124
39337;Molamboz;94;1;95
39338;Molay;485;10;495
39339;Molinges;679;27;706
39340;Molpré;29;1;30
39341;Les Molunes;133;7;140
39342;Monay;149;7;156
39344;Monnet-la-Ville;372;18;390
39343;Monnetay;13;2;15
39345;Monnières;457;16;473
39365;Mont-sous-Vaudrey;1255;30;1285
39366;Mont-sur-Monnet;194;5;199
39346;Montagna-le-Reconduit;107;6;113
39347;Montagna-le-Templier;87;7;94
39348;Montaigu;503;67;570
39349;Montain;495;23;518
39350;Montbarrey;342;17;359
39351;Montcusel;175;3;178
39352;Monteplain;162;6;168
39353;Montfleur;159;1;160
39354;Montholier;313;11;324
39355;Montigny-lès-Arsures;271;5;276
39356;Montigny-sur-l'Ain;193;8;201
39359;Montmarlon;29;1;30
39360;Montmirey-la-Ville;185;4;189
39361;Montmirey-le-Château;203;5;208
39362;Montmorot;3112;246;3358
39363;Montrevel;90;0;90
39364;Montrond;441;14;455
39367;Morbier;2248;130;2378
39368;Morez;5354;216;5570
39370;Mouchard;1188;161;1349
39371;La Mouille;289;12;301
39372;Mournans-Charbonny;85;5;90
39373;Les Moussières;189;1;190
39375;Moutonne;110;0;110
39376;Moutoux;58;1;59
39377;Mutigney;146;4;150
39378;Nanc-lès-Saint-Amour;279;17;296
39379;Nance;467;8;475
39380;Nancuise;46;3;49
39381;Les Nans;89;3;92
39382;Nantey;73;1;74
39385;Neublans-Abergement;450;13;463
39386;Neuvilley;62;1;63
39387;Nevy-lès-Dole;241;4;245
39388;Nevy-sur-Seille;238;9;247
39389;Ney;587;23;610
39390;Nogna;227;5;232
39391;Nozeroy;399;12;411
39392;Offlanges;194;6;200
39393;Onglières;74;2;76
39394;Onoz;82;0;82
39395;Orbagna;170;2;172
39396;Orchamps;1031;24;1055
39397;Orgelet;1740;47;1787
39398;Ougney;298;8;306
39399;Ounans;334;8;342
39400;Our;160;5;165
39401;Oussières;221;1;222
39402;Pagney;331;4;335
39403;Pagnoz;239;7;246
39404;Pannessières;443;21;464
39405;Parcey;939;29;968
39406;Le Pasquier;249;5;254
39407;Passenans;305;6;311
39408;Patornay;140;4;144
39409;Peintre;137;12;149
39411;Perrigny;1543;68;1611
39412;Peseux;276;6;282
39413;La Pesse;334;13;347
39414;Le Petit-Mercey;105;3;108
39415;Petit-Noir;1159;24;1183
39417;Les Piards;179;5;184
39418;Picarreau;85;1;86
39419;Pillemoine;62;2;64
39420;Pimorin;182;3;185
39421;Le Pin;259;16;275
39422;Plainoiseau;530;22;552
39423;Plaisia;112;10;122
39424;Les Planches-en-Montagne;150;3;153
39425;Les Planches-près-Arbois;93;9;102
39426;Plasne;254;22;276
39427;Plénise;53;5;58
39428;Plénisette;37;0;37
39429;Pleure;410;13;423
39430;Plumont;93;0;93
39431;Poids-de-Fiole;295;11;306
39432;Pointre;97;3;100
39434;Poligny;4279;337;4616
39436;Pont-d'Héry;258;12;270
39435;Pont-de-Poitte;643;19;662
39437;Pont-du-Navoy;244;6;250
39438;Ponthoux;87;2;89
39439;Port-Lesney;517;64;581
39440;Pratz;571;27;598
39441;Prémanon;968;21;989
39442;Prénovel;308;13;321
39443;Présilly;101;2;103
39444;Pretin;60;2;62
39445;Publy;286;9;295
39446;Pupillin;256;16;272
39447;Quintigny;226;5;231
39448;Rahon;528;18;546
39449;Rainans;195;6;201
39451;Ranchot;480;8;488
39452;Rans;454;5;459
39453;Ravilloles;476;13;489
39454;Recanoz;63;0;63
39455;Reithouse;52;3;55
39456;Relans;313;6;319
39457;Les Repôts;31;0;31
39458;Revigny;263;33;296
39461;Rix;67;5;72
39460;La Rixouse;207;9;216
39462;Rochefort-sur-Nenon;580;26;606
39463;Rogna;207;10;217
39464;Romain;196;9;205
39465;Romange;203;5;208
39466;Rosay;131;3;134
39467;Rotalier;170;4;174
39468;Rothonay;117;5;122
39469;Rouffange;93;0;93
39470;Les Rousses;3017;97;3114
39471;Ruffey-sur-Seille;766;14;780
39472;Rye;171;1;172
39473;Saffloz;93;4;97
39475;Saint-Amour;2247;85;2332
39476;Saint-Aubin;1714;68;1782
39477;Saint-Baraing;202;4;206
39478;Saint-Claude;11635;469;12104
39479;Saint-Cyr-Montmalin;174;6;180
39480;Saint-Didier;306;9;315
39481;Saint-Germain-en-Montagne;401;10;411
39482;Saint-Germain-lès-Arlay;528;12;540
39483;Saint-Hymetière;74;5;79
39484;Saint-Jean-d'Étreux;140;3;143
39485;Saint-Julien;444;4;448
39486;Saint-Lamain;121;5;126
39487;Saint-Laurent-en-Grandvaux;1736;101;1837
39488;Saint-Laurent-la-Roche;344;14;358
39489;Saint-Lothain;421;19;440
39490;Saint-Loup;258;6;264
39491;Saint-Lupicin;2230;100;2330
39492;Saint-Maur;195;6;201
39493;Saint-Maurice-Crillat;208;8;216
39494;Saint-Pierre;319;15;334
39495;Saint-Thiébaud;64;2;66
39474;Sainte-Agnès;298;6;304
39497;Saizenay;110;1;111
39498;Salans;569;16;585
39499;Saligney;164;5;169
39500;Salins-les-Bains;3045;202;3247
39501;Sampans;800;21;821
39502;Santans;318;4;322
39503;Sapois;324;13;337
39504;Sarrogna;211;8;219
39505;Saugeot;59;1;60
39506;Savigna;104;1;105
39507;Séligney;87;4;91
39508;Sellières;822;19;841
39509;Senaud;49;0;49
39510;Septmoncel;661;26;687
39511;Sergenaux;54;0;54
39512;Sergenon;37;3;40
39513;Sermange;264;4;268
39514;Serre-les-Moulières;186;5;191
39517;Sirod;553;15;568
39518;Songeson;71;3;74
39519;Soucia;126;2;128
39520;Souvans;486;11;497
39522;Supt;96;0;96
39523;Syam;209;5;214
39525;Tassenières;360;12;372
39526;Tavaux;4056;135;4191
39527;Taxenne;95;1;96
39528;Thervay;374;9;383
39529;Thésy;66;3;69
39530;Thoirette;628;11;639
39531;Thoiria;159;3;162
39532;Thoissia;31;3;34
39533;Toulouse-le-Château;209;3;212
39534;La Tour-du-Meix;216;6;222
39535;Tourmont;490;18;508
39537;Trenal;356;20;376
39538;Uxelles;55;2;57
39539;Vadans;272;17;289
39209;Val-d'Épy;134;4;138
39540;Valempoulières;203;3;206
39542;Valfin-sur-Valouse;88;3;91
39543;Vannoz;205;7;212
39544;Varessia;35;0;35
39545;Le Vaudioux;162;4;166
39546;Vaudrey;367;11;378
39547;Vaux-lès-Saint-Claude;705;32;737
39548;Vaux-sur-Poligny;98;91;189
39549;Vercia;293;3;296
39550;Verges;172;4;176
39551;Véria;136;5;141
39552;Vernantois;306;8;314
39553;Le Vernois;270;12;282
39554;Vers-en-Montagne;198;3;201
39555;Vers-sous-Sellières;208;3;211
39556;Vertamboz;89;0;89
39557;Vescles;217;5;222
39558;Vevy;250;10;260
39559;La Vieille-Loye;371;9;380
39560;Villard-Saint-Sauveur;647;43;690
39562;Villard-sur-Bienne;192;4;196
39561;Villards-d'Héria;458;19;477
39564;Villechantria;127;3;130
39565;Villeneuve-d'Aval;80;2;82
39566;Villeneuve-lès-Charnod;87;4;91
39567;Villeneuve-sous-Pymont;257;15;272
39569;Villers-Farlay;491;15;506
39570;Villers-les-Bois;194;5;199
39571;Villers-Robert;195;7;202
39568;Villerserine;35;0;35
39572;Villette-lès-Arbois;387;11;398
39573;Villette-lès-Dole;717;21;738
39574;Villevieux;718;15;733
39575;Le Villey;74;0;74
39576;Vincelles;341;10;351
39577;Vincent;314;13;327
39579;Viry;894;30;924
39581;Vitreux;279;4;283
39582;Voiteur;777;28;805
39583;Vosbles;115;5;120
39584;Vriange;136;10;146
39585;Vulvoz;17;0;17
40001;Aire-sur-l'Adour;6070;563;6633
40002;Amou;1583;46;1629
40003;Angoumé;235;9;244
40004;Angresse;1383;33;1416
40005;Arboucave;192;4;196
40006;Arengosse;712;23;735
40007;Argelos;167;1;168
40008;Argelouse;85;1;86
40009;Arjuzanx;204;1;205
40011;Arsague;302;10;312
40012;Artassenx;240;10;250
40013;Arthez-d'Armagnac;135;5;140
40014;Arue;299;16;315
40015;Arx;65;2;67
40016;Aubagnan;235;9;244
40017;Audignon;337;7;344
40018;Audon;340;3;343
40019;Aureilhan;858;31;889
40020;Aurice;649;32;681
40021;Azur;523;3;526
40022;Bahus-Soubiran;352;12;364
40023;Baigts;345;10;355
40024;Banos;239;2;241
40026;Bas-Mauco;302;12;314
40025;Bascons;940;27;967
40027;Bassercles;108;2;110
40028;Bastennes;254;4;258
40029;Bats;264;8;272
40030;Baudignan;46;3;49
40031;Bégaar;1033;28;1061
40032;Belhade;160;1;161
40033;Bélis;139;5;144
40034;Bélus;592;8;600
40035;Bénesse-lès-Dax;502;16;518
40036;Bénesse-Maremne;2078;55;2133
40037;Benquet;1427;51;1478
40038;Bergouey;117;3;120
40039;Betbezer-d'Armagnac;138;0;138
40040;Beylongue;331;7;338
40041;Beyries;94;3;97
40042;Biarrotte;243;9;252
40043;Bias;696;16;712
40044;Biaudos;712;19;731
40046;Biscarrosse;12209;278;12487
40047;Bonnegarde;265;10;275
40048;Boos;254;2;256
40049;Bordères-et-Lamensans;342;13;355
40050;Bostens;170;10;180
40051;Bougue;566;28;594
40052;Bourdalat;215;8;223
40053;Bourriot-Bergonce;312;9;321
40054;Brassempouy;292;13;305
40055;Bretagne-de-Marsan;1223;32;1255
40056;Brocas;787;22;809
40057;Buanes;268;3;271
40058;Cachen;216;7;223
40059;Cagnotte;653;17;670
40060;Callen;142;3;145
40061;Campagne;910;35;945
40062;Campet-et-Lamolère;332;11;343
40063;Candresse;807;28;835
40064;Canenx-et-Réaut;162;0;162
40065;Capbreton;7652;289;7941
40066;Carcarès-Sainte-Croix;473;21;494
40067;Carcen-Ponson;591;21;612
40068;Cassen;457;15;472
40069;Castaignos-Souslens;353;2;355
40070;Castandet;408;12;420
40074;Castel-Sarrazin;461;15;476
40071;Castelnau-Chalosse;515;19;534
40072;Castelnau-Tursan;183;2;185
40073;Castelner;134;4;138
40075;Castets;1896;44;1940
40076;Cauna;404;8;412
40077;Cauneille;777;20;797
40078;Caupenne;398;6;404
40079;Cazalis;137;3;140
40080;Cazères-sur-l'Adour;1132;30;1162
40081;Cère;399;14;413
40082;Classun;226;6;232
40083;Clèdes;120;7;127
40084;Clermont;842;16;858
40085;Commensacq;380;6;386
40086;Coudures;428;2;430
40087;Créon-d'Armagnac;306;2;308
40088;Dax;20860;1014;21874
40089;Doazit;931;28;959
40090;Donzacq;438;8;446
40091;Duhort-Bachen;619;17;636
40092;Dumes;255;5;260
40093;Escalans;248;6;254
40094;Escource;595;21;616
40095;Estibeaux;568;5;573
40096;Estigarde;74;5;79
40097;Eugénie-les-Bains;484;18;502
40098;Eyres-Moncube;371;10;381
40099;Fargues;307;10;317
40100;Le Frêche;393;12;405
40101;Gaas;462;13;475
40102;Gabarret;1217;135;1352
40103;Gaillères;575;12;587
40104;Gamarde-les-Bains;993;25;1018
40105;Garein;424;7;431
40106;Garrey;181;8;189
40107;Garrosse;330;7;337
40108;Gastes;583;12;595
40109;Gaujacq;446;8;454
40110;Geaune;728;21;749
40111;Geloux;675;6;681
40112;Gibret;96;6;102
40113;Goos;513;23;536
40114;Gourbera;260;5;265
40115;Gousse;248;7;255
40116;Gouts;240;5;245
40117;Grenade-sur-l'Adour;2445;53;2498
40118;Habas;1490;20;1510
40119;Hagetmau;4549;113;4662
40120;Hastingues;535;22;557
40121;Hauriet;242;4;246
40122;Haut-Mauco;785;21;806
40123;Herm;977;31;1008
40124;Herré;137;1;138
40125;Heugas;1228;46;1274
40126;Hinx;1372;36;1408
40127;Hontanx;558;9;567
40128;Horsarrieu;628;23;651
40129;Josse;725;17;742
40130;Labastide-Chalosse;122;4;126
40131;Labastide-d'Armagnac;690;21;711
40132;Labatut;1268;28;1296
40133;Labenne;4431;108;4539
40134;Labouheyre;2534;73;2607
40135;Labrit;841;15;856
40136;Lacajunte;131;4;135
40137;Lacquy;220;9;229
40138;Lacrabe;236;6;242
40139;Laglorieuse;566;23;589
40140;Lagrange;205;5;210
40141;Lahosse;267;11;278
40142;Laluque;708;24;732
40143;Lamothe;292;10;302
40144;Larbey;242;7;249
40145;Larrivière-Saint-Savin;580;17;597
40146;Latrille;168;6;174
40147;Laurède;357;14;371
40148;Lauret;78;0;78
40149;Lencouacq;396;11;407
40150;Léon;1695;38;1733
40151;Lesgor;400;11;411
40152;Lesperon;968;35;1003
40153;Le Leuy;210;3;213
40154;Lévignacq;359;8;367
40155;Linxe;1159;37;1196
40156;Liposthey;396;8;404
40157;Lit-et-Mixe;1455;39;1494
40158;Losse;271;8;279
40159;Louer;238;5;243
40160;Lourquen;214;7;221
40161;Lubbon;104;1;105
40162;Lucbardez-et-Bargues;385;15;400
40163;Lüe;495;14;509
40165;Luglon;315;11;326
40166;Lussagnet;78;0;78
40167;Luxey;681;11;692
40168;Magescq;1653;35;1688
40169;Maillas;114;1;115
40170;Maillères;193;8;201
40171;Mano;99;4;103
40172;Mant;279;10;289
40173;Marpaps;135;2;137
40174;Mauries;85;4;89
40175;Maurrin;445;7;452
40176;Mauvezin-d'Armagnac;104;0;104
40177;Maylis;334;10;344
40178;Mazerolles;648;25;673
40179;Mées;1646;49;1695
40180;Meilhan;1049;31;1080
40181;Messanges;919;37;956
40182;Mézos;848;19;867
40183;Mimbaste;1013;22;1035
40184;Mimizan;6806;190;6996
40185;Miramont-Sensacq;363;12;375
40186;Misson;706;22;728
40187;Moliets-et-Maa;818;12;830
40188;Momuy;435;10;445
40189;Monget;75;1;76
40190;Monségur;360;10;370
40192;Mont-de-Marsan;30212;1908;32120
40191;Montaut;562;21;583
40193;Montégut;71;2;73
40194;Montfort-en-Chalosse;1152;30;1182
40195;Montgaillard;561;9;570
40196;Montsoué;565;12;577
40197;Morcenx;4586;321;4907
40198;Morganx;175;5;180
40199;Mouscardès;270;3;273
40200;Moustey;655;7;662
40201;Mugron;1390;104;1494
40202;Narrosse;2801;89;2890
40203;Nassiet;288;10;298
40204;Nerbis;240;6;246
40205;Nousse;264;4;268
40206;Oeyregave;331;6;337
40207;Oeyreluy;1530;216;1746
40208;Onard;325;5;330
40209;Ondres;4328;101;4429
40210;Onesse-et-Laharie;941;22;963
40211;Orist;645;14;659
40212;Orthevielle;841;18;859
40213;Orx;447;13;460
40214;Ossages;454;15;469
40215;Ousse-Suzan;239;10;249
40216;Ozourt;181;3;184
40217;Parentis-en-Born;4951;223;5174
40218;Parleboscq;512;12;524
40219;Payros-Cazautets;89;5;94
40220;Pécorade;155;9;164
40221;Perquie;370;7;377
40222;Pey;661;12;673
40223;Peyre;194;1;195
40224;Peyrehorade;3477;114;3591
40225;Philondenx;207;0;207
40226;Pimbo;185;5;190
40227;Pissos;1237;27;1264
40228;Pomarez;1482;45;1527
40229;Pontenx-les-Forges;1357;32;1389
40230;Pontonx-sur-l'Adour;2367;165;2532
40231;Port-de-Lanne;859;26;885
40232;Poudenx;202;6;208
40233;Pouillon;2782;69;2851
40234;Pouydesseaux;859;23;882
40235;Poyanne;563;15;578
40236;Poyartin;670;23;693
40237;Préchacq-les-Bains;583;9;592
40238;Pujo-le-Plan;574;9;583
40239;Puyol-Cazalet;106;2;108
40240;Renung;472;14;486
40164;Retjons;331;8;339
40242;Rimbez-et-Baudiets;93;1;94
40243;Rion-des-Landes;2316;52;2368
40244;Rivière-Saas-et-Gourby;1131;32;1163
40245;Roquefort;1912;30;1942
40246;Sabres;1193;109;1302
40247;Saint-Agnet;190;6;196
40248;Saint-André-de-Seignanx;1489;32;1521
40249;Saint-Aubin;484;20;504
40250;Saint-Avit;618;28;646
40251;Saint-Barthélemy;338;6;344
40253;Saint-Cricq-Chalosse;613;19;632
40254;Saint-Cricq-du-Gave;342;5;347
40255;Saint-Cricq-Villeneuve;429;11;440
40256;Saint-Étienne-d'Orthe;552;8;560
40259;Saint-Gein;440;7;447
40260;Saint-Geours-d'Auribat;308;6;314
40261;Saint-Geours-de-Maremne;1986;33;2019
40262;Saint-Gor;270;12;282
40263;Saint-Jean-de-Lier;334;24;358
40264;Saint-Jean-de-Marsacq;1243;24;1267
40265;Saint-Julien-d'Armagnac;116;3;119
40266;Saint-Julien-en-Born;1415;64;1479
40267;Saint-Justin;873;21;894
40268;Saint-Laurent-de-Gosse;504;13;517
40269;Saint-Lon-les-Mines;1125;36;1161
40270;Saint-Loubouer;441;8;449
40274;Saint-Martin-d'Oney;1144;19;1163
40272;Saint-Martin-de-Hinx;1129;24;1153
40273;Saint-Martin-de-Seignanx;4715;105;4820
40275;Saint-Maurice-sur-Adour;621;19;640
40276;Saint-Michel-Escalus;280;7;287
40277;Saint-Pandelon;741;65;806
40278;Saint-Paul-en-Born;750;19;769
40279;Saint-Paul-lès-Dax;12025;375;12400
40280;Saint-Perdon;1293;38;1331
40281;Saint-Pierre-du-Mont;8421;362;8783
40282;Saint-Sever;4685;146;4831
40283;Saint-Vincent-de-Paul;2896;325;3221
40284;Saint-Vincent-de-Tyrosse;6936;192;7128
40285;Saint-Yaguen;502;13;515
40252;Sainte-Colombe;608;21;629
40257;Sainte-Eulalie-en-Born;1017;22;1039
40258;Sainte-Foy;221;6;227
40271;Sainte-Marie-de-Gosse;1036;23;1059
40286;Samadet;1027;25;1052
40287;Sanguinet;3026;80;3106
40288;Sarbazan;1084;27;1111
40289;Sarraziet;195;6;201
40290;Sarron;99;0;99
40291;Saubion;1281;20;1301
40292;Saubrigues;1256;51;1307
40293;Saubusse;780;12;792
40294;Saugnac-et-Cambran;1526;60;1586
40295;Saugnacq-et-Muret;853;20;873
40296;Seignosse;2955;63;3018
40297;Le Sen;205;8;213
40298;Serres-Gaston;355;9;364
40299;Serreslous-et-Arribans;208;5;213
40300;Seyresse;769;35;804
40301;Siest;110;2;112
40302;Sindères;187;1;188
40303;Solférino;350;11;361
40304;Soorts-Hossegor;3629;91;3720
40305;Sorbets;187;8;195
40306;Sorde-l'Abbaye;641;23;664
40307;Sore;995;15;1010
40308;Sort-en-Chalosse;819;44;863
40309;Souprosse;1030;25;1055
40310;Soustons;6941;149;7090
40311;Taller;404;7;411
40312;Tarnos;11154;256;11410
40313;Tartas;2891;81;2972
40314;Tercis-les-Bains;1147;37;1184
40315;Téthieu;634;22;656
40316;Tilh;811;18;829
40317;Tosse;2142;46;2188
40318;Toulouzette;273;8;281
40319;Trensacq;276;7;283
40320;Uchacq-et-Parentis;574;19;593
40321;Urgons;259;9;268
40322;Uza;160;13;173
40323;Vert;238;12;250
40324;Vicq-d'Auribat;257;11;268
40326;Vielle-Saint-Girons;1118;33;1151
40327;Vielle-Soubiran;238;7;245
40325;Vielle-Tursan;303;9;312
40328;Vieux-Boucau-les-Bains;1591;58;1649
40329;Le Vignau;454;9;463
40330;Villenave;248;8;256
40331;Villeneuve-de-Marsan;2333;61;2394
40332;Ychoux;1690;53;1743
40333;Ygos-Saint-Saturnin;1123;30;1153
40334;Yzosse;402;10;412
41001;Ambloy;164;3;167
41002;Angé;780;17;797
41003;Areines;597;222;819
41004;Artins;285;10;295
41005;Arville;119;3;122
41006;Autainville;357;13;370
41007;Authon;634;21;655
41008;Avaray;722;11;733
41009;Averdon;705;14;719
41010;Azé;1104;19;1123
41011;Baigneaux;51;2;53
41012;Baillou;246;7;253
41013;Bauzy;263;3;266
41014;Beauchêne;161;2;163
41015;Beauvilliers;55;1;56
41016;Billy;792;26;818
41017;Binas;703;15;718
41018;Blois;47854;2203;50057
41019;Boisseau;94;3;97
41020;Bonneveau;505;17;522
41022;Bouffry;149;2;151
41023;Bourré;744;7;751
41024;Boursay;223;7;230
41025;Bracieux;1267;36;1303
41026;Brévainville;174;2;176
41027;Briou;111;3;114
41028;Busloup;448;7;455
41029;Candé-sur-Beuvron;1437;34;1471
41030;Cellé;256;10;266
41031;Cellettes;2238;66;2304
41032;Chailles;2427;44;2471
41033;Chambon-sur-Cisse;703;43;746
41034;Chambord;150;10;160
41035;Champigny-en-Beauce;642;20;662
41036;Chaon;436;17;453
41037;La Chapelle-Enchérie;154;6;160
41038;La Chapelle-Montmartin;393;9;402
41039;La Chapelle-Saint-Martin-en-Plaine;610;15;625
41040;La Chapelle-Vendômoise;747;22;769
41041;La Chapelle-Vicomtesse;183;6;189
41042;Châteauvieux;549;13;562
41043;Châtillon-sur-Cher;1600;44;1644
41044;Châtres-sur-Cher;1075;13;1088
41045;Chaumont-sur-Loire;1023;19;1042
41046;Chaumont-sur-Tharonne;1075;31;1106
41047;La Chaussée-Saint-Victor;4129;157;4286
41048;Chauvigny-du-Perche;227;7;234
41049;Chémery;908;66;974
41050;Cheverny;942;29;971
41051;Chissay-en-Touraine;1085;39;1124
41052;Chitenay;1024;28;1052
41053;Choue;527;10;537
41054;Choussy;312;5;317
41055;Chouzy-sur-Cisse;1818;72;1890
41056;La Colombe;176;7;183
41057;Conan;192;5;197
41058;Concriers;157;3;160
41059;Contres;3439;73;3512
41060;Cormenon;695;13;708
41061;Cormeray;1357;23;1380
41062;Couddes;517;5;522
41063;Couffy;559;23;582
41064;Coulanges;306;9;315
41065;Coulommiers-la-Tour;522;14;536
41067;Cour-Cheverny;2654;93;2747
41069;Cour-sur-Loire;283;12;295
41066;Courbouzon;470;8;478
41068;Courmemin;516;10;526
41070;Couture-sur-Loir;433;5;438
41071;Crouy-sur-Cosson;502;45;547
41072;Crucheray;387;14;401
41073;Danzé;725;20;745
41074;Dhuizon;1382;19;1401
41075;Droué;1115;21;1136
41077;Épiais;115;2;117
41078;Épuisay;681;15;696
41079;Les Essarts;101;3;104
41080;Faverolles-sur-Cher;1251;66;1317
41081;Faye;190;1;191
41082;Feings;643;14;657
41083;La Ferté-Beauharnais;518;6;524
41084;La Ferté-Imbault;974;19;993
41085;La Ferté-Saint-Cyr;966;31;997
41087;Fontaine-les-Coteaux;382;11;393
41088;Fontaine-Raoul;223;4;227
41086;Fontaines-en-Sologne;582;10;592
41089;La Fontenelle;182;7;189
41090;Fortan;252;7;259
41091;Fossé;986;20;1006
41092;Fougères-sur-Bièvre;763;48;811
41093;Françay;286;7;293
41094;Fresnes;981;25;1006
41095;Fréteval;1032;14;1046
41096;Le Gault-Perche;266;8;274
41097;Gièvres;2189;49;2238
41098;Gombergean;156;3;159
41099;Gy-en-Sologne;513;5;518
41100;Les Hayes;186;7;193
41101;Herbault;1228;89;1317
41102;Houssay;368;4;372
41103;Huisseau-en-Beauce;407;10;417
41104;Huisseau-sur-Cosson;2126;56;2182
41105;Josnes;949;14;963
41106;Lamotte-Beuvron;4581;95;4676
41107;Lancé;434;7;441
41108;Lancôme;142;0;142
41109;Landes-le-Gaulois;657;18;675
41110;Langon;832;14;846
41112;Lassay-sur-Croisne;229;9;238
41113;Lavardin;220;5;225
41114;Lestiou;254;7;261
41115;Lignières;398;9;407
41116;Lisle;217;5;222
41118;Loreux;247;9;256
41119;Lorges;339;7;346
41120;Lunay;1336;38;1374
41121;La Madeleine-Villefrouin;25;3;28
41122;Maray;235;5;240
41123;Marchenoir;687;6;693
41124;Marcilly-en-Beauce;361;6;367
41125;Marcilly-en-Gault;744;21;765
41126;Mareuil-sur-Cher;1068;50;1118
41127;La Marolle-en-Sologne;384;3;387
41128;Marolles;694;18;712
41129;Maslives;638;14;652
41130;Maves;590;9;599
41131;Mazangé;920;26;946
41132;Méhers;306;7;313
41133;Membrolles;237;8;245
41134;Menars;606;39;645
41135;Mennetou-sur-Cher;877;17;894
41136;Mer;5844;139;5983
41137;Mesland;540;14;554
41138;Meslay;300;16;316
41139;Meusnes;1009;19;1028
41140;Millançay;763;11;774
41141;Moisy;302;7;309
41142;Molineuf;800;34;834
41143;Mondoubleau;1498;37;1535
41150;Mont-près-Chambord;3242;111;3353
41144;Monteaux;747;24;771
41145;Monthou-sur-Bièvre;692;16;708
41146;Monthou-sur-Cher;941;16;957
41147;Les Montils;1644;46;1690
41148;Montlivault;1321;39;1360
41149;Montoire-sur-le-Loir;4094;204;4298
41151;Montrichard;3432;75;3507
41152;Montrieux-en-Sologne;610;6;616
41153;Montrouveau;127;1;128
41154;Morée;1073;24;1097
41155;Muides-sur-Loire;1317;31;1348
41156;Mulsans;428;10;438
41157;Mur-de-Sologne;1305;21;1326
41158;Naveil;2000;78;2078
41159;Neung-sur-Beuvron;1192;31;1223
41160;Neuvy;325;4;329
41161;Nouan-le-Fuzelier;2555;92;2647
41163;Nourray;111;10;121
41164;Noyers-sur-Cher;2839;128;2967
41165;Oigny;92;2;94
41166;Oisly;333;6;339
41167;Onzain;3411;161;3572
41169;Orchaise;886;29;915
41168;Orçay;236;2;238
41170;Ouchamps;811;24;835
41171;Oucques;1422;29;1451
41172;Ouzouer-le-Doyen;204;1;205
41173;Ouzouer-le-Marché;1793;61;1854
41174;Périgny;202;9;211
41175;Pezou;1100;23;1123
41176;Pierrefitte-sur-Sauldre;859;14;873
41177;Le Plessis-Dorin;188;3;191
41178;Le Plessis-l'Échelle;69;1;70
41179;Le Poislay;214;1;215
41180;Pontlevoy;1552;129;1681
41181;Pouillé;796;22;818
41182;Pray;281;4;285
41183;Prénouvellon;221;11;232
41184;Prunay-Cassereau;640;24;664
41185;Pruniers-en-Sologne;2291;58;2349
41186;Rahart;261;11;272
41187;Renay;172;6;178
41188;Rhodon;92;4;96
41189;Rilly-sur-Loire;441;8;449
41190;Rocé;183;6;189
41191;Roches;74;2;76
41192;Les Roches-l'Évêque;290;9;299
41193;Romilly;136;8;144
41194;Romorantin-Lanthenay;17559;647;18206
41195;Rougeou;122;1;123
41196;Ruan-sur-Egvonne;88;0;88
41197;Saint-Agil;288;9;297
41198;Saint-Aignan;3209;143;3352
41199;Saint-Amand-Longpré;1161;22;1183
41201;Saint-Arnoult;325;5;330
41202;Saint-Avit;111;4;115
41203;Saint-Bohaire;329;39;368
41204;Saint-Claude-de-Diray;1666;67;1733
41205;Saint-Cyr-du-Gault;182;4;186
41206;Saint-Denis-sur-Loire;859;30;889
41207;Saint-Dyé-sur-Loire;1093;25;1118
41208;Saint-Étienne-des-Guérets;99;3;102
41209;Saint-Firmin-des-Prés;788;72;860
41211;Saint-Georges-sur-Cher;2303;60;2363
41212;Saint-Gervais-la-Forêt;3433;144;3577
41213;Saint-Gourgon;122;0;122
41214;Saint-Hilaire-la-Gravelle;690;17;707
41215;Saint-Jacques-des-Guérets;85;4;89
41216;Saint-Jean-Froidmentel;502;10;512
41217;Saint-Julien-de-Chédon;715;11;726
41218;Saint-Julien-sur-Cher;746;17;763
41219;Saint-Laurent-des-Bois;253;9;262
41220;Saint-Laurent-Nouan;4153;106;4259
41221;Saint-Léonard-en-Beauce;609;18;627
41222;Saint-Loup;325;11;336
41223;Saint-Lubin-en-Vergonnois;692;23;715
41224;Saint-Marc-du-Cor;183;10;193
41225;Saint-Martin-des-Bois;596;21;617
41226;Saint-Ouen;3408;98;3506
41228;Saint-Rimay;293;10;303
41229;Saint-Romain-sur-Cher;1448;29;1477
41230;Saint-Sulpice-de-Pommeray;1802;64;1866
41231;Saint-Viâtre;1184;18;1202
41200;Sainte-Anne;365;7;372
41210;Sainte-Gemmes;99;4;103
41232;Salbris;5766;129;5895
41233;Sambin;879;26;905
41234;Santenay;265;4;269
41235;Sargé-sur-Braye;934;36;970
41236;Sasnières;99;1;100
41237;Sassay;865;17;882
41238;Savigny-sur-Braye;2196;34;2230
41239;Seigy;1107;20;1127
41240;Seillac;78;4;82
41241;Selles-Saint-Denis;1213;39;1252
41242;Selles-sur-Cher;4633;109;4742
41243;Selommes;858;19;877
41244;Semerville;99;0;99
41245;Séris;365;3;368
41246;Seur;457;14;471
41247;Soings-en-Sologne;1487;31;1518
41248;Souday;536;15;551
41249;Souesmes;1114;31;1145
41250;Sougé;475;3;478
41251;Souvigny-en-Sologne;476;12;488
41252;Suèvres;1447;44;1491
41253;Talcy;246;11;257
41254;Le Temple;178;3;181
41255;Ternay;298;7;305
41256;Theillay;1263;27;1290
41257;Thenay;849;11;860
41258;Thésée;1204;40;1244
41259;Thoré-la-Rochette;927;24;951
41260;Thoury;378;3;381
41262;Tour-en-Sologne;885;12;897
41261;Tourailles;136;5;141
41263;Tréhet;100;2;102
41264;Tripleville;137;3;140
41265;Troo;326;4;330
41266;Valaire;88;1;89
41267;Vallières-les-Grandes;794;13;807
41268;Veilleins;141;3;144
41269;Vendôme;16807;697;17504
41270;Verdes;488;10;498
41271;Vernou-en-Sologne;584;10;594
41272;Veuves;220;15;235
41273;Vievy-le-Rayé;488;12;500
41274;Villavard;147;4;151
41275;La Ville-aux-Clercs;1300;27;1327
41276;Villebarou;2570;51;2621
41277;Villebout;140;2;142
41278;Villechauve;288;6;294
41279;Villedieu-le-Château;409;7;416
41280;Villefranche-sur-Cher;2614;88;2702
41281;Villefrancoeur;472;14;486
41282;Villeherviers;485;15;500
41283;Villemardy;269;6;275
41284;Villeneuve-Frouville;72;1;73
41285;Villeny;369;2;371
41286;Villeporcher;147;1;148
41287;Villerable;495;18;513
41288;Villerbon;762;21;783
41289;Villermain;309;4;313
41290;Villeromain;206;3;209
41291;Villetrun;293;13;306
41292;Villexanton;208;6;214
41294;Villiers-sur-Loir;1226;50;1276
41293;Villiersfaux;252;9;261
41295;Vineuil;7013;202;7215
41296;Vouzon;1452;52;1504
41297;Yvoy-le-Marron;603;7;610
42001;Aboën;294;10;304
42002;Ailleux;150;5;155
42003;Ambierle;1840;54;1894
42004;Amions;286;13;299
42005;Andrézieux-Bouthéon;9549;224;9773
42006;Apinac;370;9;379
42007;Arcinges;181;1;182
42008;Arcon;103;2;105
42009;Arthun;486;14;500
42010;Aveizieux;1386;31;1417
42011;Balbigny;2634;39;2673
42012;Bard;631;23;654
42013;Bellegarde-en-Forez;1806;35;1841
42014;Belleroche;256;3;259
42015;Belmont-de-la-Loire;1518;37;1555
42016;La Bénisson-Dieu;444;11;455
42017;Le Bessat;436;13;449
42018;Bessey;384;9;393
42019;Boën;3117;62;3179
42020;Boisset-lès-Montrond;1024;12;1036
42021;Boisset-Saint-Priest;1027;17;1044
42022;Bonson;3695;55;3750
42023;Bourg-Argental;2949;71;3020
42025;Boyer;197;2;199
42026;Briennon;1710;40;1750
42027;Bully;382;7;389
42028;Burdignes;358;16;374
42029;Bussières;1467;15;1482
42030;Bussy-Albieux;464;18;482
42031;Caloire;327;9;336
42032;Cellieu;1520;53;1573
42033;Le Cergne;705;15;720
42034;Cervières;126;5;131
42035;Cezay;196;6;202
42036;Chagnon;511;2;513
42037;Chalain-d'Uzore;544;11;555
42038;Chalain-le-Comtal;609;15;624
42039;Chalmazel;453;11;464
42040;La Chamba;57;2;59
42041;Chambéon;452;13;465
42042;Chambles;914;19;933
42043;Chamboeuf;1539;44;1583
42044;Le Chambon-Feugerolles;12922;162;13084
42045;La Chambonie;60;0;60
42046;Champdieu;1627;46;1673
42047;Champoly;278;7;285
42048;Chandon;1452;41;1493
42049;Changy;616;15;631
42050;La Chapelle-en-Lafaye;110;0;110
42051;La Chapelle-Villars;533;7;540
42052;Charlieu;3624;157;3781
42053;Châteauneuf;1466;21;1487
42054;Châtelneuf;319;3;322
42055;Châtelus;120;1;121
42339;Chausseterre;253;3;256
42056;Chavanay;2734;56;2790
42058;Chazelles-sur-Lavieu;235;5;240
42059;Chazelles-sur-Lyon;5074;95;5169
42060;Chenereilles;444;6;450
42061;Cherier;469;7;476
42062;Chevrières;1013;18;1031
42063;Chirassimont;373;12;385
42064;Chuyer;720;28;748
42065;Civens;1369;42;1411
42066;Cleppé;552;24;576
42067;Colombier;300;5;305
42068;Combre;356;18;374
42069;Commelle-Vernay;2828;105;2933
42070;Cordelle;885;24;909
42072;La Côte-en-Couzan;69;5;74
42071;Le Coteau;7040;194;7234
42073;Cottance;625;12;637
42074;Coutouvre;1106;14;1120
42075;Craintilleux;1108;9;1117
42076;Cremeaux;939;12;951
42077;Croizet-sur-Gand;261;8;269
42078;Le Crozet;282;1;283
42079;Cuinzier;598;10;608
42081;Cuzieu;1490;21;1511
42082;Dancé;144;10;154
42083;Dargoire;417;9;426
42084;Débats-Rivière-d'Orpra;138;3;141
42085;Doizieux;789;13;802
42086;Écoche;520;4;524
42087;Écotay-l'Olme;1116;52;1168
42088;Épercieux-Saint-Paul;641;15;656
42089;Essertines-en-Châtelneuf;615;26;641
42090;Essertines-en-Donzy;480;10;490
42091;Estivareilles;644;14;658
42092;L' Étrat;2683;73;2756
42093;Farnay;1252;25;1277
42094;Feurs;7376;223;7599
42095;Firminy;17569;222;17791
42096;Fontanès;619;8;627
42097;La Fouillouse;4326;86;4412
42098;Fourneaux;634;16;650
42099;Fraisses;4074;62;4136
42225;Genilac;3620;139;3759
42100;La Gimond;241;3;244
42101;Graix;145;1;146
42102;Grammond;799;18;817
42103;La Grand-Croix;5027;83;5110
42104;La Gresle;818;26;844
42105;Grézieux-le-Fromental;109;5;114
42106;Grézolles;279;12;291
42107;Gumières;276;5;281
42108;L' Hôpital-le-Grand;900;18;918
42109;L' Hôpital-sous-Rochefort;103;4;107
42110;L' Horme;4745;68;4813
42112;Jarnosse;406;5;411
42113;Jas;187;5;192
42114;Jeansagnière;88;4;92
42115;Jonzieux;1245;14;1259
42116;Juré;248;6;254
42117;Lavieu;92;2;94
42118;Lay;694;25;719
42119;Leigneux;345;8;353
42120;Lentigny;1410;47;1457
42121;Lérigneux;146;1;147
42122;Lézigneux;1597;41;1638
42123;Lorette;4494;61;4555
42124;Lupé;305;16;321
42125;Luré;144;2;146
42126;Luriecq;952;9;961
42127;Mably;7496;194;7690
42128;Machézal;407;5;412
42129;Maclas;1584;27;1611
42130;Magneux-Haute-Rive;370;9;379
42131;Maizilly;319;6;325
42132;Malleval;535;18;553
42133;Marcenod;613;7;620
42134;Marcilly-le-Châtel;1202;29;1231
42135;Marclopt;483;5;488
42136;Marcoux;664;26;690
42137;Margerie-Chantagret;652;6;658
42138;Maringes;605;30;635
42139;Marlhes;1375;86;1461
42140;Marols;363;10;373
42141;Mars;553;19;572
42142;Merle-Leignec;298;7;305
42143;Mizérieux;303;13;316
42145;Montagny;1093;24;1117
42146;Montarcher;65;1;66
42147;Montbrison;15010;708;15718
42148;Montchal;452;11;463
42149;Montrond-les-Bains;4635;104;4739
42150;Montverdun;981;16;997
42151;Mornand-en-Forez;408;87;495
42152;Nandax;489;241;730
42153;Neaux;464;5;469
42154;Néronde;463;67;530
42155;Nervieux;892;17;909
42156;Neulise;1263;25;1288
42157;Noailly;737;16;753
42158;Les Noës;161;5;166
42159;Noirétable;1704;96;1800
42160;Nollieux;146;8;154
42161;Notre-Dame-de-Boisset;532;21;553
42162;Ouches;1144;32;1176
42163;La Pacaudière;1100;30;1130
42164;Palogneux;51;3;54
42165;Panissières;2853;95;2948
42166;Parigny;561;14;575
42167;Pavezin;267;4;271
42168;Pélussin;3434;79;3513
42169;Périgneux;1264;26;1290
42170;Perreux;2163;195;2358
42171;Pinay;275;8;283
42172;Planfoy;901;30;931
42173;Pommiers;385;6;391
42174;Poncins;836;29;865
42175;Pouilly-lès-Feurs;1074;31;1105
42176;Pouilly-les-Nonains;1743;69;1812
42177;Pouilly-sous-Charlieu;2646;72;2718
42178;Pradines;644;10;654
42179;Pralong;844;22;866
42180;Précieux;986;130;1116
42181;Régny;1501;25;1526
42182;Renaison;2832;112;2944
42183;La Ricamarie;7933;67;8000
42184;Riorges;10333;253;10586
42185;Rivas;494;4;498
42186;Rive-de-Gier;14519;157;14676
42187;Roanne;35750;1413;37163
42188;Roche;270;2;272
42189;Roche-la-Molière;10215;170;10385
42191;Roisey;850;8;858
42192;Rozier-Côtes-d'Aurec;412;7;419
42193;Rozier-en-Donzy;1354;29;1383
42194;Sail-les-Bains;221;2;223
42195;Sail-sous-Couzan;969;8;977
42198;Saint-Alban-les-Eaux;935;49;984
42199;Saint-André-d'Apchon;1855;55;1910
42200;Saint-André-le-Puy;1215;18;1233
42201;Saint-Appolinard;603;20;623
42202;Saint-Barthélemy-Lestra;682;19;701
42203;Saint-Bonnet-des-Quarts;333;6;339
42204;Saint-Bonnet-le-Château;1479;56;1535
42205;Saint-Bonnet-le-Courreau;735;18;753
42206;Saint-Bonnet-les-Oules;1483;49;1532
42207;Saint-Chamond;35414;657;36071
42208;Saint-Christo-en-Jarez;1738;29;1767
42211;Saint-Cyprien;2352;41;2393
42212;Saint-Cyr-de-Favières;805;32;837
42213;Saint-Cyr-de-Valorges;340;4;344
42214;Saint-Cyr-les-Vignes;931;38;969
42215;Saint-Denis-de-Cabanne;1292;30;1322
42216;Saint-Denis-sur-Coise;569;31;600
42217;Saint-Didier-sur-Rochefort;424;12;436
42218;Saint-Étienne;175318;3212;178530
42219;Saint-Étienne-le-Molard;885;34;919
42220;Saint-Forgeux-Lespinasse;486;14;500
42222;Saint-Galmier;5659;203;5862
42223;Saint-Genest-Lerpt;5547;151;5698
42224;Saint-Genest-Malifaux;2891;112;3003
42226;Saint-Georges-de-Baroille;302;7;309
42227;Saint-Georges-en-Couzan;424;14;438
42228;Saint-Georges-Haute-Ville;1228;25;1253
42229;Saint-Germain-la-Montagne;202;7;209
42230;Saint-Germain-Laval;1599;23;1622
42231;Saint-Germain-Lespinasse;1152;43;1195
42232;Saint-Haon-le-Châtel;579;33;612
42233;Saint-Haon-le-Vieux;875;34;909
42234;Saint-Héand;3729;62;3791
42235;Saint-Hilaire-Cusson-la-Valmitte;316;2;318
42236;Saint-Hilaire-sous-Charlieu;505;25;530
42237;Saint-Jean-Bonnefonds;6030;83;6113
42238;Saint-Jean-la-Vêtre;352;8;360
42239;Saint-Jean-Saint-Maurice-sur-Loire;1081;34;1115
42240;Saint-Jean-Soleymieux;778;28;806
42241;Saint-Jodard;608;19;627
42242;Saint-Joseph;1809;37;1846
42243;Saint-Julien-d'Oddes;251;16;267
42245;Saint-Julien-la-Vêtre;395;5;400
42246;Saint-Julien-Molin-Molette;1193;26;1219
42247;Saint-Just-en-Bas;311;12;323
42248;Saint-Just-en-Chevalet;1199;65;1264
42249;Saint-Just-la-Pendue;1523;17;1540
42279;Saint-Just-Saint-Rambert;14542;275;14817
42251;Saint-Laurent-la-Conche;565;7;572
42252;Saint-Laurent-Rochefort;257;10;267
42253;Saint-Léger-sur-Roanne;1070;69;1139
42255;Saint-Marcel-d'Urfé;299;4;303
42254;Saint-Marcel-de-Félines;754;14;768
42256;Saint-Marcellin-en-Forez;4110;58;4168
42257;Saint-Martin-d'Estréaux;905;21;926
42259;Saint-Martin-la-Plaine;3621;67;3688
42260;Saint-Martin-la-Sauveté;956;56;1012
42261;Saint-Martin-Lestra;847;6;853
42262;Saint-Maurice-en-Gourgois;1670;24;1694
42264;Saint-Médard-en-Forez;866;30;896
42265;Saint-Michel-sur-Rhône;746;13;759
42266;Saint-Nizier-de-Fornas;625;8;633
42267;Saint-Nizier-sous-Charlieu;1644;45;1689
42269;Saint-Paul-d'Uzore;121;2;123
42268;Saint-Paul-de-Vézelin;293;6;299
42270;Saint-Paul-en-Cornillon;1288;71;1359
42271;Saint-Paul-en-Jarez;4018;142;4160
42272;Saint-Pierre-de-Boeuf;1564;31;1595
42273;Saint-Pierre-la-Noaille;357;8;365
42274;Saint-Polgues;220;5;225
42275;Saint-Priest-en-Jarez;6051;129;6180
42276;Saint-Priest-la-Prugne;465;18;483
42277;Saint-Priest-la-Roche;286;13;299
42278;Saint-Priest-la-Vêtre;127;3;130
42280;Saint-Régis-du-Coin;372;8;380
42281;Saint-Rirand;146;2;148
42282;Saint-Romain-d'Urfé;265;6;271
42283;Saint-Romain-en-Jarez;1107;25;1132
42284;Saint-Romain-la-Motte;1514;49;1563
42285;Saint-Romain-le-Puy;3419;46;3465
42286;Saint-Romain-les-Atheux;918;18;936
42287;Saint-Sauveur-en-Rue;1111;33;1144
42288;Saint-Sixte;678;4;682
42289;Saint-Symphorien-de-Lay;1669;39;1708
42290;Saint-Thomas-la-Garde;575;15;590
42291;Saint-Thurin;197;29;226
42293;Saint-Victor-sur-Rhins;1041;21;1062
42294;Saint-Vincent-de-Boisset;877;26;903
42196;Sainte-Agathe-en-Donzy;122;1;123
42197;Sainte-Agathe-la-Bouteresse;924;20;944
42209;Sainte-Colombe-sur-Gand;417;15;432
42210;Sainte-Croix-en-Jarez;418;16;434
42221;Sainte-Foy-Saint-Sulpice;402;14;416
42295;Les Salles;471;11;482
42296;Salt-en-Donzy;469;19;488
42297;Salvizinet;624;21;645
42298;Sauvain;410;13;423
42299;Savigneux;3066;93;3159
42300;Sevelinges;626;16;642
42301;Soleymieux;580;16;596
42302;Sorbiers;7581;155;7736
42303;Souternon;326;2;328
42304;Sury-le-Comtal;5329;196;5525
42305;La Talaudière;6377;154;6531
42306;Tarentaise;453;12;465
42307;Tartaras;734;67;801
42308;La Terrasse-sur-Dorlay;715;12;727
42310;Thélis-la-Combe;176;4;180
42311;La Tour-en-Jarez;1242;29;1271
42312;La Tourette;511;12;523
42313;Trelins;567;16;583
42314;La Tuilière;299;5;304
42315;Unias;321;7;328
42316;Unieux;8485;113;8598
42317;Urbise;129;1;130
42318;Usson-en-Forez;1429;27;1456
42319;Valeille;607;17;624
42320;Valfleury;606;6;612
42322;La Valla-en-Gier;896;44;940
42321;La Valla-sur-Rochefort;132;4;136
42323;Veauche;8307;146;8453
42324;Veauchette;848;15;863
42325;Vendranges;279;4;283
42326;Véranne;692;22;714
42327;Vérin;714;12;726
42328;Verrières-en-Forez;629;103;732
42329;La Versanne;358;11;369
42330;Villars;7999;230;8229
42331;Villemontais;934;21;955
42332;Villerest;4414;181;4595
42333;Villers;552;13;565
42334;Violay;1362;39;1401
42335;Viricelles;387;9;396
42336;Virigneux;563;31;594
42337;Vivans;249;5;254
42338;Vougy;1429;73;1502
43001;Agnat;189;2;191
43002;Aiguilhe;1601;68;1669
43003;Allègre;1008;25;1033
43004;Alleyrac;121;3;124
43005;Alleyras;175;6;181
43006;Ally;181;5;186
43007;Araules;617;24;641
43008;Arlempdes;131;4;135
43009;Arlet;21;0;21
43010;Arsac-en-Velay;1078;25;1103
43011;Aubazat;184;8;192
43012;Aurec-sur-Loire;5340;175;5515
43014;Autrac;70;5;75
43015;Auvers;60;1;61
43016;Auzon;916;20;936
43017;Azérat;265;6;271
43018;Bains;1163;89;1252
43019;Barges;68;3;71
43020;Bas-en-Basset;3910;77;3987
43021;Beaulieu;904;16;920
43022;Beaumont;269;9;278
43023;Beaune-sur-Arzon;205;9;214
43024;Beaux;765;21;786
43025;Beauzac;2600;51;2651
43026;Bellevue-la-Montagne;499;13;512
43027;Berbezit;61;3;64
43028;Bessamorel;401;6;407
43029;La Besseyre-Saint-Mary;138;2;140
43030;Blanzac;298;11;309
43031;Blassac;146;4;150
43032;Blavozy;1549;32;1581
43033;Blesle;653;19;672
43034;Boisset;262;6;268
43035;Bonneval;95;3;98
43036;Borne;406;8;414
43037;Le Bouchet-Saint-Nicolas;239;11;250
43038;Bournoncle-Saint-Pierre;1004;33;1037
43039;Le Brignon;576;16;592
43040;Brioude;6677;420;7097
43041;Brives-Charensac;4111;180;4291
43042;Cayres;715;7;722
43043;Céaux-d'Allègre;448;15;463
43044;Cerzat;194;5;199
43045;Ceyssac;390;27;417
43046;Chadrac;2686;120;2806
43047;Chadron;227;8;235
43048;La Chaise-Dieu;806;79;885
43049;Chamalières-sur-Loire;437;8;445
43050;Chambezon;95;3;98
43051;Le Chambon-sur-Lignon;2662;181;2843
43052;Champagnac-le-Vieux;241;9;250
43053;Champclause;229;3;232
43054;Chanaleilles;212;7;219
43055;Chaniat;160;3;163
43056;Chanteuges;412;12;424
43057;La Chapelle-Bertin;62;3;65
43058;La Chapelle-d'Aurec;803;9;812
43059;La Chapelle-Geneste;140;1;141
43060;Charraix;96;3;99
43061;Chaspinhac;690;20;710
43062;Chaspuzac;629;17;646
43063;Chassagnes;175;8;183
43064;Chassignolles;87;3;90
43065;Chastel;138;5;143
43066;Chaudeyrolles;128;0;128
43067;Chavaniac-Lafayette;291;37;328
43068;Chazelles;33;6;39
43069;Chenereilles;280;5;285
43070;Chilhac;198;12;210
43071;Chomelix;504;10;514
43072;La Chomette;137;2;139
43073;Cistrières;140;5;145
43074;Cohade;767;36;803
43075;Collat;85;2;87
43076;Connangles;135;4;139
43077;Costaros;594;13;607
43078;Coubon;3048;115;3163
43079;Couteuges;315;4;319
43080;Craponne-sur-Arzon;2172;56;2228
43081;Croisances;35;0;35
43082;Cronce;82;4;86
43083;Cubelles;123;6;129
43084;Cussac-sur-Loire;1614;46;1660
43085;Desges;85;3;88
43086;Domeyrat;164;9;173
43087;Dunières;2996;72;3068
43088;Espalem;254;5;259
43089;Espaly-Saint-Marcel;3627;179;3806
43090;Esplantas;103;1;104
43091;Les Estables;372;14;386
43092;Fay-sur-Lignon;426;11;437
43093;Félines;290;5;295
43094;Ferrussac;81;4;85
43095;Fix-Saint-Geneys;152;5;157
43096;Fontannes;1119;204;1323
43097;Freycenet-la-Cuche;149;7;156
43098;Freycenet-la-Tour;129;5;134
43099;Frugerès-les-Mines;519;11;530
43100;Frugières-le-Pin;145;2;147
43101;Goudet;62;2;64
43102;Grazac;925;11;936
43103;Grenier-Montgon;115;2;117
43104;Grèzes;221;10;231
43105;Javaugues;193;6;199
43106;Jax;132;3;135
43107;Josat;93;3;96
43108;Jullianges;413;2;415
43109;Lafarre;69;2;71
43110;Lamothe;869;29;898
43111;Landos;876;21;897
43112;Langeac;3943;117;4060
43113;Lantriac;1801;62;1863
43114;Lapte;1458;32;1490
43115;Laussonne;991;29;1020
43116;Laval-sur-Doulon;61;2;63
43117;Lavaudieu;227;11;238
43118;Lavoûte-Chilhac;312;11;323
43119;Lavoûte-sur-Loire;724;12;736
43120;Lempdes-sur-Allagnon;1310;40;1350
43121;Léotoing;206;4;210
43122;Lissac;259;7;266
43123;Lorlanges;270;6;276
43124;Loudes;868;34;902
43125;Lubilhac;112;6;118
43126;Malrevers;718;23;741
43127;Malvalette;638;5;643
43128;Malvières;132;3;135
43129;Le Mas-de-Tence;167;4;171
43131;Mazerat-Aurouze;191;6;197
43130;Mazet-Saint-Voy;1072;35;1107
43132;Mazeyrat-d'Allier;1487;39;1526
43133;Mercoeur;132;3;135
43134;Mézères;158;5;163
43135;Le Monastier-sur-Gazeille;1738;43;1781
43136;Monistrol-d'Allier;218;12;230
43137;Monistrol-sur-Loire;8582;423;9005
43138;Monlet;411;9;420
43139;Montclard;62;11;73
43140;Le Monteil;568;22;590
43141;Montfaucon-en-Velay;1185;66;1251
43142;Montregard;612;12;624
43143;Montusclat;126;3;129
43144;Moudeyres;105;7;112
43145;Ouides;56;1;57
43147;Paulhac;659;30;689
43148;Paulhaguet;982;29;1011
43149;Pébrac;126;1;127
43150;Le Pertuis;416;5;421
43151;Pinols;236;13;249
43152;Polignac;2785;109;2894
43153;Pont-Salomon;1788;22;1810
43154;Pradelles;626;29;655
43155;Prades;60;4;64
43156;Présailles;157;6;163
43157;Le Puy-en-Velay;18885;1167;20052
43158;Queyrières;315;9;324
43159;Raucoules;846;29;875
43160;Rauret;174;1;175
43162;Retournac;2590;38;2628
43163;Riotord;1162;24;1186
43164;Roche-en-Régnier;481;7;488
43165;Rosières;1424;18;1442
43166;Saint-André-de-Chalencon;342;12;354
43167;Saint-Arcons-d'Allier;182;11;193
43168;Saint-Arcons-de-Barges;120;5;125
43169;Saint-Austremoine;52;7;59
43170;Saint-Beauzire;311;7;318
43171;Saint-Bérain;101;1;102
43172;Saint-Bonnet-le-Froid;235;9;244
43173;Saint-Christophe-d'Allier;116;6;122
43174;Saint-Christophe-sur-Dolaison;938;20;958
43175;Saint-Cirgues;156;8;164
43176;Saint-Didier-d'Allier;34;2;36
43177;Saint-Didier-en-Velay;3302;185;3487
43178;Saint-Didier-sur-Doulon;223;11;234
43180;Saint-Étienne-du-Vigan;120;5;125
43181;Saint-Étienne-Lardeyrol;656;22;678
43182;Saint-Étienne-sur-Blesle;48;1;49
43184;Saint-Ferréol-d'Auroure;2182;39;2221
43186;Saint-Front;482;10;492
43187;Saint-Geneys-près-Saint-Paulien;302;16;318
43188;Saint-Georges-d'Aurac;418;19;437
43189;Saint-Georges-Lagricol;463;14;477
43190;Saint-Germain-Laprade;3354;127;3481
43191;Saint-Géron;193;3;196
43192;Saint-Haon;375;8;383
43193;Saint-Hilaire;192;9;201
43194;Saint-Hostien;612;20;632
43195;Saint-Ilpize;184;12;196
43196;Saint-Jean-d'Aubrigoux;179;5;184
43197;Saint-Jean-de-Nay;400;8;408
43198;Saint-Jean-Lachalm;282;10;292
43199;Saint-Jeures;875;6;881
43200;Saint-Julien-Chapteuil;1874;62;1936
43201;Saint-Julien-d'Ance;232;11;243
43202;Saint-Julien-des-Chazes;81;1;82
43203;Saint-Julien-du-Pinet;433;10;443
43204;Saint-Julien-Molhesabate;206;2;208
43205;Saint-Just-Malmont;4166;69;4235
43206;Saint-Just-près-Brioude;397;13;410
43207;Saint-Laurent-Chabreuges;243;15;258
43210;Saint-Martin-de-Fugères;240;5;245
43211;Saint-Maurice-de-Lignon;2258;54;2312
43212;Saint-Pal-de-Chalencon;1014;30;1044
43213;Saint-Pal-de-Mons;1991;47;2038
43214;Saint-Pal-de-Senouire;95;1;96
43215;Saint-Paul-de-Tartas;194;9;203
43216;Saint-Paulien;2254;46;2300
43217;Saint-Pierre-du-Champ;502;18;520
43218;Saint-Pierre-Eynac;985;34;1019
43219;Saint-Préjet-Armandon;106;3;109
43220;Saint-Préjet-d'Allier;176;10;186
43221;Saint-Privat-d'Allier;411;5;416
43222;Saint-Privat-du-Dragon;172;8;180
43223;Saint-Romain-Lachalm;995;26;1021
43225;Saint-Vénérand;55;3;58
43226;Saint-Vert;104;1;105
43227;Saint-Victor-Malescours;742;17;759
43228;Saint-Victor-sur-Arlanc;105;1;106
43229;Saint-Vidal;459;8;467
43230;Saint-Vincent;949;13;962
43183;Sainte-Eugénie-de-Villeneuve;98;3;101
43185;Sainte-Florine;3113;102;3215
43208;Sainte-Marguerite;31;1;32
43224;Sainte-Sigolène;5827;134;5961
43231;Salettes;153;5;158
43232;Salzuit;354;6;360
43233;Sanssac-l'Église;1004;26;1030
43234;Saugues;1898;136;2034
43236;La Séauve-sur-Semène;1262;29;1291
43237;Sembadel;250;5;255
43238;Séneujols;292;5;297
43239;Siaugues-Sainte-Marie;796;24;820
43240;Solignac-sous-Roche;206;11;217
43241;Solignac-sur-Loire;1174;26;1200
43242;Tailhac;81;2;83
43244;Tence;3272;81;3353
43245;Thoras;226;19;245
43246;Tiranges;437;19;456
43247;Torsiac;73;2;75
43249;Valprivas;482;14;496
43250;Vals-le-Chastel;49;1;50
43251;Vals-près-le-Puy;3534;153;3687
43252;Varennes-Saint-Honorat;39;4;43
43253;Les Vastres;243;4;247
43254;Vazeilles-Limandre;225;6;231
43255;Vazeilles-près-Saugues;43;2;45
43256;Venteuges;368;13;381
43257;Vergezac;433;8;441
43258;Vergongheon;1766;69;1835
43259;Vernassal;373;8;381
43260;Le Vernet;37;0;37
43261;Vézézoux;459;19;478
43262;Vieille-Brioude;1203;46;1249
43263;Vielprat;64;1;65
43264;Villeneuve-d'Allier;324;5;329
43265;Les Villettes;1125;25;1150
43013;Vissac-Auteyrac;327;9;336
43267;Vorey;1435;23;1458
43268;Yssingeaux;6931;397;7328
44001;Abbaretz;1782;34;1816
44002;Aigrefeuille-sur-Maine;2734;89;2823
44003;Ancenis;7459;300;7759
44004;Anetz;1680;33;1713
44005;Arthon-en-Retz;3365;67;3432
44006;Assérac;1742;46;1788
44007;Avessac;2387;61;2448
44008;Barbechat;1245;18;1263
44009;Basse-Goulaine;7927;262;8189
44010;Batz-sur-Mer;3174;100;3274
44055;La Baule-Escoublac;16719;553;17272
44011;Belligné;1727;49;1776
44012;La Bernerie-en-Retz;2512;59;2571
44013;Besné;2338;40;2378
44014;Le Bignon;3184;54;3238
44015;Blain;8799;170;8969
44016;La Boissière-du-Doré;845;11;856
44017;Bonnoeuvre;552;18;570
44018;Bouaye;5672;152;5824
44019;Bouée;812;21;833
44020;Bouguenais;16698;546;17244
44021;Bourgneuf-en-Retz;3144;63;3207
44022;Boussay;2574;67;2641
44023;Bouvron;2655;51;2706
44024;Brains;2523;42;2565
44025;Campbon;3507;148;3655
44026;Carquefou;17956;368;18324
44027;Casson;2024;31;2055
44028;Le Cellier;3589;73;3662
44029;La Chapelle-Basse-Mer;4864;77;4941
44030;La Chapelle-des-Marais;3356;60;3416
44031;La Chapelle-Glain;812;26;838
44032;La Chapelle-Heulin;2839;33;2872
44033;La Chapelle-Launay;2688;86;2774
44034;La Chapelle-Saint-Sauveur;746;17;763
44035;La Chapelle-sur-Erdre;16816;512;17328
44037;Château-Thébaud;2771;60;2831
44036;Châteaubriant;12466;633;13099
44038;Chauvé;2333;61;2394
44039;Cheix-en-Retz;721;8;729
44040;Chéméré;2083;40;2123
44221;La Chevallerais;1220;15;1235
44041;La Chevrolière;4935;87;5022
44043;Clisson;6691;234;6925
44044;Conquereuil;1016;36;1052
44156;Corcoué-sur-Logne;2351;52;2403
44045;Cordemais;2823;61;2884
44046;Corsept;2562;43;2605
44047;Couëron;18392;256;18648
44048;Couffé;2188;55;2243
44049;Le Croisic;4097;59;4156
44050;Crossac;2579;124;2703
44051;Derval;2919;339;3258
44052;Donges;6467;315;6782
44053;Drefféac;1529;43;1572
44054;Erbray;2744;95;2839
44056;Fay-de-Bretagne;2911;59;2970
44057;Fégréac;2132;50;2182
44058;Fercé;481;15;496
44059;Fresnay-en-Retz;1136;22;1158
44060;Le Fresne-sur-Loire;969;22;991
44061;Frossay;2684;37;2721
44062;Le Gâvre;1316;20;1336
44223;Geneston;3380;49;3429
44063;Gétigné;3325;64;3389
44064;Gorges;3553;207;3760
44065;Grand-Auverné;735;18;753
44066;Grandchamps-des-Fontaines;4334;71;4405
44224;La Grigonnais;1401;20;1421
44067;Guémené-Penfao;4920;109;5029
44068;Guenrouet;2833;52;2885
44069;Guérande;15356;689;16045
44070;La Haie-Fouassière;4147;94;4241
44071;Haute-Goulaine;5470;128;5598
44072;Herbignac;5184;108;5292
44073;Héric;4902;88;4990
44074;Indre;3761;55;3816
44075;Issé;1815;35;1850
44076;Jans;1023;30;1053
44077;Joué-sur-Erdre;1934;33;1967
44078;Juigné-des-Moutiers;330;5;335
44079;Le Landreau;2766;256;3022
44080;Lavau-sur-Loire;741;12;753
44081;Legé;3989;117;4106
44082;Ligné;3943;129;4072
44083;La Limouzinière;2049;44;2093
44084;Le Loroux-Bottereau;6177;87;6264
44085;Louisfert;873;26;899
44086;Lusanger;1007;33;1040
44087;Machecoul;5771;271;6042
44088;Maisdon-sur-Sèvre;2479;46;2525
44089;Malville;3076;115;3191
44090;La Marne;1345;17;1362
44091;Marsac-sur-Don;1344;34;1378
44092;Massérac;592;13;605
44093;Maumusson;970;22;992
44094;Mauves-sur-Loire;2931;48;2979
44095;La Meilleraye-de-Bretagne;1219;25;1244
44096;Mésanger;4081;82;4163
44097;Mesquer;1681;52;1733
44098;Missillac;4557;92;4649
44099;Moisdon-la-Rivière;1833;59;1892
44100;Monnières;1757;44;1801
44101;La Montagne;5999;124;6123
44102;Montbert;2874;44;2918
44103;Montoir-de-Bretagne;6298;207;6505
44104;Montrelais;809;14;823
44105;Mouais;331;12;343
44106;Les Moutiers-en-Retz;1188;37;1225
44107;Mouzeil;1658;31;1689
44108;Mouzillon;2466;44;2510
44109;Nantes;283025;7918;290943
44110;Nort-sur-Erdre;7197;203;7400
44111;Notre-Dame-des-Landes;1875;31;1906
44112;Noyal-sur-Brutz;544;14;558
44113;Nozay;3696;66;3762
44114;Orvault;24564;680;25244
44115;Oudon;3126;84;3210
44116;Paimboeuf;3093;116;3209
44117;Le Pallet;2603;54;2657
44118;Pannecé;1185;19;1204
44119;Paulx;1823;32;1855
44120;Le Pellerin;4214;132;4346
44121;Petit-Auverné;405;7;412
44122;Petit-Mars;3388;56;3444
44123;Pierric;879;26;905
44124;Le Pin;692;17;709
44125;Piriac-sur-Mer;2273;50;2323
44126;La Plaine-sur-Mer;3610;43;3653
44127;La Planche;2297;53;2350
44128;Plessé;4130;156;4286
44130;Pont-Saint-Martin;5454;84;5538
44129;Pontchâteau;9140;227;9367
44131;Pornic;13906;352;14258
44132;Pornichet;10442;338;10780
44133;Port-Saint-Père;2548;30;2578
44134;Pouillé-les-Côteaux;806;18;824
44135;Le Pouliguen;5199;151;5350
44136;Préfailles;1206;28;1234
44137;Prinquiau;2762;79;2841
44138;Puceul;915;16;931
44139;Quilly;1180;42;1222
44140;La Regrippière;1469;19;1488
44141;La Remaudière;1070;10;1080
44142;Remouillé;1627;22;1649
44143;Rezé;37846;1226;39072
44144;Riaillé;2006;87;2093
44222;La Roche-Blanche;958;39;997
44145;Rouans;2506;30;2536
44146;Rougé;2280;69;2349
44147;La Rouxière;931;17;948
44148;Ruffigné;691;14;705
44149;Saffré;3329;67;3396
44150;Saint-Aignan-Grandlieu;3480;56;3536
44151;Saint-André-des-Eaux;5079;170;5249
44153;Saint-Aubin-des-Châteaux;1502;55;1557
44154;Saint-Brevin-les-Pins;12055;265;12320
44155;Saint-Colomban;2872;41;2913
44157;Saint-Étienne-de-Mer-Morte;1273;20;1293
44158;Saint-Étienne-de-Montluc;6613;201;6814
44159;Saint-Fiacre-sur-Maine;1162;20;1182
44160;Saint-Géréon;2656;114;2770
44161;Saint-Gildas-des-Bois;3339;138;3477
44162;Saint-Herblain;43516;848;44364
44163;Saint-Herblon;2160;35;2195
44164;Saint-Hilaire-de-Chaléons;1841;29;1870
44165;Saint-Hilaire-de-Clisson;1840;28;1868
44166;Saint-Jean-de-Boiseau;4716;63;4779
44168;Saint-Joachim;3936;78;4014
44169;Saint-Julien-de-Concelles;6756;106;6862
44170;Saint-Julien-de-Vouvantes;928;14;942
44171;Saint-Léger-les-Vignes;1406;24;1430
44173;Saint-Lumine-de-Clisson;1778;25;1803
44174;Saint-Lumine-de-Coutais;1778;34;1812
44175;Saint-Lyphard;4126;127;4253
44176;Saint-Malo-de-Guersac;3082;72;3154
44178;Saint-Mars-de-Coutais;2432;39;2471
44179;Saint-Mars-du-Désert;3996;64;4060
44180;Saint-Mars-la-Jaille;2391;54;2445
44181;Saint-Même-le-Tenu;1126;26;1152
44182;Saint-Michel-Chef-Chef;4234;82;4316
44183;Saint-Molf;2104;46;2150
44184;Saint-Nazaire;68522;2524;71046
44185;Saint-Nicolas-de-Redon;2962;84;3046
44187;Saint-Père-en-Retz;3933;170;4103
44188;Saint-Philbert-de-Grand-Lieu;7465;151;7616
44190;Saint-Sébastien-sur-Loire;24724;790;25514
44191;Saint-Sulpice-des-Landes;626;11;637
44192;Saint-Viaud;2076;41;2117
44193;Saint-Vincent-des-Landes;1423;38;1461
44152;Sainte-Anne-sur-Brivet;2316;37;2353
44172;Sainte-Luce-sur-Loire;11665;279;11944
44186;Sainte-Pazanne;4946;77;5023
44189;Sainte-Reine-de-Bretagne;1849;36;1885
44194;Sautron;6806;211;7017
44195;Savenay;7039;343;7382
44196;Sévérac;1428;25;1453
44197;Sion-les-Mines;1529;42;1571
44198;Les Sorinières;7259;100;7359
44199;Soudan;2046;59;2105
44200;Soulvache;393;9;402
44201;Sucé-sur-Erdre;6141;149;6290
44202;Teillé;1663;39;1702
44203;Le Temple-de-Bretagne;1798;21;1819
44204;Thouaré-sur-Loire;7407;164;7571
44205;Les Touches;2105;40;2145
44206;Touvois;1456;28;1484
44207;Trans-sur-Erdre;845;14;859
44208;Treffieux;717;17;734
44209;Treillières;7432;168;7600
44210;Trignac;7225;489;7714
44211;La Turballe;4384;80;4464
44212;Vallet;8057;261;8318
44213;Varades;3516;159;3675
44214;Vay;1798;23;1821
44215;Vertou;21199;544;21743
44216;Vieillevigne;3794;63;3857
44217;Vigneux-de-Bretagne;5260;118;5378
44218;Villepot;681;22;703
44219;Vritz;754;15;769
44220;Vue;1323;26;1349
45001;Adon;169;12;181
45002;Aillant-sur-Milleron;370;11;381
45004;Amilly;11635;652;12287
45005;Andonville;200;6;206
45006;Ardon;1138;36;1174
45008;Artenay;1716;24;1740
45009;Aschères-le-Marché;1166;20;1186
45010;Ascoux;838;28;866
45011;Attray;209;4;213
45012;Audeville;163;10;173
45013;Augerville-la-Rivière;227;7;234
45014;Aulnay-la-Rivière;515;19;534
45015;Autruy-sur-Juine;741;16;757
45016;Autry-le-Châtel;1032;52;1084
45017;Auvilliers-en-Gâtinais;335;17;352
45018;Auxy;988;16;1004
45019;Baccon;656;16;672
45020;Le Bardon;913;16;929
45021;Barville-en-Gâtinais;268;5;273
45022;Batilly-en-Gâtinais;397;5;402
45023;Batilly-en-Puisaye;108;10;118
45024;Baule;1966;75;2041
45025;Bazoches-les-Gallerandes;1442;25;1467
45026;Bazoches-sur-le-Betz;839;15;854
45027;Beauchamps-sur-Huillard;401;25;426
45028;Beaugency;7648;235;7883
45029;Beaulieu-sur-Loire;1756;54;1810
45030;Beaune-la-Rolande;2062;147;2209
45031;Bellegarde;1678;149;1827
45032;Le Bignon-Mirabeau;261;4;265
45033;Boësses;368;7;375
45034;Boigny-sur-Bionne;2117;74;2191
45035;Boiscommun;1168;27;1195
45036;Boismorand;768;15;783
45037;Boisseaux;360;2;362
45038;Bondaroy;388;16;404
45039;Bonnée;673;20;693
45040;Bonny-sur-Loire;2043;64;2107
45041;Bordeaux-en-Gâtinais;116;3;119
45042;Les Bordes;1671;54;1725
45043;Bou;906;30;936
45044;Bougy-lez-Neuville;171;6;177
45045;Bouilly-en-Gâtinais;316;6;322
45046;Boulay-les-Barres;1123;18;1141
45047;Bouzonville-aux-Bois;410;4;414
45049;Bouzy-la-Forêt;1147;15;1162
45050;Boynes;1148;55;1203
45051;Bray-en-Val;1281;22;1303
45052;Breteau;78;7;85
45053;Briare;5660;183;5843
45054;Briarres-sur-Essonne;580;11;591
45055;Bricy;594;9;603
45056;Bromeilles;337;4;341
45058;Bucy-le-Roi;189;4;193
45059;Bucy-Saint-Liphard;209;6;215
45060;La Bussière;782;25;807
45061;Cepoy;2308;67;2375
45062;Cercottes;1108;13;1121
45063;Cerdon;1056;20;1076
45064;Cernoy-en-Berry;464;16;480
45065;Césarville-Dossainville;209;8;217
45066;Chailly-en-Gâtinais;662;12;674
45067;Chaingy;3458;94;3552
45068;Châlette-sur-Loing;13196;366;13562
45069;Chambon-la-Forêt;715;18;733
45070;Champoulet;53;0;53
45072;Chanteau;1244;28;1272
45073;Chantecoq;480;11;491
45074;La Chapelle-Onzerain;105;4;109
45075;La Chapelle-Saint-Mesmin;9354;185;9539
45076;La Chapelle-Saint-Sépulcre;277;13;290
45077;La Chapelle-sur-Aveyron;482;11;493
45078;Chapelon;277;11;288
45079;Le Charme;143;6;149
45080;Charmont-en-Beauce;366;4;370
45081;Charsonville;628;12;640
45083;Château-Renard;2345;83;2428
45082;Châteauneuf-sur-Loire;7801;161;7962
45084;Châtenoy;421;14;435
45085;Châtillon-Coligny;1912;67;1979
45086;Châtillon-le-Roi;279;6;285
45087;Châtillon-sur-Loire;3072;88;3160
45088;Chaussy;335;14;349
45089;Chécy;7953;170;8123
45091;Chevannes;305;7;312
45092;Chevillon-sur-Huillard;1237;44;1281
45093;Chevilly;2410;40;2450
45094;Chevry-sous-le-Bignon;228;3;231
45095;Chilleurs-aux-Bois;1898;34;1932
45096;Les Choux;503;31;534
45097;Chuelles;1095;38;1133
45098;Cléry-Saint-André;3074;113;3187
45099;Coinces;504;9;513
45100;Combleux;456;22;478
45101;Combreux;238;4;242
45102;Conflans-sur-Loing;353;33;386
45103;Corbeilles;1479;54;1533
45104;Corquilleroy;2440;99;2539
45105;Cortrat;90;6;96
45106;Coudray;412;8;420
45107;Coudroy;341;5;346
45108;Coullons;2401;63;2464
45109;Coulmiers;524;6;530
45112;La Cour-Marigny;339;6;345
45110;Courcelles;274;8;282
45111;Courcy-aux-Loges;420;2;422
45113;Courtemaux;273;6;279
45114;Courtempierre;238;4;242
45115;Courtenay;3704;61;3765
45116;Cravant;921;12;933
45118;Crottes-en-Pithiverais;319;7;326
45119;Dadonville;2008;79;2087
45120;Dammarie-en-Puisaye;168;5;173
45121;Dammarie-sur-Loing;511;19;530
45122;Dampierre-en-Burly;1209;40;1249
45123;Darvoy;1849;32;1881
45124;Desmonts;179;3;182
45125;Dimancheville;91;3;94
45126;Donnery;2362;62;2424
45127;Dordives;2829;50;2879
45129;Douchy;985;39;1024
45130;Dry;1362;16;1378
45131;Échilleuses;340;7;347
45132;Égry;315;6;321
45133;Engenville;460;9;469
45134;Épieds-en-Beauce;1372;16;1388
45135;Erceville;307;7;314
45136;Ervauville;530;23;553
45137;Escrennes;682;11;693
45138;Escrignelles;72;1;73
45139;Estouy;526;13;539
45141;Faverelles;163;0;163
45142;Fay-aux-Loges;3182;53;3235
45143;Feins-en-Gâtinais;50;1;51
45144;Férolles;1136;76;1212
45145;Ferrières-en-Gâtinais;3330;65;3395
45146;La Ferté-Saint-Aubin;7010;136;7146
45147;Fleury-les-Aubrais;21359;293;21652
45148;Fontenay-sur-Loing;1692;46;1738
45149;Foucherolles;271;4;275
45150;Fréville-du-Gâtinais;181;3;184
45151;Gaubertin;263;10;273
45152;Gémigny;181;5;186
45153;Germigny-des-Prés;715;9;724
45154;Gidy;1497;26;1523
45155;Gien;15442;586;16028
45156;Girolles;711;21;732
45157;Givraines;343;12;355
45158;Gondreville;372;14;386
45159;Grangermont;210;5;215
45160;Greneville-en-Beauce;647;8;655
45161;Griselles;765;22;787
45162;Guigneville;504;9;513
45164;Guilly;641;8;649
45165;Gy-les-Nonains;621;27;648
45166;Huêtre;208;1;209
45167;Huisseau-sur-Mauves;1699;45;1744
45168;Ingrannes;484;10;494
45169;Ingré;7969;182;8151
45170;Intville-la-Guétard;100;2;102
45171;Isdes;600;28;628
45173;Jargeau;4332;121;4453
45174;Jouy-en-Pithiverais;249;6;255
45175;Jouy-le-Potier;1355;40;1395
45176;Juranville;469;8;477
45177;Laas;192;7;199
45057;Labrosse;92;4;96
45178;Ladon;1368;29;1397
45179;Lailly-en-Val;2434;51;2485
45180;Langesse;76;0;76
45181;Léouville;63;0;63
45182;Ligny-le-Ribault;1316;34;1350
45183;Lion-en-Beauce;117;1;118
45184;Lion-en-Sullias;414;10;424
45185;Lombreuil;289;14;303
45186;Lorcy;560;8;568
45187;Lorris;2890;50;2940
45188;Loury;2487;59;2546
45189;Louzouer;270;12;282
45190;Mainvilliers;227;4;231
45191;Malesherbes;6015;117;6132
45192;Manchecourt;634;18;652
45193;Marcilly-en-Villette;1943;56;1999
45194;Mardié;2592;53;2645
45195;Mareau-aux-Bois;567;11;578
45196;Mareau-aux-Prés;1237;23;1260
45197;Marigny-les-Usages;1134;33;1167
45198;Marsainvilliers;277;15;292
45199;Melleroy;518;12;530
45200;Ménestreau-en-Villette;1472;47;1519
45201;Mérinville;158;4;162
45202;Messas;899;20;919
45203;Meung-sur-Loire;6137;102;6239
45205;Mézières-en-Gâtinais;261;3;264
45204;Mézières-lez-Cléry;728;15;743
45206;Mignères;327;15;342
45207;Mignerette;326;18;344
45208;Montargis;15755;875;16630
45209;Montbarrois;251;9;260
45210;Montbouy;738;17;755
45211;Montcorbon;458;10;468
45212;Montcresson;1308;42;1350
45213;Montereau;605;18;623
45214;Montigny;270;9;279
45215;Montliard;221;5;226
45216;Mormant-sur-Vernisson;125;6;131
45217;Morville-en-Beauce;194;6;200
45218;Le Moulinet-sur-Solin;140;4;144
45219;Moulon;179;12;191
45220;Nancray-sur-Rimarde;498;5;503
45221;Nangeville;117;5;122
45222;Nargis;1251;18;1269
45223;Nesploy;362;10;372
45224;Neuville-aux-Bois;4005;74;4079
45225;La Neuville-sur-Essonne;338;3;341
45226;Neuvy-en-Sullias;1082;23;1105
45227;Nevoy;1115;34;1149
45228;Nibelle;943;22;965
45229;Nogent-sur-Vernisson;2526;46;2572
45230;Noyers;709;25;734
45231;Oison;124;0;124
45232;Olivet;20143;579;20722
45233;Ondreville-sur-Essonne;359;11;370
45234;Orléans;113234;3256;116490
45235;Ormes;3344;64;3408
45236;Orveau-Bellesauve;370;7;377
45237;Orville;119;3;122
45238;Ousson-sur-Loire;761;21;782
45239;Oussoy-en-Gâtinais;401;11;412
45240;Outarville;1446;24;1470
45241;Ouvrouer-les-Champs;494;13;507
45242;Ouzouer-des-Champs;394;6;400
45243;Ouzouer-sous-Bellegarde;259;5;264
45244;Ouzouer-sur-Loire;2653;87;2740
45245;Ouzouer-sur-Trézée;1294;21;1315
45246;Pannecières;120;1;121
45247;Pannes;3150;106;3256
45248;Patay;2074;35;2109
45249;Paucourt;882;63;945
45250;Pers-en-Gâtinais;204;5;209
45251;Pierrefitte-ès-Bois;290;14;304
45252;Pithiviers;8779;207;8986
45253;Pithiviers-le-Vieil;1907;51;1958
45254;Poilly-lez-Gien;2279;69;2348
45255;Préfontaines;469;16;485
45256;Presnoy;241;4;245
45257;Pressigny-les-Pins;411;6;417
45258;Puiseaux;3272;79;3351
45259;Quiers-sur-Bézonde;1144;31;1175
45260;Ramoulu;253;4;257
45261;Rebréchien;1362;30;1392
45265;Rosoy-le-Vieil;363;5;368
45262;Rouvray-Sainte-Croix;156;4;160
45263;Rouvres-Saint-Jean;245;12;257
45264;Rozières-en-Beauce;181;3;184
45266;Ruan;215;7;222
45267;Saint-Aignan-des-Gués;337;6;343
45268;Saint-Aignan-le-Jaillard;557;13;570
45269;Saint-Ay;3022;51;3073
45270;Saint-Benoît-sur-Loire;1985;36;2021
45271;Saint-Brisson-sur-Loire;1053;22;1075
45272;Saint-Cyr-en-Val;3173;143;3316
45273;Saint-Denis-de-l'Hôtel;2777;41;2818
45274;Saint-Denis-en-Val;7184;223;7407
45275;Saint-Firmin-des-Bois;453;12;465
45276;Saint-Firmin-sur-Loire;513;12;525
45277;Saint-Florent;466;4;470
45279;Saint-Germain-des-Prés;1871;42;1913
45280;Saint-Gondon;1031;35;1066
45281;Saint-Hilaire-les-Andrésis;909;30;939
45282;Saint-Hilaire-Saint-Mesmin;2663;79;2742
45283;Saint-Hilaire-sur-Puiseaux;176;3;179
45284;Saint-Jean-de-Braye;18626;520;19146
45285;Saint-Jean-de-la-Ruelle;16406;369;16775
45286;Saint-Jean-le-Blanc;8318;253;8571
45287;Saint-Loup-de-Gonois;106;2;108
45288;Saint-Loup-des-Vignes;434;10;444
45289;Saint-Lyé-la-Forêt;1020;16;1036
45290;Saint-Martin-d'Abbat;1521;25;1546
45291;Saint-Martin-sur-Ocre;1215;37;1252
45292;Saint-Maurice-sur-Aveyron;861;14;875
45293;Saint-Maurice-sur-Fessard;1103;34;1137
45294;Saint-Michel;117;6;123
45296;Saint-Péravy-la-Colombe;622;4;626
45297;Saint-Père-sur-Loire;1039;29;1068
45298;Saint-Pryvé-Saint-Mesmin;5318;146;5464
45299;Saint-Sigismond;265;5;270
45278;Sainte-Geneviève-des-Bois;1069;57;1126
45300;Sandillon;3675;80;3755
45301;Santeau;327;7;334
45302;Saran;15333;298;15631
45303;Sceaux-du-Gâtinais;587;15;602
45305;Seichebrières;176;4;180
45306;La Selle-en-Hermoy;751;22;773
45307;La Selle-sur-le-Bied;942;37;979
45308;Semoy;2926;65;2991
45309;Sennely;615;8;623
45310;Sermaises;1597;35;1632
45311;Sigloy;621;7;628
45312;Solterre;492;22;514
45313;Sougy;849;17;866
45314;Sully-la-Chapelle;382;5;387
45315;Sully-sur-Loire;5781;151;5932
45316;Sury-aux-Bois;697;19;716
45317;Tavers;1294;35;1329
45320;Thignonville;324;11;335
45321;Thimory;641;9;650
45322;Thorailles;134;2;136
45323;Thou;237;12;249
45324;Tigy;2192;37;2229
45325;Tivernon;236;4;240
45326;Tournoisis;357;8;365
45327;Traînou;3042;50;3092
45328;Treilles-en-Gâtinais;292;5;297
45329;Triguères;1335;23;1358
45330;Trinay;206;4;210
45331;Vannes-sur-Cosson;587;15;602
45332;Varennes-Changy;1472;29;1501
45333;Vennecy;1371;18;1389
45334;Vieilles-Maisons-sur-Joudry;572;15;587
45335;Vienne-en-Val;1715;23;1738
45336;Viglain;879;14;893
45337;Villamblain;271;8;279
45338;Villemandeur;6244;412;6656
45339;Villemoutiers;498;10;508
45340;Villemurlin;539;6;545
45341;Villeneuve-sur-Conie;208;7;215
45342;Villereau;390;12;402
45343;Villevoques;209;12;221
45344;Villorceau;1053;31;1084
45345;Vimory;1092;27;1119
45346;Vitry-aux-Loges;1827;40;1867
45347;Vrigny;742;31;773
45348;Yèvre-la-Ville;684;25;709
46001;Albas;511;10;521
46002;Albiac;81;3;84
46003;Alvignac;650;20;670
46004;Anglars;156;5;161
46005;Anglars-Juillac;339;6;345
46006;Anglars-Nozac;292;4;296
46007;Arcambal;871;33;904
46008;Les Arques;172;2;174
46009;Assier;678;22;700
46010;Aujols;272;8;280
46011;Autoire;345;15;360
46012;Aynac;540;13;553
46013;Bach;171;2;173
46014;Bagat-en-Quercy;187;4;191
46015;Bagnac-sur-Célé;1567;61;1628
46016;Baladou;400;7;407
46017;Bannes;141;4;145
46018;Le Bastit;127;2;129
46019;Beaumat;75;0;75
46020;Beauregard;239;7;246
46021;Béduer;720;29;749
46022;Bélaye;219;10;229
46023;Belfort-du-Quercy;520;10;530
46024;Belmont-Bretenoux;318;8;326
46026;Belmont-Sainte-Foi;117;0;117
46025;Belmontet;157;5;162
46027;Berganty;96;3;99
46338;Bessonies;106;4;110
46028;Bétaille;970;17;987
46029;Biars-sur-Cère;1975;94;2069
46030;Bio;292;10;302
46031;Blars;127;1;128
46032;Boissières;356;8;364
46033;Le Boulvé;201;9;210
46034;Le Bourg;297;6;303
46035;Boussac;174;7;181
46036;Le Bouyssou;137;9;146
46037;Bouziès;75;2;77
46039;Brengues;224;5;229
46038;Bretenoux;1322;48;1370
46040;Cabrerets;231;5;236
46041;Cadrieu;155;3;158
46042;Cahors;20093;1035;21128
46043;Cahus;189;3;192
46044;Caillac;568;15;583
46045;Cajarc;1086;63;1149
46046;Calamane;433;13;446
46047;Calès;138;6;144
46048;Calviac;175;4;179
46049;Calvignac;196;7;203
46050;Cambayrac;135;5;140
46051;Cambes;355;14;369
46052;Camboulit;245;6;251
46053;Camburat;420;4;424
46054;Caniac-du-Causse;330;6;336
46055;Capdenac;1072;29;1101
46056;Carayac;77;3;80
46057;Cardaillac;554;43;597
46058;Carennac;386;15;401
46059;Carlucet;223;11;234
46060;Carnac-Rouffiac;247;3;250
46061;Cassagnes;207;12;219
46062;Castelfranc;426;8;434
46063;Castelnau-Montratier;1873;129;2002
46064;Catus;929;8;937
46065;Cavagnac;449;15;464
46066;Cazals;650;9;659
46067;Cazillac;394;2;396
46068;Cénevières;175;3;178
46069;Cézac;164;4;168
46070;Cieurac;407;16;423
46071;Comiac;235;10;245
46072;Concorès;306;6;312
46073;Concots;391;6;397
46074;Condat;412;5;417
46075;Corn;198;4;202
46076;Cornac;358;8;366
46077;Cours;256;6;262
46078;Couzou;103;3;106
46079;Cras;89;5;94
46080;Crayssac;695;8;703
46081;Crégols;83;3;86
46082;Cremps;304;4;308
46083;Cressensac;653;18;671
46084;Creysse;291;5;296
46085;Cuzac;226;5;231
46086;Cuzance;455;8;463
46087;Dégagnac;578;4;582
46088;Douelle;743;16;759
46089;Duravel;937;26;963
46090;Durbans;144;5;149
46091;Escamps;155;4;159
46092;Esclauzels;186;4;190
46093;Espagnac-Sainte-Eulalie;83;2;85
46094;Espédaillac;257;5;262
46095;Espère;947;30;977
46096;Espeyroux;100;7;107
46097;Estal;122;2;124
46098;Fajoles;277;8;285
46099;Fargues;163;7;170
46100;Faycelles;617;24;641
46101;Felzins;351;15;366
46102;Figeac;9994;742;10736
46103;Flaugnac;421;18;439
46104;Flaujac-Gare;88;4;92
46105;Flaujac-Poujols;672;20;692
46106;Floirac;269;6;275
46107;Floressas;148;3;151
46108;Fons;395;14;409
46109;Fontanes;456;7;463
46110;Fontanes-du-Causse;68;3;71
46111;Fourmagnac;141;2;143
46112;Francoulès;216;4;220
46113;Frayssinet;268;8;276
46114;Frayssinet-le-Gélat;405;6;411
46115;Frayssinhes;196;8;204
46116;Frontenac;76;0;76
46117;Gagnac-sur-Cère;721;40;761
46118;Gignac;617;18;635
46119;Gigouzac;216;8;224
46120;Gindou;312;11;323
46121;Ginouillac;165;3;168
46122;Gintrac;107;3;110
46123;Girac;401;8;409
46124;Glanes;302;13;315
46125;Gorses;342;10;352
46126;Goujounac;199;1;200
46127;Gourdon;4636;184;4820
46128;Gramat;3530;116;3646
46129;Gréalou;241;8;249
46130;Grézels;218;9;227
46131;Grèzes;159;9;168
46132;Issendolus;529;8;537
46133;Issepts;178;6;184
46134;Les Junies;258;5;263
46135;Labastide-du-Haut-Mont;43;6;49
46136;Labastide-du-Vert;227;9;236
46137;Labastide-Marnhac;994;32;1026
46138;Labastide-Murat;631;23;654
46139;Labathude;184;6;190
46140;Laburgade;282;6;288
46141;Lacam-d'Ourcet;128;2;130
46142;Lacapelle-Cabanac;148;5;153
46143;Lacapelle-Marival;1325;36;1361
46144;Lacave;289;11;300
46145;Lachapelle-Auzac;768;15;783
46146;Ladirat;116;0;116
46147;Lagardelle;127;1;128
46148;Lalbenque;1394;34;1428
46149;Lamagdelaine;755;42;797
46150;Lamativie;67;2;69
46151;Lamothe-Cassel;105;1;106
46152;Lamothe-Fénelon;337;4;341
46153;Lanzac;559;12;571
46154;Laramière;291;8;299
46155;Larnagol;136;7;143
46156;Laroque-des-Arcs;471;18;489
46157;Larroque-Toirac;158;4;162
46158;Lascabanes;182;3;185
46159;Latouille-Lentillac;237;12;249
46160;Latronquière;543;12;555
46161;Lauresses;293;5;298
46162;Lauzès;164;0;164
46163;Laval-de-Cère;343;13;356
46164;Lavercantière;245;3;248
46165;Lavergne;425;18;443
46166;Lebreil;146;0;146
46167;Lentillac-du-Causse;103;1;104
46168;Lentillac-Saint-Blaise;135;3;138
46169;Léobard;193;6;199
46170;Leyme;1004;26;1030
46171;Lherm;229;7;236
46172;Lhospitalet;451;13;464
46173;Limogne-en-Quercy;794;9;803
46174;Linac;196;6;202
46175;Lissac-et-Mouret;901;35;936
46176;Livernon;575;15;590
46177;Loubressac;473;25;498
46178;Loupiac;265;10;275
46179;Lugagnac;116;11;127
46180;Lunan;482;17;499
46181;Lunegarde;68;2;70
46182;Luzech;1770;50;1820
46183;Marcilhac-sur-Célé;200;8;208
46184;Marminiac;364;15;379
46185;Martel;1538;53;1591
46186;Masclat;326;5;331
46187;Mauroux;512;9;521
46188;Maxou;223;9;232
46337;Mayrac;254;2;256
46189;Mayrinhac-Lentour;466;15;481
46190;Mechmont;115;6;121
46191;Mercuès;1069;27;1096
46192;Meyronne;299;10;309
46193;Miers;433;17;450
46194;Milhac;199;6;205
46195;Molières;368;8;376
46196;Montamel;93;2;95
46197;Le Montat;967;115;1082
46198;Montbrun;116;1;117
46199;Montcabrier;400;3;403
46200;Montcléra;277;13;290
46201;Montcuq;1339;79;1418
46202;Montdoumerc;409;7;416
46203;Montet-et-Bouxal;214;7;221
46204;Montfaucon;565;10;575
46205;Montgesty;272;8;280
46206;Montlauzun;129;5;134
46207;Montredon;290;9;299
46208;Montvalent;302;6;308
46209;Nadaillac-de-Rouge;172;1;173
46210;Nadillac;56;2;58
46211;Nuzéjouls;313;9;322
46212;Orniac;102;0;102
46213;Padirac;188;4;192
46214;Parnac;367;13;380
46215;Payrac;672;9;681
46216;Payrignac;702;20;722
46217;Pern;402;33;435
46218;Pescadoires;133;1;134
46219;Peyrilles;345;10;355
46220;Pinsac;719;13;732
46221;Planioles;477;28;505
46222;Pomarède;175;8;183
46223;Pontcirq;152;4;156
46224;Pradines;3224;132;3356
46225;Prayssac;2428;97;2525
46226;Prendeignes;204;6;210
46227;Promilhanes;169;1;170
46228;Prudhomat;685;31;716
46231;Puy-l'Évêque;2197;44;2241
46229;Puybrun;863;21;884
46230;Puyjourdes;57;2;59
46232;Les Quatre-Routes-du-Lot;640;13;653
46233;Quissac;117;2;119
46234;Rampoux;99;4;103
46235;Reilhac;166;5;171
46236;Reilhaguet;132;0;132
46237;Reyrevignes;274;5;279
46238;Rignac;255;14;269
46239;Le Roc;231;5;236
46240;Rocamadour;633;20;653
46241;Rouffilhac;158;12;170
46242;Rudelle;183;6;189
46243;Rueyres;228;3;231
46244;Sabadel-Latronquière;98;4;102
46245;Sabadel-Lauzès;97;2;99
46246;Saignes;66;1;67
46247;Saillac;138;7;145
46249;Saint-Bressou;105;7;112
46250;Saint-Caprais;79;2;81
46251;Saint-Céré;3560;145;3705
46252;Saint-Cernin;195;2;197
46253;Saint-Chamarand;199;7;206
46254;Saint-Chels;150;3;153
46255;Saint-Cirgues;385;15;400
46256;Saint-Cirq-Lapopie;217;6;223
46257;Saint-Cirq-Madelon;147;2;149
46258;Saint-Cirq-Souillaguet;143;1;144
46259;Saint-Clair;151;2;153
46262;Saint-Cyprien;310;1;311
46263;Saint-Daunès;224;4;228
46264;Saint-Denis-Catus;205;4;209
46265;Saint-Denis-lès-Martel;403;9;412
46266;Saint-Félix;415;14;429
46267;Saint-Germain-du-Bel-Air;512;14;526
46268;Saint-Géry;445;10;455
46269;Saint-Hilaire;78;3;81
46270;Saint-Jean-de-Laur;203;6;209
46339;Saint-Jean-Lagineste;287;8;295
46271;Saint-Jean-Lespinasse;397;26;423
46272;Saint-Jean-Mirabel;224;2;226
46273;Saint-Laurent-les-Tours;911;36;947
46274;Saint-Laurent-Lolmie;200;2;202
46275;Saint-Martin-de-Vers;115;6;121
46276;Saint-Martin-Labouval;175;2;177
46277;Saint-Martin-le-Redon;211;5;216
46278;Saint-Matré;132;3;135
46279;Saint-Maurice-en-Quercy;215;6;221
46280;Saint-Médard;164;4;168
46281;Saint-Médard-de-Presque;195;13;208
46282;Saint-Médard-Nicourby;91;0;91
46283;Saint-Michel-de-Bannières;300;6;306
46284;Saint-Michel-Loubéjou;356;22;378
46285;Saint-Pantaléon;232;5;237
46287;Saint-Paul-de-Loubressac;516;14;530
46286;Saint-Paul-de-Vern;165;2;167
46288;Saint-Perdoux;202;8;210
46340;Saint-Pierre-Lafeuille;337;3;340
46289;Saint-Pierre-Toirac;140;1;141
46290;Saint-Projet;391;9;400
46291;Saint-Sauveur-la-Vallée;56;0;56
46292;Saint-Simon;126;2;128
46293;Saint-Sozy;506;17;523
46294;Saint-Sulpice;129;6;135
46295;Saint-Vincent-du-Pendit;192;7;199
46296;Saint-Vincent-Rive-d'Olt;480;9;489
46248;Sainte-Alauzie;139;0;139
46260;Sainte-Colombe;144;3;147
46261;Sainte-Croix;79;1;80
46297;Salviac;1202;17;1219
46298;Sarrazac;566;12;578
46299;Sauliac-sur-Célé;109;3;112
46300;Saux;123;2;125
46301;Sauzet;483;18;501
46302;Sénaillac-Latronquière;150;0;150
46303;Sénaillac-Lauzès;158;7;165
46304;Séniergues;135;6;141
46305;Sérignac;288;6;294
46306;Sonac;80;3;83
46307;Soturac;655;19;674
46308;Soucirac;102;6;108
46309;Souillac;3911;352;4263
46310;Soulomès;115;1;116
46311;Sousceyrac;917;25;942
46312;Strenquels;262;12;274
46313;Tauriac;371;6;377
46314;Terrou;192;46;238
46315;Teyssieu;192;6;198
46316;Thédirac;295;3;298
46317;Thégra;497;13;510
46318;Thémines;237;12;249
46319;Théminettes;166;1;167
46320;Tour-de-Faure;372;3;375
46321;Touzac;348;7;355
46322;Trespoux-Rassiels;733;36;769
46323;Ussel;72;0;72
46324;Uzech;210;8;218
46325;Vaillac;94;2;96
46326;Valprionde;131;8;139
46327;Valroufié;414;6;420
46328;Varaire;296;8;304
46329;Vaylats;249;2;251
46330;Vayrac;1318;19;1337
46331;Vers;411;14;425
46332;Viazac;292;36;328
46333;Vidaillac;165;2;167
46334;Le Vigan;1418;22;1440
46335;Villesèque;374;10;384
46336;Vire-sur-Lot;355;42;397
47001;Agen;33863;1349;35212
47002;Agmé;111;2;113
47003;Agnac;405;7;412
47004;Aiguillon;4344;174;4518
47005;Allemans-du-Dropt;463;14;477
47006;Allez-et-Cazeneuve;669;29;698
47007;Allons;173;7;180
47008;Ambrus;93;2;95
47009;Andiran;239;13;252
47010;Antagnac;211;3;214
47011;Anthé;208;5;213
47012;Anzex;259;1;260
47013;Argenton;284;7;291
47014;Armillac;163;3;166
47015;Astaffort;2002;68;2070
47016;Aubiac;991;28;1019
47017;Auradou;351;20;371
47018;Auriac-sur-Dropt;200;4;204
47019;Bajamont;901;46;947
47020;Baleyssagues;203;6;209
47021;Barbaste;1483;102;1585
47022;Bazens;515;14;529
47023;Beaugas;346;11;357
47024;Beaupuy;1332;32;1364
47025;Beauville;582;18;600
47026;Beauziac;243;5;248
47027;Bias;3169;166;3335
47028;Birac-sur-Trec;774;22;796
47029;Blanquefort-sur-Briolance;505;12;517
47030;Blaymont;221;7;228
47031;Boé;5278;131;5409
47032;Bon-Encontre;5936;159;6095
47033;Boudy-de-Beauregard;395;10;405
47034;Bouglon;583;7;590
47035;Bourgougnague;276;88;364
47036;Bourlens;364;10;374
47037;Bournel;242;5;247
47038;Bourran;612;8;620
47039;Boussès;42;0;42
47040;Brax;1760;48;1808
47041;Bruch;763;5;768
47042;Brugnac;186;7;193
47043;Buzet-sur-Baïse;1237;28;1265
47044;Cahuzac;290;7;297
47045;Calignac;426;19;445
47046;Calonges;553;6;559
47047;Cambes;165;1;166
47048;Cancon;1282;32;1314
47049;Casseneuil;2377;77;2454
47050;Cassignas;148;2;150
47051;Castelculier;2194;46;2240
47052;Casteljaloux;4598;66;4664
47053;Castella;332;11;343
47054;Castelmoron-sur-Lot;1750;47;1797
47056;Castelnau-sur-Gupie;805;19;824
47055;Castelnaud-de-Gratecambe;545;12;557
47057;Castillonnès;1471;33;1504
47058;Caubeyres;170;3;173
47059;Caubon-Saint-Sauveur;234;2;236
47060;Caudecoste;906;21;927
47061;Caumont-sur-Garonne;596;18;614
47062;Cauzac;372;10;382
47063;Cavarc;126;7;133
47064;Cazideroque;250;6;256
47065;Clairac;2464;208;2672
47066;Clermont-Dessous;792;21;813
47067;Clermont-Soubiran;375;11;386
47068;Cocumont;941;14;955
47069;Colayrac-Saint-Cirq;2841;104;2945
47070;Condezaygues;880;21;901
47071;Coulx;221;3;224
47072;Courbiac;110;1;111
47073;Cours;207;3;210
47074;Couthures-sur-Garonne;412;6;418
47075;La Croix-Blanche;811;19;830
47076;Cuq;241;4;245
47077;Cuzorn;842;21;863
47078;Damazan;1254;93;1347
47079;Dausse;487;5;492
47080;Dévillac;132;3;135
47081;Dolmayrac;572;12;584
47082;Dondas;208;5;213
47083;Doudrac;92;3;95
47084;Douzains;265;9;274
47085;Durance;266;7;273
47086;Duras;1190;23;1213
47087;Engayrac;148;7;155
47088;Escassefort;562;24;586
47089;Esclottes;149;2;151
47090;Espiens;379;7;386
47091;Estillac;1621;35;1656
47092;Fals;300;8;308
47093;Fargues-sur-Ourbise;359;11;370
47094;Fauguerolles;605;26;631
47095;Fauillet;851;15;866
47096;Ferrensac;210;11;221
47097;Feugarolles;944;21;965
47098;Fieux;344;10;354
47099;Fongrave;589;15;604
47100;Foulayronnes;4902;302;5204
47101;Fourques-sur-Garonne;1219;32;1251
47102;Francescas;717;24;741
47103;Fréchou;208;9;217
47104;Frégimont;245;2;247
47105;Frespech;288;6;294
47106;Fumel;5230;173;5403
47107;Galapian;301;5;306
47108;Gaujac;292;10;302
47109;Gavaudun;286;3;289
47110;Gontaud-de-Nogaret;1582;32;1614
47111;Granges-sur-Lot;606;8;614
47112;Grateloup-Saint-Gayrand;420;16;436
47113;Grayssas;122;2;124
47114;Grézet-Cavagnan;344;6;350
47115;Guérin;238;13;251
47117;Hautefage-la-Tour;768;19;787
47118;Hautesvignes;170;7;177
47119;Houeillès;639;14;653
47120;Jusix;116;4;120
47121;Labastide-Castel-Amouroux;324;6;330
47122;Labretonie;169;9;178
47123;Lacapelle-Biron;443;9;452
47124;Lacaussade;206;6;212
47125;Lacépède;283;6;289
47126;Lachapelle;95;3;98
47127;Lafitte-sur-Lot;759;26;785
47128;Lafox;1176;28;1204
47129;Lagarrigue;281;12;293
47130;Lagruère;324;11;335
47131;Lagupie;572;13;585
47132;Lalandusse;186;4;190
47133;Lamontjoie;501;21;522
47134;Lannes;412;21;433
47135;Laparade;451;10;461
47136;Laperche;130;10;140
47137;Laplume;1344;25;1369
47138;Laroque-Timbaut;1467;44;1511
47139;Lasserre;75;2;77
47140;Laugnac;615;9;624
47141;Laussou;259;2;261
47142;Lauzun;746;18;764
47143;Lavardac;2316;41;2357
47144;Lavergne;621;7;628
47145;Layrac;3457;129;3586
47146;Lédat;1078;39;1117
47147;Lévignac-de-Guyenne;639;27;666
47148;Leyritz-Moncassin;205;3;208
47150;Longueville;308;7;315
47151;Loubès-Bernac;391;7;398
47152;Lougratte;445;4;449
47154;Lusignan-Petit;349;13;362
47155;Madaillan;582;18;600
47156;Marcellus;770;28;798
47157;Marmande;17161;719;17880
47158;Marmont-Pachas;128;3;131
47159;Le Mas-d'Agenais;1420;19;1439
47160;Masquières;164;1;165
47161;Massels;107;0;107
47162;Massoulès;206;2;208
47163;Mauvezin-sur-Gupie;444;12;456
47164;Mazières-Naresse;131;3;134
47165;Meilhan-sur-Garonne;1312;156;1468
47167;Mézin;1523;45;1568
47168;Miramont-de-Guyenne;3229;149;3378
47169;Moirax;1087;35;1122
47170;Monbahus;662;97;759
47171;Monbalen;456;4;460
47172;Moncaut;488;11;499
47173;Monclar;890;19;909
47174;Moncrabeau;814;9;823
47175;Monflanquin;2342;57;2399
47176;Mongaillard;191;2;193
47177;Monheurt;200;4;204
47178;Monségur;369;4;373
47179;Monsempron-Libos;2077;55;2132
47180;Montagnac-sur-Auvignon;570;10;580
47181;Montagnac-sur-Lède;261;7;268
47182;Montastruc;279;9;288
47183;Montauriol;225;6;231
47184;Montaut;228;1;229
47185;Montayral;2986;67;3053
47186;Montesquieu;771;23;794
47187;Monteton;273;9;282
47188;Montignac-de-Lauzun;303;7;310
47189;Montignac-Toupinerie;129;2;131
47190;Montpezat;581;64;645
47191;Montpouillan;620;14;634
47192;Monviel;79;0;79
47193;Moulinet;200;6;206
47194;Moustier;323;13;336
47195;Nérac;6877;636;7513
47196;Nicole;272;26;298
47197;Nomdieu;233;7;240
47198;Pailloles;326;7;333
47199;Pardaillan;321;10;331
47200;Parranquet;118;4;122
47201;Le Passage;9324;248;9572
47202;Paulhiac;285;8;293
47203;Penne-d'Agenais;2429;61;2490
47204;Peyrière;260;7;267
47205;Pindères;223;4;227
47206;Pinel-Hauterive;516;17;533
47207;Pompiey;221;3;224
47208;Pompogne;162;4;166
47209;Pont-du-Casse;4305;160;4465
47210;Port-Sainte-Marie;1936;41;1977
47211;Poudenas;246;4;250
47212;Poussignac;261;4;265
47213;Prayssas;930;34;964
47214;Puch-d'Agenais;706;11;717
47215;Pujols;3672;187;3859
47216;Puymiclan;545;26;571
47217;Puymirol;925;19;944
47218;Puysserampion;232;5;237
47219;Rayet;160;1;161
47220;Razimet;223;9;232
47221;Réaup-Lisse;589;10;599
47222;La Réunion;432;11;443
47223;Rives;236;1;237
47224;Romestaing;173;5;178
47225;Roquefort;1654;55;1709
47226;Roumagne;540;17;557
47227;Ruffiac;169;5;174
47228;Saint-Antoine-de-Ficalba;629;18;647
47229;Saint-Astier;185;2;187
47230;Saint-Aubin;425;6;431
47231;Saint-Avit;174;1;175
47232;Saint-Barthélemy-d'Agenais;503;16;519
47234;Saint-Caprais-de-Lerm;549;20;569
47235;Saint-Colomb-de-Lauzun;479;23;502
47239;Saint-Étienne-de-Fougères;800;19;819
47240;Saint-Étienne-de-Villeréal;291;9;300
47241;Saint-Eutrope-de-Born;675;22;697
47242;Saint-Front-sur-Lémance;569;14;583
47328;Saint-Georges;548;22;570
47245;Saint-Géraud;68;4;72
47246;Saint-Hilaire-de-Lusignan;1366;32;1398
47247;Saint-Jean-de-Duras;229;12;241
47248;Saint-Jean-de-Thurac;492;12;504
47249;Saint-Laurent;490;12;502
47250;Saint-Léger;169;1;170
47251;Saint-Léon;293;6;299
47254;Saint-Martin-Curton;271;8;279
47255;Saint-Martin-de-Beauville;164;4;168
47256;Saint-Martin-de-Villeréal;104;4;108
47257;Saint-Martin-Petit;411;16;427
47259;Saint-Maurice-de-Lestapel;107;4;111
47260;Saint-Maurin;434;15;449
47262;Saint-Nicolas-de-la-Balerme;409;3;412
47263;Saint-Pardoux-du-Breuil;579;37;616
47264;Saint-Pardoux-Isaac;1163;27;1190
47265;Saint-Pastour;384;12;396
47266;Saint-Pé-Saint-Simon;215;4;219
47267;Saint-Pierre-de-Buzet;241;4;245
47269;Saint-Pierre-de-Clairac;814;20;834
47271;Saint-Pierre-sur-Dropt;258;20;278
47272;Saint-Quentin-du-Dropt;167;6;173
47273;Saint-Robert;173;7;180
47274;Saint-Romain-le-Noble;404;11;415
47275;Saint-Salvy;195;2;197
47276;Saint-Sardos;333;9;342
47277;Saint-Sauveur-de-Meilhan;297;8;305
47278;Saint-Sernin;447;12;459
47279;Saint-Sixte;310;2;312
47280;Saint-Sylvestre-sur-Lot;2200;54;2254
47281;Saint-Urcisse;225;4;229
47282;Saint-Vincent-de-Lamontjoie;240;6;246
47283;Saint-Vite;1185;36;1221
47233;Sainte-Bazeille;2880;140;3020
47236;Sainte-Colombe-de-Duras;93;2;95
47237;Sainte-Colombe-de-Villeneuve;411;12;423
47238;Sainte-Colombe-en-Bruilhois;1638;40;1678
47244;Sainte-Gemme-Martaillac;310;11;321
47252;Sainte-Livrade-sur-Lot;6142;224;6366
47253;Sainte-Marthe;471;11;482
47258;Sainte-Maure-de-Peyriac;341;13;354
47284;Salles;306;9;315
47285;Samazan;843;16;859
47286;Sauméjan;80;0;80
47287;Saumont;208;5;213
47288;Sauvagnas;437;5;442
47289;La Sauvetat-de-Savères;490;14;504
47290;La Sauvetat-du-Dropt;587;18;605
47291;La Sauvetat-sur-Lède;597;14;611
47292;Sauveterre-la-Lémance;598;10;608
47293;Sauveterre-Saint-Denis;448;3;451
47294;Savignac-de-Duras;245;7;252
47295;Savignac-sur-Leyze;267;8;275
47296;Ségalas;164;4;168
47297;Sembas;144;2;146
47298;Sénestis;197;8;205
47299;Sérignac-Péboudou;173;6;179
47300;Sérignac-sur-Garonne;1073;25;1098
47301;Seyches;977;43;1020
47302;Sos;697;14;711
47303;Soumensac;238;3;241
47304;Taillebourg;89;5;94
47305;Tayrac;313;4;317
47306;Le Temple-sur-Lot;985;36;1021
47307;Thézac;179;9;188
47308;Thouars-sur-Garonne;195;3;198
47309;Tombeboeuf;439;8;447
47310;Tonneins;9127;354;9481
47311;Tourliac;132;3;135
47312;Tournon-d'Agenais;808;14;822
47313;Tourtrès;125;5;130
47314;Trémons;362;10;372
47315;Trentels;817;26;843
47316;Varès;658;17;675
47317;Verteuil-d'Agenais;485;12;497
47318;Vianne;1154;27;1181
47319;Villebramar;91;2;93
47320;Villefranche-du-Queyran;393;3;396
47321;Villeneuve-de-Duras;273;3;276
47323;Villeneuve-sur-Lot;23436;1024;24460
47324;Villeréal;1255;91;1346
47325;Villeton;517;12;529
47326;Virazeil;1603;48;1651
47327;Xaintrailles;382;7;389
48001;Albaret-le-Comtal;208;2;210
48002;Albaret-Sainte-Marie;537;11;548
48003;Allenc;237;5;242
48004;Altier;214;12;226
48005;Antrenas;314;10;324
48007;Arzenc-d'Apcher;48;2;50
48008;Arzenc-de-Randon;206;6;212
48009;Aumont-Aubrac;1099;38;1137
48010;Auroux;440;1;441
48013;Badaroux;889;23;912
48014;Bagnols-les-Bains;233;4;237
48016;Balsièges;514;24;538
48017;Banassac;861;35;896
48018;Barjac;647;15;662
48019;Barre-des-Cévennes;207;10;217
48020;Bassurels;71;4;75
48021;La Bastide-Puylaurent;172;7;179
48022;Bédouès;306;13;319
48023;Belvezet;91;1;92
48025;Les Bessons;447;5;452
48026;Blavignac;212;19;231
48027;Le Bleymard;356;33;389
48028;Les Bondons;139;4;143
48029;Le Born;154;1;155
48030;Brenoux;296;12;308
48031;Brion;94;4;98
48032;Le Buisson;207;12;219
48033;Canilhac;136;7;143
48034;La Canourgue;2116;94;2210
48036;Cassagnas;123;6;129
48037;Chadenet;111;5;116
48038;Chambon-le-Château;319;12;331
48039;Chanac;1335;36;1371
48040;Chasseradès;159;1;160
48041;Chastanier;92;3;95
48042;Chastel-Nouvel;720;31;751
48043;Châteauneuf-de-Randon;520;19;539
48044;Chauchailles;96;2;98
48045;Chaudeyrac;296;3;299
48046;Chaulhac;66;4;70
48047;La Chaze-de-Peyre;246;3;249
48048;Cheylard-l'Évêque;61;2;63
48049;Chirac;1106;32;1138
48050;Cocurès;197;4;201
48051;Le Collet-de-Dèze;700;31;731
48053;Cubières;172;10;182
48054;Cubiérettes;53;1;54
48055;Cultures;123;4;127
48056;Esclanèdes;306;15;321
48057;Estables;152;7;159
48058;La Fage-Montivernoux;173;6;179
48059;La Fage-Saint-Julien;269;5;274
48060;Fau-de-Peyre;171;3;174
48061;Florac;1909;89;1998
48062;Fontanes;120;7;127
48063;Fontans;207;3;210
48064;Fournels;347;7;354
48065;Fraissinet-de-Fourques;63;0;63
48066;Fraissinet-de-Lozère;222;3;225
48067;Gabriac;107;6;113
48068;Gabrias;131;4;135
48069;Gatuzières;45;1;46
48070;Grandrieu;762;31;793
48071;Grandvals;82;3;85
48072;Grèzes;233;11;244
48073;Les Hermaux;117;2;119
48074;Hures-la-Parade;219;10;229
48075;Ispagnac;840;17;857
48076;Javols;332;24;356
48077;Julianges;71;0;71
48078;Lachamp;175;3;178
48079;Lajo;121;4;125
48080;Langogne;3115;167;3282
48081;Lanuéjols;331;9;340
48082;Laubert;113;8;121
48083;Les Laubies;165;2;167
48084;Laval-Atger;168;1;169
48085;Laval-du-Tarn;107;3;110
48086;Luc;223;7;230
48087;Malbouzon;157;5;162
48088;La Malène;164;3;167
48089;Le Malzieu-Forain;447;18;465
48090;Le Malzieu-Ville;878;28;906
48091;Marchastel;87;0;87
48092;Marvejols;5071;319;5390
48093;Mas-d'Orcières;141;4;145
48141;Mas-Saint-Chély;129;5;134
48094;Le Massegros;343;9;352
48095;Mende;12153;1028;13181
48096;Meyrueis;910;177;1087
48097;Moissac-Vallée-Française;237;5;242
48098;Molezon;118;1;119
48099;Le Monastier-Pin-Moriès;858;26;884
48100;Montbel;134;3;137
48101;Montbrun;84;4;88
48103;Montrodat;1186;55;1241
48012;Les Monts-Verts;344;10;354
48104;Nasbinals;510;11;521
48105;Naussac;202;10;212
48106;Noalhac;101;3;104
48107;Palhers;200;7;207
48108;La Panouse;84;6;90
48110;Paulhac-en-Margeride;108;5;113
48111;Pelouse;256;0;256
48015;Pied-de-Borne;210;8;218
48112;Pierrefiche;161;4;165
48115;Le Pompidou;201;7;208
48116;Le Pont-de-Montvert;287;15;302
48117;Pourcharesses;132;4;136
48119;Prévenchères;271;10;281
48120;Prinsuéjols;160;2;162
48121;Prunières;249;8;257
48122;Quézac;309;11;320
48123;Recoules-d'Aubrac;249;3;252
48124;Recoules-de-Fumas;97;0;97
48125;Le Recoux;117;6;123
48126;Ribennes;165;4;169
48127;Rieutort-de-Randon;744;20;764
48128;Rimeize;601;20;621
48129;Rocles;205;2;207
48130;Rousses;101;3;104
48131;Le Rozier;149;3;152
48132;Saint-Alban-sur-Limagnole;1506;61;1567
48133;Saint-Amans;138;1;139
48134;Saint-Andéol-de-Clerguemort;89;4;93
48135;Saint-André-Capcèze;172;1;173
48136;Saint-André-de-Lancize;117;4;121
48137;Saint-Bauzile;545;19;564
48138;Saint-Bonnet-de-Chirac;55;2;57
48139;Saint-Bonnet-de-Montauroux;132;3;135
48140;Saint-Chély-d'Apcher;4468;626;5094
48145;Saint-Denis-en-Margeride;211;2;213
48147;Saint-Étienne-du-Valdonnez;608;44;652
48148;Saint-Étienne-Vallée-Française;526;33;559
48150;Saint-Flour-de-Mercoire;161;4;165
48151;Saint-Frézal-d'Albuges;47;2;49
48152;Saint-Frézal-de-Ventalon;159;7;166
48153;Saint-Gal;104;0;104
48154;Saint-Georges-de-Lévéjac;259;2;261
48155;Saint-Germain-de-Calberte;448;13;461
48156;Saint-Germain-du-Teil;835;12;847
48158;Saint-Hilaire-de-Lavit;96;4;100
48160;Saint-Jean-la-Fouillouse;163;3;166
48161;Saint-Juéry;69;3;72
48162;Saint-Julien-d'Arpaon;120;2;122
48163;Saint-Julien-des-Points;103;5;108
48164;Saint-Julien-du-Tournel;103;7;110
48165;Saint-Laurent-de-Muret;170;8;178
48166;Saint-Laurent-de-Trèves;175;2;177
48167;Saint-Laurent-de-Veyrès;42;0;42
48168;Saint-Léger-de-Peyre;176;5;181
48169;Saint-Léger-du-Malzieu;212;2;214
48170;Saint-Martin-de-Boubaux;181;9;190
48171;Saint-Martin-de-Lansuscle;130;8;138
48172;Saint-Maurice-de-Ventalon;71;4;75
48173;Saint-Michel-de-Dèze;209;2;211
48174;Saint-Paul-le-Froid;154;7;161
48175;Saint-Pierre-de-Nogaret;150;3;153
48176;Saint-Pierre-des-Tripiers;76;2;78
48177;Saint-Pierre-le-Vieux;273;13;286
48178;Saint-Privat-de-Vallongue;267;5;272
48179;Saint-Privat-du-Fau;130;3;133
48180;Saint-Rome-de-Dolan;79;2;81
48181;Saint-Saturnin;64;4;68
48182;Saint-Sauveur-de-Ginestoux;65;1;66
48183;Saint-Sauveur-de-Peyre;263;5;268
48184;Saint-Symphorien;259;6;265
48142;Sainte-Colombe-de-Peyre;223;6;229
48144;Sainte-Croix-Vallée-Française;305;21;326
48146;Sainte-Enimie;523;25;548
48149;Sainte-Eulalie;59;1;60
48157;Sainte-Hélène;66;1;67
48187;Les Salces;92;4;96
48185;Les Salelles;149;3;152
48186;La Salle-Prunet;149;2;151
48188;Serverette;287;5;292
48189;Servières;175;3;178
48190;Termes;210;5;215
48191;La Tieule;98;6;104
48192;Trélans;102;5;107
48193;Vebron;220;12;232
48194;Vialas;420;70;490
48195;Les Vignes;94;4;98
48197;La Villedieu;42;0;42
48198;Villefort;634;34;668
49001;Les Alleuds;843;20;863
49002;Allonnes;2911;86;2997
49003;Ambillou-Château;909;23;932
49004;Andard;2441;56;2497
49005;Andigné;314;5;319
49006;Andrezé;1800;57;1857
49007;Angers;151108;4593;155701
49008;Angrie;866;15;881
49009;Antoigné;467;7;474
49010;Armaillé;294;12;306
49011;Artannes-sur-Thouet;452;14;466
49012;Aubigné-sur-Layon;357;9;366
49013;Auverse;418;14;432
49014;Aviré;426;19;445
49015;Avrillé;12538;343;12881
49017;Baracé;421;11;432
49018;Baugé;3511;103;3614
49019;Bauné;1421;50;1471
49020;Beaucouzé;4827;122;4949
49021;Beaufort-en-Vallée;5947;139;6086
49022;Beaulieu-sur-Layon;1393;29;1422
49023;Beaupréau;6544;461;7005
49024;Beausse;380;5;385
49025;Beauvau;248;5;253
49026;Bécon-les-Granits;2601;133;2734
49027;Bégrolles-en-Mauges;1749;49;1798
49028;Béhuard;130;5;135
49029;Blaison-Gohier;1050;35;1085
49030;Blou;963;32;995
49031;Bocé;563;8;571
49032;La Bohalle;1225;32;1257
49033;La Boissière-sur-Èvre;399;6;405
49034;Botz-en-Mauges;784;23;807
49035;Bouchemaine;5886;181;6067
49036;Bouillé-Ménard;728;12;740
49037;Le Bourg-d'Iré;795;14;809
49038;Bourg-l'Évêque;212;7;219
49039;Bourgneuf-en-Mauges;691;24;715
49040;Bouzillé;1444;34;1478
49041;Brain-sur-Allonnes;1927;44;1971
49042;Brain-sur-l'Authion;3401;294;3695
49043;Brain-sur-Longuenée;950;18;968
49044;Breil;275;8;283
49045;La Breille-les-Pins;550;15;565
49046;Brézé;1320;24;1344
49047;Brigné;360;11;371
49048;Briollay;2565;56;2621
49049;Brion;1097;23;1120
49050;Brissac-Quincé;2588;148;2736
49051;Brissarthe;608;18;626
49052;Broc;335;2;337
49053;Brossay;299;4;303
49054;Candé;2761;56;2817
49055;Cantenay-Épinard;1975;47;2022
49056;Carbay;247;3;250
49057;Cernusson;277;9;286
49058;Les Cerqueux;788;19;807
49059;Les Cerqueux-sous-Passavant;479;10;489
49060;Chacé;1239;26;1265
49061;Challain-la-Potherie;806;23;829
49062;Chalonnes-sous-le-Lude;128;3;131
49063;Chalonnes-sur-Loire;6137;164;6301
49064;Chambellay;305;5;310
49066;Champ-sur-Layon;949;22;971
49065;Champigné;1999;82;2081
49067;Champteussé-sur-Baconne;221;3;224
49068;Champtocé-sur-Loire;1725;26;1751
49069;Champtoceaux;2221;55;2276
49070;Chanteloup-les-Bois;675;22;697
49071;Chanzeaux;1056;16;1072
49072;La Chapelle-du-Genêt;1221;16;1237
49073;La Chapelle-Hullin;134;4;138
49074;La Chapelle-Rousselin;692;18;710
49075;La Chapelle-Saint-Florent;1122;33;1155
49076;La Chapelle-Saint-Laud;589;7;596
49077;La Chapelle-sur-Oudon;561;14;575
49078;Charcé-Saint-Ellier-sur-Aubance;711;13;724
49079;Chartrené;55;0;55
49080;Châteauneuf-sur-Sarthe;2765;37;2802
49081;Châtelais;630;21;651
49082;Chaudefonds-sur-Layon;941;20;961
49083;Chaudron-en-Mauges;1416;30;1446
49084;Chaumont-d'Anjou;306;2;308
49085;La Chaussaire;721;12;733
49086;Chavagnes;936;21;957
49087;Chavaignes;96;5;101
49088;Chazé-Henry;891;27;918
49089;Chazé-sur-Argos;976;23;999
49090;Cheffes;878;14;892
49091;Chemellier;670;12;682
49092;Chemillé;6868;243;7111
49093;Chemiré-sur-Sarthe;258;4;262
49094;Chênehutte-Trèves-Cunault;1055;36;1091
49095;Chenillé-Changé;137;1;138
49096;Cherré;494;12;506
49097;Cheviré-le-Rouge;863;11;874
49098;Chigné;299;2;301
49099;Cholet;54371;2035;56406
49100;Cizay-la-Madeleine;431;8;439
49101;Clefs;954;19;973
49102;Cléré-sur-Layon;331;11;342
49103;Combrée;2611;77;2688
49104;Concourson-sur-Layon;543;15;558
49105;Contigné;760;43;803
49106;Corné;2887;75;2962
49107;Cornillé-les-Caves;426;5;431
49108;La Cornuaille;895;21;916
49109;Coron;1477;24;1501
49110;Corzé;1594;29;1623
49111;Cossé-d'Anjou;437;8;445
49112;Le Coudray-Macouard;870;35;905
49113;Courchamps;445;14;459
49114;Courléon;150;6;156
49115;Coutures;527;14;541
49116;Cuon;575;10;585
49117;La Daguenière;1289;27;1316
49119;Daumeray;1499;37;1536
49120;Denée;1402;33;1435
49121;Dénezé-sous-Doué;444;13;457
49122;Dénezé-sous-le-Lude;288;3;291
49123;Distré;1473;54;1527
49125;Doué-la-Fontaine;7428;301;7729
49126;Drain;1690;42;1732
49127;Durtal;3315;71;3386
49128;Échemiré;588;10;598
49129;Écouflant;3747;64;3811
49130;Écuillé;571;16;587
49131;Épieds;614;11;625
49132;Étriché;1416;26;1442
49133;Faveraye-Mâchelles;617;21;638
49134;Faye-d'Anjou;1210;39;1249
49135;Feneu;2074;49;2123
49136;La Ferrière-de-Flée;316;2;318
49137;Le Fief-Sauvin;1539;18;1557
49138;Fontaine-Guérin;891;22;913
49139;Fontaine-Milon;415;7;422
49140;Fontevraud-l'Abbaye;1500;26;1526
49141;Forges;212;6;218
49142;La Fosse-de-Tigné;184;8;192
49143;Fougeré;770;16;786
49144;Freigné;1138;23;1161
49145;Le Fuilet;1849;57;1906
49147;Gée;333;31;364
49148;Gené;440;3;443
49149;Gennes;1948;62;2010
49150;Genneteil;346;3;349
49151;Gesté;2478;40;2518
49155;Grez-Neuville;1455;28;1483
49154;Grézillé;491;14;505
49156;Grugé-l'Hôpital;287;9;296
49157;Le Guédéniau;311;9;320
49158;L' Hôtellerie-de-Flée;466;9;475
49159;Huillé;491;9;500
49160;Ingrandes;1571;19;1590
49161;La Jaille-Yvon;275;7;282
49162;Jallais;3160;106;3266
49163;Jarzé;1500;32;1532
49165;La Jubaudière;1188;35;1223
49167;Juigné-sur-Loire;2497;61;2558
49169;La Jumellière;1284;22;1306
49170;Juvardeil;826;24;850
49171;La Lande-Chasles;101;3;104
49172;Landemont;1603;35;1638
49173;Lasse;251;6;257
49174;Lézigné;709;11;720
49175;Linières-Bouton;97;4;101
49176;Le Lion-d'Angers;3675;97;3772
49177;Liré;2377;121;2498
49178;Loiré;784;17;801
49179;Le Longeron;2053;90;2143
49180;Longué-Jumelles;6887;190;7077
49181;Louerre;383;10;393
49182;Louresse-Rochemenier;796;12;808
49183;Le Louroux-Béconnais;2703;30;2733
49184;Louvaines;541;9;550
49185;Lué-en-Baugeois;347;5;352
49186;Luigné;238;3;241
49187;Marans;458;14;472
49188;Marcé;829;8;837
49189;Marigné;616;18;634
49190;Le Marillais;952;14;966
49191;Martigné-Briand;1844;84;1928
49192;Maulévrier;2951;71;3022
49193;Le May-sur-Èvre;3832;111;3943
49194;Mazé;4547;101;4648
49195;Mazières-en-Mauges;964;25;989
49196;La Meignanne;2085;97;2182
49198;Meigné;334;10;344
49197;Meigné-le-Vicomte;339;8;347
49199;Melay;1578;66;1644
49200;La Membrolle-sur-Longuenée;1684;19;1703
49201;La Ménitré;2071;35;2106
49202;Méon;261;7;268
49204;Le Mesnil-en-Vallée;1452;31;1483
49205;Miré;978;10;988
49206;Montfaucon-Montigné;1805;28;1833
49207;Montfort;111;2;113
49208;Montguillon;187;7;194
49209;Montigné-lès-Rairies;362;9;371
49211;Montilliers;1153;77;1230
49212;Montjean-sur-Loire;2736;61;2797
49213;Montpollin;182;1;183
49215;Montreuil-Bellay;4045;284;4329
49214;Montreuil-Juigné;6797;142;6939
49216;Montreuil-sur-Loir;463;7;470
49217;Montreuil-sur-Maine;704;12;716
49218;Montrevault;1241;22;1263
49219;Montsoreau;493;17;510
49220;Morannes;1664;22;1686
49221;Mouliherne;894;15;909
49222;Mozé-sur-Louet;1951;43;1994
49223;Mûrs-Erigné;5305;149;5454
49224;Neuillé;862;29;891
49225;Neuvy-en-Mauges;793;15;808
49226;Noëllet;384;7;391
49227;Notre-Dame-d'Allençon;498;16;514
49228;Noyant;1902;65;1967
49229;Noyant-la-Gravoyère;1815;33;1848
49230;Noyant-la-Plaine;281;5;286
49231;Nuaillé;1317;25;1342
49232;Nueil-sur-Layon;1282;55;1337
49233;Nyoiseau;1307;255;1562
49235;Parnay;481;14;495
49234;Parçay-les-Pins;908;12;920
49236;Passavant-sur-Layon;131;5;136
49237;La Pellerine;157;5;162
49238;Pellouailles-les-Vignes;2378;51;2429
49239;Le Pin-en-Mauges;1276;27;1303
49240;La Plaine;936;27;963
49241;Le Plessis-Grammoire;2219;46;2265
49242;Le Plessis-Macé;1208;11;1219
49243;La Poitevinière;1001;24;1025
49244;La Pommeraye;4008;162;4170
49245;Pontigné;256;11;267
49246;Les Ponts-de-Cé;11500;556;12056
49247;La Possonnière;2310;48;2358
49248;Pouancé;3211;144;3355
49249;La Pouëze;1678;23;1701
49250;La Prévière;257;6;263
49251;Pruillé;611;8;619
49252;Le Puiset-Doré;1076;21;1097
49253;Le Puy-Notre-Dame;1310;47;1357
49254;Querré;297;6;303
49256;Rablay-sur-Layon;721;28;749
49257;Les Rairies;972;19;991
49258;La Renaudière;963;13;976
49259;Rochefort-sur-Loire;2127;55;2182
49260;La Romagne;1673;54;1727
49261;Les Rosiers-sur-Loire;2325;42;2367
49262;Rou-Marson;690;23;713
49263;Roussay;1085;22;1107
49264;Saint-André-de-la-Marche;2730;73;2803
49265;Saint-Aubin-de-Luigné;1071;25;1096
49266;Saint-Augustin-des-Bois;985;17;1002
49267;Saint-Barthélemy-d'Anjou;9003;362;9365
49269;Saint-Christophe-du-Bois;2680;73;2753
49270;Saint-Christophe-la-Couperie;686;6;692
49271;Saint-Clément-de-la-Place;1777;33;1810
49272;Saint-Clément-des-Levées;1149;36;1185
49273;Saint-Crespin-sur-Moine;1527;32;1559
49274;Saint-Cyr-en-Bourg;995;43;1038
49276;Saint-Florent-le-Vieil;2679;79;2758
49281;Saint-Georges-des-Gardes;1603;47;1650
49279;Saint-Georges-des-Sept-Voies;648;17;665
49280;Saint-Georges-du-Bois;380;10;390
49282;Saint-Georges-sur-Layon;736;16;752
49283;Saint-Georges-sur-Loire;3241;73;3314
49284;Saint-Germain-des-Prés;1324;31;1355
49285;Saint-Germain-sur-Moine;2730;68;2798
49288;Saint-Jean-de-la-Croix;237;5;242
49289;Saint-Jean-de-Linières;1550;42;1592
49290;Saint-Jean-des-Mauvrets;1697;33;1730
49291;Saint-Just-sur-Dive;366;2;368
49292;Saint-Lambert-du-Lattay;1701;50;1751
49294;Saint-Lambert-la-Potherie;2378;79;2457
49295;Saint-Laurent-de-la-Plaine;1673;56;1729
49296;Saint-Laurent-des-Autels;1958;32;1990
49297;Saint-Laurent-du-Mottay;756;19;775
49298;Saint-Léger-des-Bois;1491;39;1530
49299;Saint-Léger-sous-Cholet;2438;105;2543
49300;Saint-Lézin;732;14;746
49302;Saint-Macaire-du-Bois;421;5;426
49301;Saint-Macaire-en-Mauges;6530;138;6668
49303;Saint-Martin-d'Arcé;747;23;770
49304;Saint-Martin-de-la-Place;1145;29;1174
49305;Saint-Martin-du-Bois;793;19;812
49306;Saint-Martin-du-Fouilloux;1586;30;1616
49307;Saint-Mathurin-sur-Loire;2349;61;2410
49308;Saint-Melaine-sur-Aubance;2112;53;2165
49309;Saint-Michel-et-Chanveaux;339;20;359
49310;Saint-Paul-du-Bois;561;17;578
49311;Saint-Philbert-du-Peuple;1282;25;1307
49312;Saint-Philbert-en-Mauges;359;9;368
49313;Saint-Pierre-Montlimart;3177;80;3257
49314;Saint-Quentin-en-Mauges;1002;30;1032
49315;Saint-Quentin-lès-Beaurepaire;276;4;280
49316;Saint-Rémy-en-Mauges;1354;45;1399
49317;Saint-Rémy-la-Varenne;1008;12;1020
49318;Saint-Saturnin-sur-Loire;1291;40;1331
49319;Saint-Sauveur-de-Flée;284;9;293
49320;Saint-Sauveur-de-Landemont;828;10;838
49321;Saint-Sigismond;376;18;394
49322;Saint-Sulpice;186;14;200
49323;Saint-Sylvain-d'Anjou;4447;193;4640
49268;Sainte-Christine;761;8;769
49277;Sainte-Gemmes-d'Andigné;1539;57;1596
49278;Sainte-Gemmes-sur-Loire;3922;256;4178
49325;La Salle-de-Vihiers;1058;33;1091
49324;La Salle-et-Chapelle-Aubry;1206;31;1237
49326;Sarrigné;810;15;825
49327;Saulgé-l'Hôpital;506;2;508
49328;Saumur;28113;1474;29587
49329;Savennières;1417;28;1445
49330;Sceaux-d'Anjou;781;10;791
49331;Segré;6492;408;6900
49332;La Séguinière;3636;113;3749
49333;Seiches-sur-le-Loir;3042;38;3080
49334;Sermaise;332;2;334
49335;Soeurdres;325;10;335
49336;Somloire;892;11;903
49337;Soucelles;2496;44;2540
49338;Soulaines-sur-Aubance;1197;41;1238
49339;Soulaire-et-Bourg;1354;32;1386
49341;Souzay-Champigny;713;17;730
49342;Tancoigné;286;4;290
49343;La Tessoualle;3032;48;3080
49344;Thorigné-d'Anjou;1010;17;1027
49345;Thouarcé;1805;61;1866
49346;Le Thoureil;417;11;428
49347;Tiercé;4070;67;4137
49348;Tigné;759;24;783
49349;Tillières;1687;26;1713
49350;Torfou;2065;40;2105
49351;La Tourlandry;1238;54;1292
49352;Toutlemonde;1096;38;1134
49353;Trélazé;12030;203;12233
49354;Le Tremblay;346;11;357
49355;Trémentines;2865;105;2970
49356;Trémont;386;13;399
49358;Turquant;526;22;548
49359;Les Ulmes;526;13;539
49153;Valanjou;2172;63;2235
49360;La Varenne;1633;57;1690
49361;Varennes-sur-Loire;1887;70;1957
49362;Varrains;1192;25;1217
49363;Vauchrétien;1531;58;1589
49364;Vaudelnay;1201;17;1218
49380;Vaulandry;278;4;282
49365;Les Verchers-sur-Layon;852;20;872
49366;Vergonnes;304;10;314
49367;Vern-d'Anjou;1776;46;1822
49368;Vernantes;1876;45;1921
49369;Vernoil-le-Fourrier;1231;33;1264
49370;Verrie;424;7;431
49371;Vezins;1642;41;1683
49372;Le Vieil-Baugé;1303;66;1369
49373;Vihiers;4177;142;4319
49374;Villebernier;1411;26;1437
49375;Villedieu-la-Blouère;2269;57;2326
49376;Villemoisan;583;15;598
49377;Villevêque;2738;43;2781
49378;Vivy;2194;92;2286
49381;Yzernay;1660;49;1709
50001;Acqueville;632;18;650
50002;Agneaux;4161;486;4647
50003;Agon-Coutainville;2798;87;2885
50004;Airel;515;6;521
50005;Amfreville;298;9;307
50006;Amigny;143;3;146
50007;Ancteville;212;1;213
50008;Anctoville-sur-Boscq;558;16;574
50009;Angey;214;4;218
50010;Angoville-au-Plain;43;3;46
50012;Angoville-sur-Ay;253;8;261
50013;Anneville-en-Saire;369;6;375
50014;Anneville-sur-Mer;221;10;231
50015;Annoville;592;24;616
50016;Appeville;211;9;220
50018;Argouges;552;12;564
50019;Aucey-la-Plaine;451;11;462
50020;Auderville;295;9;304
50021;Audouville-la-Hubert;64;6;70
50022;Aumeville-Lestre;139;1;140
50023;Auvers;653;6;659
50024;Auxais;165;1;166
50025;Avranches;8226;566;8792
50026;Azeville;78;1;79
50027;Bacilly;785;33;818
50028;La Baleine;92;2;94
50029;Barenton;1282;41;1323
50030;Barfleur;659;7;666
50031;Barneville-Carteret;2316;57;2373
50032;La Barre-de-Semilly;932;34;966
50033;Baubigny;149;5;154
50034;Baudre;475;17;492
50035;Baudreville;84;0;84
50036;Baupte;434;5;439
50037;La Bazoge;166;3;169
50038;Beauchamps;382;12;394
50039;Beaucoudray;145;3;148
50040;Beauficel;164;5;169
50041;Beaumont-Hague;1307;33;1340
50042;Beauvoir;419;19;438
50043;Bellefontaine;149;5;154
50044;Belval;298;7;305
50045;Benoîtville;551;12;563
50046;Bérigny;364;13;377
50048;Beslon;514;10;524
50049;Besneville;655;9;664
50050;Beuvrigny;153;4;157
50051;Beuzeville-au-Plain;51;0;51
50052;Beuzeville-la-Bastille;149;6;155
50054;Biéville;165;4;169
50055;Biniville;92;0;92
50056;Bion;371;22;393
50057;Biville;522;12;534
50058;Blainville-sur-Mer;1596;30;1626
50059;Blosville;259;6;265
50060;La Bloutière;396;8;404
50061;Boisroger;165;3;168
50062;Boisyvon;114;2;116
50063;Bolleville;378;14;392
50064;La Bonneville;160;6;166
50069;Bourguenolles;280;1;281
50070;Boutteville;56;1;57
50071;Braffais;176;2;178
50072;Brainville;177;1;178
50073;Branville-Hague;160;1;161
50074;Brécey;2154;183;2337
50075;Brectouville;143;0;143
50076;Bréhal;2971;86;3057
50077;Bretteville;1031;43;1074
50078;Bretteville-sur-Ay;337;3;340
50079;Breuville;387;4;391
50080;Brévands;356;15;371
50081;Bréville-sur-Mer;809;40;849
50082;Bricquebec;4239;128;4367
50083;Bricquebosq;480;8;488
50084;Bricqueville-la-Blouette;528;25;553
50085;Bricqueville-sur-Mer;1085;23;1108
50086;Brillevast;275;8;283
50087;Brix;2001;53;2054
50088;Brouains;193;4;197
50089;Brucheville;149;3;152
50090;Buais;600;17;617
50092;Cambernon;698;19;717
50093;Cametours;406;12;418
50094;Camprond;343;8;351
50095;Canisy;1032;30;1062
50096;Canteloup;173;8;181
50097;Canville-la-Rocque;129;1;130
50098;Carantilly;587;16;603
50099;Carentan;6096;499;6595
50100;Carnet;469;21;490
50101;Carneville;222;6;228
50102;Carolles;719;27;746
50103;Carquebut;298;8;306
50105;Catteville;119;0;119
50107;Catz;119;1;120
50106;Cavigny;200;7;207
50108;Céaux;430;7;437
50109;Cérences;1794;38;1832
50110;Cerisy-la-Forêt;909;7;916
50111;Cerisy-la-Salle;1029;33;1062
50112;La Chaise-Baudouin;427;15;442
50114;Les Chambres;114;3;117
50115;Champcervon;208;4;212
50116;Champcey;179;3;182
50117;Champeaux;374;5;379
50118;Champrepus;282;4;286
50119;Les Champs-de-Losque;205;4;209
50120;Chanteloup;301;4;305
50121;La Chapelle-Cécelin;201;6;207
50123;La Chapelle-en-Juger;661;14;675
50124;La Chapelle-Urée;130;6;136
50125;Chasseguey;74;4;78
50514;Chaulieu;280;8;288
50126;Chavoy;131;0;131
50127;Chef-du-Pont;755;19;774
50128;Le Chefresne;300;6;306
50129;Cherbourg-Octeville;40288;1275;41563
50130;Chérencé-le-Héron;384;5;389
50131;Chérencé-le-Roussel;342;10;352
50132;Les Chéris;249;5;254
50133;Chèvreville;196;4;200
50134;Chevry;78;0;78
50135;Clitourps;185;3;188
50136;Coigny;206;3;209
50137;La Colombe;619;20;639
50138;Colomby;472;2;474
50139;Condé-sur-Vire;3226;126;3352
50140;Contrières;373;7;380
50142;Cosqueville;570;7;577
50143;Coudeville-sur-Mer;766;17;783
50144;Coulouvray-Boisbenâtre;574;8;582
50145;Courcy;528;9;537
50146;Courtils;249;15;264
50147;Coutances;9483;1346;10829
50148;Couvains;429;11;440
50149;Couville;937;27;964
50150;Crasville;242;5;247
50151;Créances;2126;42;2168
50152;Les Cresnays;252;4;256
50153;Cretteville;223;5;228
50154;La Croix-Avranchin;504;12;516
50155;Crollon;241;5;246
50156;Crosville-sur-Douve;64;1;65
50158;Cuves;357;11;368
50159;Dangy;656;11;667
50160;Denneville;531;13;544
50161;Le Dézert;555;6;561
50162;Digosville;1549;56;1605
50163;Digulleville;297;3;300
50164;Domjean;977;12;989
50165;Donville-les-Bains;3326;130;3456
50166;Doville;288;5;293
50167;Dragey-Ronthon;762;19;781
50168;Ducey;2353;57;2410
50169;Écausseville;105;0;105
50170;Écoquenéauville;69;1;70
50171;Éculleville;47;0;47
50172;Émondeville;332;7;339
50173;Équeurdreville-Hainneville;17569;515;18084
50174;Équilly;151;6;157
50175;Éroudeville;246;6;252
50176;L' Étang-Bertrand;315;5;320
50177;Étienville;330;12;342
50178;Fermanville;1417;39;1456
50179;Ferrières;61;0;61
50180;Fervaches;352;7;359
50181;Feugères;348;7;355
50182;La Feuillie;287;3;290
50183;Fierville-les-Mines;304;7;311
50184;Flamanville;1687;38;1725
50185;Fleury;859;23;882
50186;Flottemanville;199;5;204
50187;Flottemanville-Hague;867;28;895
50188;Folligny;940;30;970
50189;Fontenay;298;10;308
50190;Fontenay-sur-Mer;186;5;191
50191;Foucarville;133;3;136
50192;Fourneaux;81;2;83
50193;Le Fresne-Poret;234;0;234
50194;Fresville;370;13;383
50195;Gathemo;283;7;290
50196;Gatteville-le-Phare;519;14;533
50197;Gavray;1361;34;1395
50198;Geffosses;442;5;447
50199;Genêts;447;19;466
50200;Ger;851;22;873
50202;Giéville;645;11;656
50203;La Glacerie;5191;128;5319
50204;Glatigny;162;2;164
50205;La Godefroy;213;3;216
50206;La Gohannière;113;2;115
50207;Golleville;184;2;186
50208;Gonfreville;164;2;166
50209;Gonneville;860;33;893
50210;Gorges;367;7;374
50211;Gouberville;129;1;130
50212;Gourbesville;176;1;177
50213;Gourfaleur;430;13;443
50214;Gouvets;263;5;268
50215;Gouville-sur-Mer;2045;52;2097
50216;Graignes-Mesnil-Angot;797;140;937
50217;Le Grand-Celland;520;10;530
50218;Granville;13100;727;13827
50219;Gratot;655;35;690
50220;Gréville-Hague;786;22;808
50221;Grimesnil;68;0;68
50222;Grosville;683;9;692
50223;Guéhébert;138;7;145
50224;Guilberville;922;15;937
50225;Le Guislain;114;2;116
50227;Le Ham;331;7;338
50228;Hambye;1171;21;1192
50229;Hamelin;116;1;117
50230;Hardinvast;916;21;937
50232;Hauteville-la-Guichard;432;6;438
50231;Hauteville-sur-Mer;633;11;644
50233;Hautteville-Bocage;107;2;109
50234;La Haye-Bellefond;73;0;73
50235;La Haye-d'Ectot;223;9;232
50236;La Haye-du-Puits;1741;84;1825
50237;La Haye-Pesnel;1361;37;1398
50238;Héauville;408;6;414
50239;Hébécrevon;1098;29;1127
50240;Helleville;429;6;435
50241;Hémevez;167;3;170
50244;Hérenguerville;155;7;162
50242;Herqueville;155;4;159
50243;Heugueville-sur-Sienne;559;14;573
50245;Heussé;250;0;250
50246;Hiesville;69;4;73
50247;Hocquigny;181;3;184
50248;Le Hommet-d'Arthenay;429;133;562
50249;Houesville;265;1;266
50250;Houtteville;93;1;94
50251;Huberville;336;9;345
50252;Hudimesnil;847;8;855
50253;Huisnes-sur-Mer;179;5;184
50254;Husson;233;16;249
50255;Hyenville;332;9;341
50256;Isigny-le-Buat;3202;97;3299
50257;Jobourg;445;13;458
50258;Joganville;70;6;76
50259;Juilley;567;14;581
50066;Jullouville;2098;64;2162
50260;Juvigny-le-Tertre;614;25;639
50261;Lamberville;151;2;153
50262;La Lande-d'Airou;499;12;511
50263;Lapenty;445;11;456
50265;Laulne;155;7;162
50266;Lengronne;441;16;457
50267;Lessay;2034;43;2077
50268;Lestre;248;3;251
50269;Liesville-sur-Douve;220;1;221
50270;Lieusaint;357;8;365
50271;Lingeard;84;2;86
50272;Lingreville;954;33;987
50273;Lithaire;554;6;560
50274;Les Loges-Marchis;1025;160;1185
50275;Les Loges-sur-Brécey;148;9;157
50276;Lolif;559;17;576
50277;Longueville;600;19;619
50278;Le Loreur;190;2;192
50279;Le Lorey;591;11;602
50280;Lozon;308;6;314
50281;La Lucerne-d'Outremer;798;23;821
50282;Le Luot;212;5;217
50283;La Luzerne;40;5;45
50284;Macey;108;2;110
50285;Magneville;269;6;275
50287;La Mancellière-sur-Vire;479;12;491
50288;Marcey-les-Grèves;1216;40;1256
50289;Marchésieux;706;18;724
50290;Marcilly;368;0;368
50291;Margueray;151;2;153
50292;Marigny;2087;75;2162
50293;Martigny;321;5;326
50294;Martinvast;1145;31;1176
50295;Maupertuis;134;4;138
50296;Maupertus-sur-Mer;258;4;262
50297;La Meauffe;1069;28;1097
50298;Méautis;648;30;678
50299;Le Mesnil;190;8;198
50300;Le Mesnil-Adelée;196;5;201
50301;Le Mesnil-Amand;155;1;156
50302;Le Mesnil-Amey;256;14;270
50305;Le Mesnil-au-Val;642;22;664
50304;Le Mesnil-Aubert;156;3;159
50310;Le Mesnil-Eury;176;2;178
50311;Le Mesnil-Garnier;221;8;229
50312;Le Mesnil-Gilbert;153;4;157
50313;Le Mesnil-Herman;135;1;136
50316;Le Mesnil-Opac;252;2;254
50317;Le Mesnil-Ozenne;224;0;224
50318;Le Mesnil-Rainfray;244;3;247
50319;Le Mesnil-Raoult;358;4;362
50320;Le Mesnil-Rogues;159;4;163
50321;Le Mesnil-Rouxelin;477;35;512
50323;Le Mesnil-Tôve;227;7;234
50324;Le Mesnil-Véneron;89;1;90
50325;Le Mesnil-Vigot;245;4;249
50326;Le Mesnil-Villeman;225;5;230
50308;Le Mesnilbus;262;6;268
50315;Le Mesnillard;280;8;288
50327;La Meurdraquière;163;0;163
50328;Millières;576;7;583
50329;Milly;334;10;344
50330;Mobecq;258;3;261
50332;Les Moitiers-d'Allonne;667;17;684
50333;Les Moitiers-en-Bauptois;317;8;325
50353;Le Mont-Saint-Michel;41;2;43
50334;Montabot;286;5;291
50335;Montaigu-la-Brisette;471;10;481
50336;Montaigu-les-Bois;232;6;238
50337;Montanel;367;8;375
50338;Montbray;371;1;372
50339;Montchaton;354;16;370
50340;Montcuit;196;5;201
50341;Montebourg;2084;137;2221
50342;Montfarville;807;11;818
50343;Montgardon;410;13;423
50345;Monthuchon;587;27;614
50347;Montjoie-Saint-Martin;272;7;279
50348;Montmartin-en-Graignes;543;9;552
50349;Montmartin-sur-Mer;1284;44;1328
50350;Montpinchon;548;11;559
50351;Montrabot;84;3;87
50352;Montreuil-sur-Lozon;272;6;278
50354;Montsurvent;332;6;338
50355;Montviron;316;4;320
50356;Moon-sur-Elle;841;13;854
50357;Morigny;90;3;93
50358;Morsalines;222;6;228
50359;Mortain;1875;257;2132
50360;Morville;260;9;269
50361;La Mouche;180;0;180
50362;Moulines;302;7;309
50363;Moyon;1079;23;1102
50364;Muneville-le-Bingard;641;10;651
50365;Muneville-sur-Mer;363;2;365
50368;Nay;79;2;81
50369;Négreville;814;21;835
50370;Néhou;522;9;531
50371;Le Neufbourg;477;15;492
50372;Neufmesnil;178;4;182
50373;Neuville-au-Plain;108;1;109
50374;Neuville-en-Beaumont;37;0;37
50375;Néville-sur-Mer;177;1;178
50376;Nicorps;424;11;435
50380;Notre-Dame-d'Elle;129;2;131
50378;Notre-Dame-de-Cenilly;690;5;695
50379;Notre-Dame-de-Livoye;117;4;121
50381;Notre-Dame-du-Touchet;639;16;655
50382;Nouainville;465;25;490
50384;Octeville-l'Avenel;186;2;188
50385;Omonville-la-Petite;124;2;126
50386;Omonville-la-Rogue;525;14;539
50387;Orglandes;321;12;333
50388;Orval;893;37;930
50389;Ouville;435;14;449
50390;Ozeville;144;2;146
50391;Parigny;1753;80;1833
50393;Percy;2216;80;2296
50394;Périers;2437;62;2499
50395;La Pernelle;257;5;262
50396;Les Perques;155;4;159
50397;Perriers-en-Beauficel;232;6;238
50398;Le Perron;172;1;173
50399;Le Petit-Celland;178;4;182
50400;Picauville;1999;39;2038
50401;Pierreville;648;23;671
50402;Les Pieux;3455;101;3556
50403;Pirou;1598;42;1640
50404;Placy-Montaigu;199;6;205
50405;Le Plessis-Lastelle;248;3;251
50406;Plomb;381;14;395
50407;Poilley;770;34;804
50409;Pont-Hébert;1779;48;1827
50408;Pontaubault;468;20;488
50410;Pontorson;4108;73;4181
50411;Ponts;545;17;562
50412;Portbail;1636;69;1705
50413;Précey;446;12;458
50414;Précorbin;511;8;519
50415;Prétot-Sainte-Suzanne;330;12;342
50416;Querqueville;5510;167;5677
50417;Quettehou;1554;34;1588
50418;Quettetot;716;11;727
50419;Quettreville-sur-Sienne;1400;37;1437
50420;Quibou;856;12;868
50421;Quinéville;303;2;305
50422;Raids;200;3;203
50423;Rampan;220;13;233
50425;Rauville-la-Bigot;1062;19;1081
50426;Rauville-la-Place;391;11;402
50427;Ravenoville;241;1;242
50428;Reffuveille;470;15;485
50429;Regnéville-sur-Mer;835;27;862
50430;Reigneville-Bocage;29;0;29
50431;Remilly-sur-Lozon;656;8;664
50432;Réthoville;133;5;138
50433;Réville;1199;25;1224
50434;La Rochelle-Normande;269;10;279
50435;Rocheville;633;22;655
50436;Romagny;1068;38;1106
50437;Roncey;785;27;812
50438;La Ronde-Haye;342;7;349
50440;Rouffigny;310;5;315
50441;Rouxeville;308;1;309
50442;Le Rozel;273;12;285
50443;Sacey;503;12;515
50444;Saint-Amand;2188;62;2250
50445;Saint-André-de-Bohon;316;4;320
50446;Saint-André-de-l'Épine;490;17;507
50448;Saint-Aubin-de-Terregatte;711;24;735
50447;Saint-Aubin-des-Préaux;408;19;427
50449;Saint-Aubin-du-Perron;229;3;232
50450;Saint-Barthélemy;354;14;368
50451;Saint-Brice;124;3;127
50452;Saint-Brice-de-Landelles;628;10;638
50454;Saint-Christophe-du-Foc;329;10;339
50455;Saint-Clair-sur-l'Elle;861;19;880
50456;Saint-Clément-Rancoudray;535;7;542
50458;Saint-Côme-du-Mont;501;19;520
50461;Saint-Cyr;193;6;199
50462;Saint-Cyr-du-Bailleul;430;7;437
50463;Saint-Denis-le-Gast;535;10;545
50464;Saint-Denis-le-Vêtu;606;18;624
50465;Saint-Ébremond-de-Bonfossé;717;29;746
50467;Saint-Floxel;422;16;438
50468;Saint-Fromond;710;10;720
50473;Saint-Georges-d'Elle;375;10;385
50470;Saint-Georges-de-Bohon;409;10;419
50471;Saint-Georges-de-la-Rivière;249;8;257
50472;Saint-Georges-de-Livoye;225;3;228
50474;Saint-Georges-de-Rouelley;527;8;535
50475;Saint-Georges-Montcocq;843;40;883
50476;Saint-Germain-d'Elle;185;2;187
50478;Saint-Germain-de-Tournebut;382;9;391
50479;Saint-Germain-de-Varreville;118;3;121
50477;Saint-Germain-des-Vaux;421;7;428
50480;Saint-Germain-le-Gaillard;666;17;683
50481;Saint-Germain-sur-Ay;867;20;887
50482;Saint-Germain-sur-Sèves;196;6;202
50483;Saint-Gilles;880;20;900
50484;Saint-Hilaire-du-Harcouët;4207;352;4559
50485;Saint-Hilaire-Petitville;1399;49;1448
50486;Saint-Jacques-de-Néhou;487;9;496
50487;Saint-James;2706;107;2813
50488;Saint-Jean-de-Daye;608;12;620
50489;Saint-Jean-de-la-Haize;487;17;504
50490;Saint-Jean-de-la-Rivière;354;8;362
50491;Saint-Jean-de-Savigny;349;10;359
50492;Saint-Jean-des-Baisants;1144;27;1171
50493;Saint-Jean-des-Champs;1279;42;1321
50494;Saint-Jean-du-Corail;273;10;283
50495;Saint-Jean-du-Corail-des-Bois;73;0;73
50496;Saint-Jean-le-Thomas;425;9;434
50497;Saint-Jores;367;12;379
50498;Saint-Joseph;820;22;842
50499;Saint-Laurent-de-Cuves;496;16;512
50500;Saint-Laurent-de-Terregatte;563;12;575
50502;Saint-Lô;19320;1217;20537
50503;Saint-Lô-d'Ourville;573;13;586
50504;Saint-Louet-sur-Vire;185;2;187
50505;Saint-Loup;600;19;619
50506;Saint-Malo-de-la-Lande;421;9;430
50507;Saint-Marcouf;330;5;335
50510;Saint-Martin-d'Aubigny;530;13;543
50511;Saint-Martin-d'Audouville;116;3;119
50512;Saint-Martin-de-Bonfossé;537;17;554
50513;Saint-Martin-de-Cenilly;213;8;221
50515;Saint-Martin-de-Landelles;1176;32;1208
50517;Saint-Martin-de-Varreville;202;0;202
50516;Saint-Martin-des-Champs;2191;127;2318
50518;Saint-Martin-le-Bouillant;284;8;292
50519;Saint-Martin-le-Gréard;373;8;381
50520;Saint-Martin-le-Hébert;135;2;137
50521;Saint-Maur-des-Bois;129;4;133
50522;Saint-Maurice-en-Cotentin;283;10;293
50524;Saint-Michel-de-la-Pierre;170;2;172
50525;Saint-Michel-de-Montjoie;338;3;341
50528;Saint-Nicolas-de-Pierrepont;247;10;257
50529;Saint-Nicolas-des-Bois;115;1;116
50531;Saint-Ovin;736;31;767
50532;Saint-Pair-sur-Mer;3719;137;3856
50533;Saint-Patrice-de-Claids;157;2;159
50534;Saint-Pellerin;338;6;344
50536;Saint-Pierre-d'Arthéglise;151;2;153
50537;Saint-Pierre-de-Coutances;386;14;400
50538;Saint-Pierre-de-Semilly;414;24;438
50539;Saint-Pierre-Église;1783;34;1817
50540;Saint-Pierre-Langers;496;22;518
50541;Saint-Planchers;1251;39;1290
50542;Saint-Pois;538;27;565
50543;Saint-Quentin-sur-le-Homme;1211;39;1250
50544;Saint-Rémy-des-Landes;215;6;221
50545;Saint-Romphaire;728;15;743
50546;Saint-Samson-de-Bonfossé;882;29;911
50548;Saint-Sauveur-de-Pierrepont;133;2;135
50549;Saint-Sauveur-la-Pommeraye;313;12;325
50551;Saint-Sauveur-le-Vicomte;2063;36;2099
50550;Saint-Sauveur-Lendelin;1633;80;1713
50552;Saint-Sébastien-de-Raids;345;4;349
50553;Saint-Senier-de-Beuvron;294;6;300
50554;Saint-Senier-sous-Avranches;1203;66;1269
50557;Saint-Symphorien-des-Monts;156;2;158
50558;Saint-Symphorien-le-Valois;771;22;793
50562;Saint-Vaast-la-Hougue;2080;32;2112
50563;Saint-Vigor-des-Monts;289;5;294
50453;Sainte-Cécile;777;27;804
50457;Sainte-Colombe;179;1;180
50460;Sainte-Croix-Hague;711;19;730
50469;Sainte-Geneviève;322;13;335
50508;Sainte-Marie-du-Bois;57;0;57
50509;Sainte-Marie-du-Mont;774;25;799
50523;Sainte-Mère-Église;1611;46;1657
50535;Sainte-Pience;253;9;262
50556;Sainte-Suzanne-sur-Vire;504;39;543
50564;Sainteny;794;31;825
50565;Sartilly;1397;25;1422
50567;Saussemesnil;917;23;940
50568;Saussey;503;25;528
50569;Savigny;363;9;372
50570;Savigny-le-Vieux;435;14;449
50571;Sébeville;33;0;33
50572;Sénoville;201;12;213
50573;Servigny;219;2;221
50574;Servon;279;8;287
50575;Sideville;540;19;559
50576;Siouville-Hague;1092;39;1131
50578;Sortosville;86;4;90
50577;Sortosville-en-Beaumont;311;3;314
50579;Sottevast;1329;33;1362
50580;Sotteville;389;17;406
50581;Soulles;426;7;433
50582;Sourdeval;2887;53;2940
50583;Sourdeval-les-Bois;165;2;167
50584;Subligny;327;12;339
50585;Surtainville;1240;35;1275
50586;Surville;192;3;195
50587;Taillepied;29;0;29
50588;Tamerville;578;24;602
50589;Tanis;301;13;314
50590;Le Tanu;329;7;336
50591;Le Teilleul;1299;42;1341
50592;Tessy-sur-Vire;1496;25;1521
50593;Teurthéville-Bocage;579;9;588
50594;Teurthéville-Hague;851;22;873
50595;Le Theil;675;13;688
50596;Théville;314;4;318
50597;Tirepied;754;24;778
50598;Tocqueville;274;7;281
50599;Tollevast;1166;30;1196
50600;Tonneville;642;29;671
50601;Torigni-sur-Vire;2422;50;2472
50602;Tourlaville;16591;513;17104
50603;Tourville-sur-Sienne;702;20;722
50604;Tréauville;693;24;717
50605;Trelly;592;10;602
50606;Tribehou;510;16;526
50607;La Trinité;378;7;385
50608;Troisgots;277;29;306
50609;Turqueville;137;2;139
50610;Urville;190;3;193
50611;Urville-Nacqueville;2201;105;2306
50612;Vains;755;48;803
50616;Le Val-Saint-Père;1869;87;1956
50613;Valcanville;367;6;373
50614;Le Valdécie;119;6;125
50615;Valognes;7235;367;7602
50617;Varenguebec;336;2;338
50618;Varouville;294;6;300
50619;Le Vast;290;4;294
50620;Vasteville;1009;24;1033
50621;Vaudreville;80;1;81
50622;Vaudrimesnil;421;8;429
50623;Vauville;378;11;389
50624;La Vendelée;407;7;414
50625;Vengeons;491;12;503
50626;Ver;364;9;373
50627;Vergoncey;214;4;218
50628;Vernix;166;9;175
50629;Vesly;626;6;632
50630;Vessey;392;11;403
50631;Les Veys;425;7;432
50633;Le Vicel;141;2;143
50634;Videcosville;86;2;88
50635;Vidouville;118;4;122
50636;Vierville;48;5;53
50637;Villebaudon;282;2;284
50638;Villechien;205;6;211
50639;Villedieu-les-Poêles;3909;147;4056
50641;Villiers-Fossard;517;17;534
50640;Villiers-le-Pré;190;9;199
50642;Vindefontaine;293;12;305
50643;Virandeville;787;22;809
50644;Virey;990;23;1013
50646;Le Vrétot;548;4;552
50647;Yquelon;982;41;1023
50648;Yvetot-Bocage;1042;38;1080
51001;Ablancourt;155;4;159
51003;Aigny;222;4;226
51004;Allemanche-Launay-et-Soyer;104;2;106
51005;Allemant;159;2;161
51006;Alliancelles;145;4;149
51007;Ambonnay;945;15;960
51008;Ambrières;233;9;242
51009;Anglure;893;19;912
51010;Angluzelles-et-Courcelles;137;2;139
51012;Anthenay;55;1;56
51013;Aougny;92;1;93
51014;Arcis-le-Ponsart;267;6;273
51015;Argers;103;1;104
51016;Arrigny;267;6;273
51017;Arzillières-Neuville;330;7;337
51018;Athis;821;12;833
51019;Aubérive;196;4;200
51020;Aubilly;51;1;52
51022;Aulnay-l'Aître;134;4;138
51023;Aulnay-sur-Marne;227;5;232
51025;Auménancourt;884;8;892
51027;Auve;232;22;254
51028;Avenay-Val-d'Or;901;14;915
51029;Avize;1615;137;1752
51030;Ay;4175;57;4232
51031;Baconnes;278;7;285
51032;Bagneux;500;8;508
51033;Le Baizil;258;2;260
51034;Bannay;22;1;23
51035;Bannes;258;4;262
51036;Barbonne-Fayel;492;15;507
51037;Baslieux-lès-Fismes;281;5;286
51038;Baslieux-sous-Châtillon;199;2;201
51039;Bassu;128;8;136
51040;Bassuet;273;10;283
51041;Baudement;113;1;114
51042;Baye;377;9;386
51043;Bazancourt;1963;21;1984
51044;Beaumont-sur-Vesle;713;8;721
51045;Beaunay;101;2;103
51046;Beine-Nauroy;1034;26;1060
51047;Belval-en-Argonne;59;0;59
51048;Belval-sous-Châtillon;166;8;174
51049;Bergères-lès-Vertus;556;17;573
51050;Bergères-sous-Montmirail;140;1;141
51051;Berméricourt;129;3;132
51052;Berru;503;3;506
51053;Berzieux;77;0;77
51054;Bétheniville;984;11;995
51055;Bétheny;6322;84;6406
51056;Bethon;265;11;276
51057;Bettancourt-la-Longue;87;3;90
51058;Bezannes;1291;77;1368
51059;Bignicourt-sur-Marne;409;9;418
51060;Bignicourt-sur-Saulx;157;6;163
51061;Billy-le-Grand;98;8;106
51062;Binarville;110;3;113
51063;Binson-et-Orquigny;163;0;163
51064;Bisseuil;640;4;644
51065;Blacy;651;19;670
51066;Blaise-sous-Arzillières;354;5;359
51068;Blesme;178;2;180
51069;Bligny;109;3;112
51070;Boissy-le-Repos;210;5;215
51071;Bouchy-Saint-Genest;157;1;158
51072;Bouilly;163;3;166
51073;Bouleuse;167;1;168
51074;Boult-sur-Suippe;1463;23;1486
51075;Bourgogne;1011;15;1026
51076;Boursault;465;5;470
51077;Bouvancourt;162;1;163
51078;Bouy;453;11;464
51079;Bouzy;956;18;974
51080;Brandonvillers;154;3;157
51081;Branscourt;244;3;247
51083;Braux-Saint-Remy;77;1;78
51082;Braux-Sainte-Cohière;82;1;83
51084;Bréban;85;5;90
51086;Breuil;292;2;294
51085;Le Breuil;361;6;367
51087;Breuvery-sur-Coole;205;10;215
51088;Brimont;452;13;465
51089;Brouillet;91;0;91
51090;Broussy-le-Grand;295;9;304
51091;Broussy-le-Petit;145;3;148
51092;Broyes;387;10;397
51093;Brugny-Vaudancourt;433;5;438
51094;Brusson;211;2;213
51095;Le Buisson;91;0;91
51097;Bussy-le-Château;163;7;170
51098;Bussy-le-Repos;114;3;117
51099;Bussy-Lettrée;298;7;305
51100;La Caure;83;1;84
51101;Caurel;650;14;664
51102;Cauroy-lès-Hermonville;461;5;466
51103;La Celle-sous-Chantemerle;160;1;161
51104;Cernay-en-Dormois;152;0;152
51105;Cernay-lès-Reims;1321;26;1347
51106;Cernon;125;3;128
51107;Chaintrix-Bierges;247;6;253
51108;Châlons-en-Champagne;45829;1460;47289
51109;Châlons-sur-Vesle;160;7;167
51110;Chaltrait;79;1;80
51111;Chambrecy;139;0;139
51112;Chamery;391;15;406
51113;Champaubert;133;5;138
51115;Champfleury;524;9;533
51116;Champguyon;243;8;251
51117;Champigneul-Champagne;275;4;279
51118;Champigny;1231;22;1253
51119;Champillon;512;15;527
51120;Champlat-et-Boujacourt;141;2;143
51121;Champvoisy;198;2;200
51122;Changy;119;8;127
51124;Chantemerle;58;3;61
51125;Chapelaine;52;2;54
51126;La Chapelle-Felcourt;70;3;73
51127;La Chapelle-Lasson;88;3;91
51128;La Chapelle-sous-Orbais;44;2;46
51129;Charleville;226;5;231
51130;Charmont;225;6;231
51132;Les Charmontois;144;2;146
51133;Le Châtelier;59;7;66
51134;Châtelraould-Saint-Louvent;229;9;238
51135;Châtillon-sur-Broué;62;0;62
51136;Châtillon-sur-Marne;703;141;844
51137;Châtillon-sur-Morin;190;2;192
51138;Châtrices;35;1;36
51139;Chaudefontaine;321;13;334
51140;Chaumuzy;317;2;319
51141;La Chaussée-sur-Marne;673;22;695
51142;Chavot-Courcourt;379;10;389
51143;Le Chemin;36;2;38
51144;Cheminon;626;15;641
51145;Chenay;287;12;299
51146;Cheniers;113;2;115
51147;La Cheppe;343;9;352
51148;Cheppes-la-Prairie;189;5;194
51149;Chepy;379;14;393
51150;Cherville;92;3;95
51151;Chichey;156;4;160
51152;Chigny-les-Roses;519;2;521
51153;Chouilly;993;14;1007
51154;Clamanges;200;11;211
51155;Clesles;570;4;574
51156;Cloyes-sur-Marne;111;5;116
51157;Coizard-Joches;89;3;92
51160;Compertrix;1148;37;1185
51161;Condé-sur-Marne;675;8;683
51162;Conflans-sur-Seine;673;14;687
51163;Congy;266;8;274
51164;Connantray-Vaurefroy;193;5;198
51165;Connantre;1093;40;1133
51166;Contault;70;3;73
51167;Coole;139;10;149
51168;Coolus;223;7;230
51169;Corbeil;105;0;105
51170;Corfélix;103;2;105
51171;Cormicy;1362;29;1391
51172;Cormontreuil;6269;91;6360
51173;Cormoyeux;120;4;124
51174;Corribert;53;1;54
51175;Corrobert;177;6;183
51176;Corroy;138;2;140
51177;Coulommes-la-Montagne;213;4;217
51178;Coupetz;79;3;82
51179;Coupéville;148;6;154
51181;Courcelles-Sapicourt;255;5;260
51182;Courcemain;132;1;133
51183;Courcy;1355;20;1375
51184;Courdemanges;421;14;435
51185;Courgivaux;255;6;261
51186;Courjeonnet;50;7;57
51187;Courlandon;291;1;292
51188;Courmas;178;4;182
51190;Courtagnon;72;1;73
51191;Courtémont;65;1;66
51192;Courthiézy;341;12;353
51193;Courtisols;2581;87;2668
51194;Courville;439;4;443
51195;Couvrot;865;21;886
51196;Cramant;894;10;904
51197;La Croix-en-Champagne;63;3;66
51198;Crugny;611;10;621
51199;Cuchery;380;7;387
51200;Cuis;393;10;403
51201;Cuisles;139;1;140
51202;Cumières;842;12;854
51203;Cuperly;216;5;221
51204;Damery;1486;18;1504
51205;Dampierre-au-Temple;263;8;271
51206;Dampierre-le-Château;101;3;104
51208;Dampierre-sur-Moivre;117;3;120
51210;Dizy;1692;46;1738
51211;Dommartin-Dampierre;72;0;72
51212;Dommartin-Lettrée;151;3;154
51213;Dommartin-sous-Hans;53;2;55
51214;Dommartin-Varimont;132;4;136
51215;Dompremy;105;2;107
51216;Dontrien;203;3;206
51217;Dormans;2979;79;3058
51219;Drosnay;170;2;172
51220;Drouilly;124;8;132
51222;Éclaires;88;0;88
51223;Écollemont;45;3;48
51224;Écriennes;143;6;149
51225;Écueil;319;10;329
51226;Écury-le-Repos;64;3;67
51227;Écury-sur-Coole;468;14;482
51228;Élise-Daucourt;105;2;107
51229;Épense;98;4;102
51230;Épernay;24591;634;25225
51231;L' Épine;645;27;672
51232;Époye;427;5;432
51233;Escardes;82;4;86
51234;Esclavolles-Lurey;509;25;534
51236;Les Essarts-le-Vicomte;130;6;136
51235;Les Essarts-lès-Sézanne;264;6;270
51237;Esternay;1737;36;1773
51238;Étoges;298;5;303
51239;Étréchy;119;4;123
51240;Étrepy;149;5;154
51241;Euvy;84;2;86
51242;Fagnières;4606;143;4749
51243;Faux-Fresnay;348;12;360
51244;Faux-Vésigneul;235;8;243
51245;Faverolles-et-Coëmy;501;5;506
51246;Favresse;179;3;182
51248;Fère-Champenoise;2310;53;2363
51247;Fèrebrianges;174;4;178
51249;Festigny;391;13;404
51250;Fismes;5344;111;5455
51251;Flavigny;199;8;207
51252;Fleury-la-Rivière;497;6;503
51253;Florent-en-Argonne;246;10;256
51254;Fontaine-Denis-Nuisy;252;4;256
51255;Fontaine-en-Dormois;19;0;19
51256;Fontaine-sur-Ay;302;7;309
51258;La Forestière;227;7;234
51259;Francheville;206;10;216
51260;Le Fresne;50;6;56
51261;Fresne-lès-Reims;425;12;437
51262;Frignicourt;1770;58;1828
51263;Fromentières;355;8;363
51264;Le Gault-Soigny;477;9;486
51265;Gaye;556;18;574
51266;Germaine;541;12;553
51267;Germigny;193;4;197
51268;Germinon;125;4;129
51269;Giffaumont-Champaubert;258;4;262
51270;Gigny-Bussy;249;10;259
51271;Gionges;145;89;234
51272;Givry-en-Argonne;468;16;484
51273;Givry-lès-Loisy;79;2;81
51274;Gizaucourt;106;3;109
51275;Glannes;159;4;163
51276;Gourgançon;165;2;167
51278;Les Grandes-Loges;252;8;260
51279;Granges-sur-Aube;162;3;165
51280;Gratreuil;27;0;27
51281;Grauves;666;20;686
51282;Gueux;1789;38;1827
51283;Hans;153;2;155
51284;Haussignémont;272;6;278
51285;Haussimont;162;7;169
51286;Hauteville;219;7;226
51287;Hautvillers;800;7;807
51290;Heiltz-l'Évêque;277;5;282
51288;Heiltz-le-Hutier;194;3;197
51289;Heiltz-le-Maurupt;389;17;406
51291;Hermonville;1304;25;1329
51292;Herpont;113;9;122
51293;Heutrégiville;389;9;398
51294;Hourges;91;1;92
51295;Huiron;324;13;337
51296;Humbauville;70;1;71
51298;Igny-Comblizy;433;13;446
51300;Isle-sur-Marne;102;2;104
51299;Isles-sur-Suippe;754;13;767
51301;Isse;119;0;119
51302;Les Istres-et-Bury;88;6;94
51303;Jâlons;593;4;597
51304;Janvilliers;120;0;120
51305;Janvry;123;6;129
51306;Joiselle;86;6;92
51307;Jonchery-sur-Suippe;169;4;173
51308;Jonchery-sur-Vesle;1960;27;1987
51309;Jonquery;88;4;92
51310;Jouy-lès-Reims;192;3;195
51311;Jussecourt-Minecourt;200;2;202
51312;Juvigny;941;31;972
51313;Lachy;322;11;333
51314;Lagery;189;5;194
51315;Landricourt;148;6;154
51316;Larzicourt;304;7;311
51317;Laval-sur-Tourbe;50;2;52
51318;Lavannes;564;8;572
51319;Lenharrée;92;4;96
51320;Leuvrigny;324;9;333
51321;Lhéry;80;1;81
51322;Lignon;89;3;92
51323;Linthelles;117;5;122
51324;Linthes;112;6;118
51325;Lisse-en-Champagne;123;2;125
51326;Livry-Louvercy;839;35;874
51327;Loisy-en-Brie;186;3;189
51328;Loisy-sur-Marne;937;14;951
51329;Loivre;1129;15;1144
51331;Louvois;345;8;353
51333;Ludes;634;9;643
51334;Luxémont-et-Villotte;495;13;508
51336;Maffrécourt;60;3;63
51663;Magenta;1769;27;1796
51337;Magneux;222;2;224
51338;Mailly-Champagne;753;7;760
51339;Mairy-sur-Marne;539;21;560
51340;Maisons-en-Champagne;459;12;471
51341;Malmy;23;2;25
51342;Mancy;249;5;254
51343;Marcilly-sur-Seine;665;26;691
51344;Mardeuil;1556;34;1590
51345;Mareuil-en-Brie;249;6;255
51346;Mareuil-le-Port;1334;23;1357
51347;Mareuil-sur-Ay;1157;24;1181
51348;Marfaux;153;3;156
51349;Margerie-Hancourt;206;0;206
51350;Margny;109;2;111
51351;Marigny;97;1;98
51352;Marolles;795;1;796
51353;Marsangis;52;0;52
51354;Marson;275;5;280
51355;Massiges;50;0;50
51356;Matignicourt-Goncourt;114;1;115
51357;Matougues;647;11;658
51358;Maurupt-le-Montois;566;5;571
51359;Mécringes;136;5;141
51360;Le Meix-Saint-Epoing;243;10;253
51361;Le Meix-Tiercelin;195;5;200
51362;Merfy;654;11;665
51363;Merlaut;267;12;279
51364;Méry-Prémecy;59;1;60
51365;Les Mesneux;861;28;889
51367;Le Mesnil-sur-Oger;1251;19;1270
51368;Minaucourt-le-Mesnil-lès-Hurlus;78;2;80
51369;Moeurs-Verdey;265;17;282
51370;Moiremont;207;2;209
51371;Moivre;50;1;51
51373;Moncetz-l'Abbaye;108;2;110
51372;Moncetz-Longevas;563;14;577
51374;Mondement-Montgivroux;46;2;48
51382;Mont-sur-Courville;128;2;130
51375;Montbré;264;3;267
51377;Montépreux;39;1;40
51376;Montgenost;146;6;152
51378;Monthelon;348;3;351
51379;Montigny-sur-Vesle;453;10;463
51380;Montmirail;3796;78;3874
51381;Montmort-Lucy;592;26;618
51384;Morangis;280;8;288
51386;Morsains;103;6;109
51387;Moslins;274;14;288
51388;Mourmelon-le-Grand;5044;73;5117
51389;Mourmelon-le-Petit;786;10;796
51390;Moussy;772;25;797
51391;Muizon;2285;54;2339
51392;Mutigny;221;3;224
51393;Nanteuil-la-Forêt;211;4;215
51395;Nesle-la-Reposte;95;4;99
51396;Nesle-le-Repons;149;2;151
51399;La Neuville-au-Pont;589;21;610
51397;La Neuville-aux-Bois;156;10;166
51398;La Neuville-aux-Larris;168;4;172
51402;Neuvy;210;3;213
51403;Nogent-l'Abbesse;535;8;543
51404;Noirlieu;127;5;132
51406;Norrois;172;1;173
51407;La Noue;268;5;273
51409;Nuisement-sur-Coole;312;14;326
51410;OEuilly;639;7;646
51411;Oger;580;15;595
51412;Ognes;69;1;70
51413;Oiry;901;21;922
51414;Olizy;129;2;131
51415;Omey;248;1;249
51416;Orbais-l'Abbaye;579;19;598
51417;Orconte;416;19;435
51418;Ormes;447;6;453
51419;Outines;147;0;147
51420;Outrepont;102;4;106
51421;Oyes;84;3;87
51422;Pargny-lès-Reims;333;9;342
51423;Pargny-sur-Saulx;1960;29;1989
51424;Passavant-en-Argonne;211;1;212
51425;Passy-Grigny;385;7;392
51426;Péas;68;1;69
51428;Les Petites-Loges;435;8;443
51429;Pévy;204;3;207
51430;Pierre-Morains;96;0;96
51431;Pierry;1236;45;1281
51432;Pleurs;770;19;789
51433;Plichancourt;186;5;191
51434;Plivot;730;16;746
51435;Pocancy;161;4;165
51436;Pogny;823;20;843
51437;Poilly;87;1;88
51438;Poix;87;0;87
51439;Pomacle;344;6;350
51440;Pontfaverger-Moronvilliers;1538;10;1548
51441;Ponthion;110;2;112
51442;Possesse;167;1;168
51443;Potangis;85;5;90
51444;Pouillon;458;7;465
51445;Pourcy;187;0;187
51446;Pringy;450;10;460
51447;Prosnes;537;6;543
51448;Prouilly;549;7;556
51449;Prunay;958;14;972
51450;Puisieulx;353;11;364
51451;Queudes;77;3;80
51452;Rapsécourt;34;0;34
51453;Recy;1010;37;1047
51454;Reims;183500;4150;187650
51455;Reims-la-Brûlée;207;6;213
51456;Remicourt;66;4;70
51457;Reuil;304;4;308
51458;Reuves;61;1;62
51459;Réveillon;123;6;129
51460;Rieux;167;2;169
51461;Rilly-la-Montagne;1054;21;1075
51463;Les Rivières-Henruel;146;10;156
51464;Romain;319;8;327
51465;Romery;158;1;159
51466;Romigny;203;1;204
51468;Rosnay;292;10;302
51469;Rouffy;89;2;91
51470;Rouvroy-Ripont;9;0;9
51471;Sacy;369;5;374
51472;Saint-Amand-sur-Fion;1021;32;1053
51473;Saint-Bon;99;3;102
51474;Saint-Brice-Courcelles;3357;50;3407
51475;Saint-Chéron;81;0;81
51476;Saint-Étienne-au-Temple;583;20;603
51477;Saint-Étienne-sur-Suippe;261;5;266
51478;Saint-Eulien;409;8;417
51479;Saint-Euphraise-et-Clairizet;201;4;205
51482;Saint-Germain-la-Ville;568;17;585
51483;Saint-Gibrien;452;7;459
51484;Saint-Gilles;242;1;243
51485;Saint-Hilaire-au-Temple;278;11;289
51486;Saint-Hilaire-le-Grand;326;13;339
51487;Saint-Hilaire-le-Petit;284;9;293
51488;Saint-Imoges;272;22;294
51489;Saint-Jean-devant-Possesse;49;0;49
51490;Saint-Jean-sur-Moivre;200;2;202
51491;Saint-Jean-sur-Tourbe;109;1;110
51492;Saint-Just-Sauvage;1489;25;1514
51493;Saint-Léonard;88;2;90
51495;Saint-Loup;69;3;72
51496;Saint-Lumier-en-Champagne;211;8;219
51497;Saint-Lumier-la-Populeuse;32;0;32
51499;Saint-Mard-lès-Rouffy;153;2;155
51498;Saint-Mard-sur-Auve;57;1;58
51500;Saint-Mard-sur-le-Mont;122;1;123
51502;Saint-Martin-aux-Champs;92;1;93
51002;Saint-Martin-d'Ablois;1465;37;1502
51503;Saint-Martin-l'Heureux;75;6;81
51504;Saint-Martin-sur-le-Pré;825;44;869
51505;Saint-Masmes;452;8;460
51506;Saint-Memmie;5356;125;5481
51508;Saint-Ouen-Domprot;212;9;221
51509;Saint-Pierre;282;7;289
51511;Saint-Quentin-le-Verger;133;4;137
51510;Saint-Quentin-les-Marais;130;5;135
51512;Saint-Quentin-sur-Coole;60;4;64
51513;Saint-Remy-en-Bouzemont-Saint-Genest-et-Isson;596;12;608
51514;Saint-Remy-sous-Broyes;93;2;95
51515;Saint-Remy-sur-Bussy;338;8;346
51516;Saint-Saturnin;52;2;54
51517;Saint-Souplet-sur-Py;149;3;152
51518;Saint-Thierry;616;23;639
51519;Saint-Thomas-en-Argonne;43;3;46
51520;Saint-Utin;76;3;79
51521;Saint-Vrain;205;5;210
51480;Sainte-Gemme;135;4;139
51501;Sainte-Marie-à-Py;201;10;211
51277;Sainte-Marie-du-Lac-Nuisement;250;4;254
51507;Sainte-Menehould;4590;183;4773
51522;Sapignicourt;345;13;358
51523;Sarcy;248;10;258
51524;Saron-sur-Aube;290;4;294
51525;Sarry;2069;99;2168
51526;Saudoy;346;11;357
51527;Savigny-sur-Ardres;262;4;266
51528;Scrupt;122;3;125
51529;Selles;341;3;344
51530;Sept-Saulx;567;10;577
51531;Sermaize-les-Bains;2204;35;2239
51532;Sermiers;587;16;603
51533;Servon-Melzicourt;122;4;126
51534;Serzy-et-Prin;190;5;195
51535;Sézanne;5232;211;5443
51536;Sillery;1564;33;1597
51537;Sivry-Ante;180;4;184
51538;Sogny-aux-Moulins;117;3;120
51539;Sogny-en-l'Angle;45;1;46
51542;Soizy-aux-Bois;141;3;144
51543;Somme-Bionne;71;1;72
51546;Somme-Suippe;453;183;636
51547;Somme-Tourbe;133;2;135
51548;Somme-Vesle;340;111;451
51549;Somme-Yèvre;111;0;111
51544;Sommepy-Tahure;610;22;632
51545;Sommesous;428;6;434
51550;Sompuis;273;9;282
51551;Somsois;190;10;200
51552;Songy;268;9;277
51553;Souain-Perthes-lès-Hurlus;204;5;209
51555;Soudé;155;3;158
51556;Soudron;269;9;278
51557;Soulanges;464;7;471
51558;Soulières;98;1;99
51559;Suippes;3791;49;3840
51560;Suizy-le-Franc;113;6;119
51562;Taissy;2199;59;2258
51563;Talus-Saint-Prix;110;1;111
51564;Tauxières-Mutry;259;6;265
51565;Thaas;92;2;94
51566;Thibie;264;6;270
51567;Thiéblemont-Farémont;525;12;537
51568;Thil;275;6;281
51569;Thillois;293;70;363
51570;Le Thoult-Trosnay;94;4;98
51572;Tilloy-et-Bellay;221;9;230
51573;Tinqueux;10231;169;10400
51574;Togny-aux-Boeufs;146;6;152
51576;Tours-sur-Marne;1302;25;1327
51577;Tramery;143;2;145
51578;Trécon;81;0;81
51579;Tréfols;139;7;146
51580;Trépail;443;4;447
51581;Treslon;176;0;176
51582;Trigny;544;6;550
51583;Trois-Fontaines-l'Abbaye;229;12;241
51584;Trois-Puits;145;3;148
51585;Troissy;830;9;839
51586;Unchair;156;0;156
51587;Vadenay;241;2;243
51571;Val-de-Vesle;764;16;780
51218;Val-de-Vière;118;2;120
51158;Val-des-Marais;551;9;560
51588;Valmy;281;4;285
51589;Vanault-le-Châtel;184;4;188
51590;Vanault-les-Dames;349;9;358
51591;Vandeuil;198;3;201
51592;Vandières;336;11;347
51594;Vassimont-et-Chapelaine;71;3;74
51595;Vatry;108;3;111
51596;Vauchamps;306;9;315
51597;Vauciennes;305;6;311
51598;Vauclerc;458;10;468
51599;Vaudemange;293;3;296
51600;Vaudesincourt;116;3;119
51601;Vavray-le-Grand;186;9;195
51602;Vavray-le-Petit;66;2;68
51603;Vélye;126;2;128
51604;Ventelay;271;3;274
51605;Venteuil;595;8;603
51607;Verdon;175;4;179
51608;Vernancourt;77;3;80
51609;Verneuil;819;18;837
51610;Verrières;408;15;423
51611;Vert-Toulon;302;8;310
51612;Vertus;2660;88;2748
51613;Verzenay;1076;10;1086
51614;Verzy;1068;17;1085
51616;Vésigneul-sur-Marne;272;5;277
51617;La Veuve;624;8;632
51618;Le Vézier;173;3;176
51619;Le Vieil-Dampierre;101;0;101
51620;Vienne-la-Ville;187;9;196
51621;Vienne-le-Château;584;16;600
51622;Ville-Dommange;419;14;433
51623;Ville-en-Selve;287;45;332
51624;Ville-en-Tardenois;550;16;566
51639;La Ville-sous-Orbais;46;1;47
51640;Ville-sur-Tourbe;208;4;212
51625;Villeneuve-la-Lionne;296;4;300
51626;La Villeneuve-lès-Charleville;117;4;121
51627;Villeneuve-Renneville-Chevigny;299;9;308
51628;Villeneuve-Saint-Vistre-et-Villevotte;129;4;133
51629;Villers-Allerand;828;30;858
51630;Villers-aux-Bois;258;2;260
51631;Villers-aux-Noeuds;178;3;181
51632;Villers-en-Argonne;232;3;235
51633;Villers-Franqueux;299;19;318
51634;Villers-le-Château;260;5;265
51635;Villers-le-Sec;106;5;111
51636;Villers-Marmery;558;8;566
51637;Villers-sous-Châtillon;182;6;188
51638;Villeseneux;198;10;208
51641;Villevenard;192;4;196
51642;Villiers-aux-Corneilles;89;1;90
51643;Vinay;502;8;510
51644;Vincelles;290;11;301
51645;Vindey;129;11;140
51646;Virginy;84;0;84
51647;Vitry-en-Perthois;789;32;821
51648;Vitry-la-Ville;364;16;380
51649;Vitry-le-François;14873;564;15437
51650;Voilemont;46;2;48
51651;Voipreux;207;6;213
51652;Vouarces;59;2;61
51654;Vouillers;190;8;198
51655;Vouzy;310;12;322
51656;Vraux;481;7;488
51657;Vrigny;218;4;222
51658;Vroil;107;3;110
51659;Wargemoulin-Hurlus;49;4;53
51660;Warmeriville;2145;26;2171
51662;Witry-lès-Reims;4673;65;4738
52001;Ageville;305;2;307
52002;Aigremont;22;0;22
52003;Aillianville;164;3;167
52004;Aingoulaincourt;12;0;12
52005;Aizanville;25;0;25
52006;Allichamps;384;2;386
52007;Ambonville;71;1;72
52008;Andelot-Blancheville;935;15;950
52009;Andilly-en-Bassigny;108;1;109
52011;Annéville-la-Prairie;70;1;71
52012;Annonville;32;0;32
52013;Anrosey;169;5;174
52014;Aprey;190;3;193
52015;Arbigny-sous-Varennes;86;0;86
52016;Arbot;72;1;73
52017;Arc-en-Barrois;773;20;793
52019;Arnancourt;113;2;115
52021;Attancourt;242;8;250
52022;Aubepierre-sur-Aube;202;5;207
52023;Auberive;194;5;199
52025;Audeloncourt;100;1;101
52027;Aujeurres;97;0;97
52028;Aulnoy-sur-Aube;62;1;63
52029;Autigny-le-Grand;170;3;173
52030;Autigny-le-Petit;52;0;52
52031;Autreville-sur-la-Renne;488;14;502
52034;Bailly-aux-Forges;131;3;134
52035;Baissey;204;5;209
52036;Balesmes-sur-Marne;264;12;276
52037;Bannes;402;14;416
52038;Bassoncourt;69;2;71
52039;Baudrecourt;124;1;125
52040;Bay-sur-Aube;56;1;57
52265;Bayard-sur-Marne;1508;18;1526
52042;Beauchemin;106;0;106
52043;Belmont;55;0;55
52045;Bettancourt-la-Ferrée;1862;70;1932
52047;Beurville;106;3;109
52050;Biesles;1422;31;1453
52051;Bize;79;1;80
52053;Blaisy;81;2;83
52055;Blécourt;109;2;111
52056;Blessonville;223;3;226
52057;Blumeray;97;1;98
52058;Bologne;1860;42;1902
52059;Bonnecourt;128;1;129
52060;Bourbonne-les-Bains;2279;94;2373
52061;Bourdons-sur-Rognon;295;4;299
52062;Bourg;148;7;155
52063;Bourg-Sainte-Marie;90;4;94
52064;Bourmont;552;55;607
52065;Bouzancourt;62;1;63
52066;Brachay;60;2;62
52067;Brainville-sur-Meuse;81;6;87
52069;Braux-le-Châtel;141;4;145
52070;Brennes;125;10;135
52072;Brethenay;388;17;405
52074;Breuvannes-en-Bassigny;722;30;752
52075;Briaucourt;196;9;205
52076;Bricon;432;9;441
52079;Brousseval;683;10;693
52082;Bugnières;152;3;155
52084;Busson;41;0;41
52085;Buxières-lès-Clefmont;23;1;24
52087;Buxières-lès-Villiers;228;66;294
52088;Ceffonds;593;9;602
52089;Celles-en-Bassigny;76;1;77
52090;Celsoy;105;5;110
52091;Cerisières;97;3;100
52092;Chalancey;128;1;129
52093;Chalindrey;2706;61;2767
52095;Chalvraines;181;5;186
52125;Chamarandes-Choignes;1011;155;1166
52097;Chambroncourt;39;0;39
52099;Chamouilley;848;21;869
52101;Champigneulles-en-Bassigny;53;3;56
52102;Champigny-lès-Langres;431;15;446
52103;Champigny-sous-Varennes;119;5;124
52083;Champsevraine;868;29;897
52104;Chancenay;1010;52;1062
52105;Changey;263;5;268
52106;Chanoy;140;2;142
52107;Chantraines;227;3;230
52108;Charmes;129;2;131
52109;Charmes-en-l'Angle;10;0;10
52110;Charmes-la-Grande;167;3;170
52113;Chassigny;257;9;266
52114;Châteauvillain;1646;28;1674
52400;Le Châtelet-sur-Meuse;155;4;159
52115;Chatenay-Mâcheron;111;6;117
52116;Chatenay-Vaudin;57;1;58
52118;Chatonrupt-Sommermont;308;3;311
52119;Chaudenay;305;6;311
52120;Chauffourt;211;8;219
52121;Chaumont;24321;1528;25849
52122;Chaumont-la-Ville;124;2;126
52123;Chevillon;1395;32;1427
52126;Choilley-Dardenay;161;4;165
52127;Choiseul;86;1;87
52128;Cirey-lès-Mareilles;122;0;122
52129;Cirey-sur-Blaise;120;1;121
52130;Cirfontaines-en-Azois;206;1;207
52131;Cirfontaines-en-Ornois;86;5;91
52132;Clefmont;208;4;212
52133;Clinchamp;106;3;109
52134;Cohons;259;9;268
52135;Coiffy-le-Bas;104;2;106
52136;Coiffy-le-Haut;119;2;121
52137;Colmier-le-Bas;22;1;23
52138;Colmier-le-Haut;69;4;73
52140;Colombey-les-Deux-Églises;662;7;669
52141;Condes;269;13;282
52142;Consigny;71;0;71
52145;Coublanc;132;4;136
52146;Coupray;178;7;185
52151;Cour-l'Évêque;190;1;191
52147;Courcelles-en-Montagne;83;2;85
52149;Courcelles-sur-Blaise;121;4;125
52155;Culmont;582;10;592
52156;Curel;406;7;413
52157;Curmont;16;0;16
52158;Cusey;245;3;248
52159;Cuves;23;0;23
52160;Daillancourt;74;6;80
52161;Daillecourt;79;0;79
52162;Dammartin-sur-Meuse;221;1;222
52163;Dampierre;361;14;375
52164;Damrémont;211;10;221
52165;Dancevoir;246;4;250
52167;Darmannes;255;5;260
52168;Dinteville;63;1;64
52169;Domblain;92;4;96
52170;Dommarien;155;3;158
52171;Dommartin-le-Franc;217;4;221
52172;Dommartin-le-Saint-Père;280;9;289
52173;Domremy-Landéville;84;0;84
52174;Doncourt-sur-Meuse;52;1;53
52175;Donjeux;401;16;417
52177;Doulaincourt-Saucourt;961;98;1059
52178;Doulevant-le-Château;445;9;454
52179;Doulevant-le-Petit;44;0;44
52180;Droyes;402;86;488
52181;Échenay;91;5;96
52182;Éclaron-Braucourt-Sainte-Livière;1969;48;2017
52183;Ecot-la-Combe;42;1;43
52184;Effincourt;75;0;75
52185;Enfonvelle;84;4;88
52187;Épizon;138;4;142
52190;Esnouveaux;328;8;336
52193;Euffigneix;270;8;278
52194;Eurville-Bienville;2052;32;2084
52195;Farincourt;53;2;55
52196;Faverolles;119;5;124
52197;Fayl-Billot;1445;132;1577
52198;Fays;75;3;78
52199;Ferrière-et-Lafolie;44;3;47
52200;Flagey;86;4;90
52201;Flammerécourt;74;0;74
52203;Fontaines-sur-Marne;163;0;163
52204;Forcey;90;4;94
52205;Foulain;746;18;764
52206;Frampas;150;4;154
52207;Frécourt;98;1;99
52208;Fresnes-sur-Apance;155;5;160
52211;Froncles;1633;23;1656
52212;Fronville;327;7;334
52213;Genevrières;156;4;160
52214;La Genevroye;27;1;28
52216;Germaines;29;1;30
52217;Germainvilliers;99;3;102
52218;Germay;45;3;48
52219;Germisay;22;0;22
52220;Giey-sur-Aujon;155;3;158
52221;Gillancourt;128;1;129
52222;Gillaumé;28;1;29
52223;Gilley;75;3;78
52225;Goncourt;303;8;311
52227;Graffigny-Chemin;240;10;250
52228;Grandchamp;80;1;81
52229;Grenant;153;5;158
52230;Gudmont-Villiers;352;3;355
52231;Guindrecourt-aux-Ormes;84;0;84
52232;Guindrecourt-sur-Blaise;44;0;44
52233;Guyonvelle;121;5;126
52234;Hâcourt;36;0;36
52235;Hallignicourt;279;5;284
52237;Harréville-les-Chanteurs;272;6;278
52242;Haute-Amance;999;21;1020
52239;Heuilley-Cotton;271;3;274
52240;Heuilley-le-Grand;195;10;205
52243;Huilliécourt;133;10;143
52244;Humbécourt;731;15;746
52245;Humberville;61;1;62
52246;Humes-Jorquenay;580;15;595
52247;Illoud;292;8;300
52248;Is-en-Bassigny;566;9;575
52249;Isômes;140;3;143
52250;Joinville;3809;136;3945
52251;Jonchery;949;23;972
52253;Juzennecourt;209;1;210
52254;Lachapelle-en-Blaisy;79;4;83
52256;Lafauche;89;2;91
52257;Laferté-sur-Amance;113;3;116
52258;Laferté-sur-Aube;361;2;363
52260;Lamancine;109;3;112
52262;Lamothe-en-Blaisy;76;1;77
52264;Laneuvelle;71;4;75
52267;Laneuville-au-Pont;182;3;185
52269;Langres;8414;566;8980
52271;Lanques-sur-Rognon;209;3;212
52272;Lanty-sur-Aube;138;3;141
52273;Larivière-Arnoncourt;147;1;148
52274;Latrecey-Ormoy-sur-Aube;335;11;346
52275;Lavernoy;78;2;80
52276;Laville-aux-Bois;228;1;229
52277;Lavilleneuve;73;3;76
52280;Lecey;217;4;221
52282;Leffonds;322;10;332
52284;Leschères-sur-le-Blaiseron;106;3;109
52285;Leuchey;57;0;57
52286;Leurville;91;2;93
52287;Levécourt;94;3;97
52288;Lezéville;118;4;122
52289;Liffol-le-Petit;351;7;358
52290;Les Loges;139;3;142
52291;Longchamp;81;2;83
52292;Longeau-Percey;705;24;729
52293;Longeville-sur-la-Laines;436;7;443
52294;Louvemont;786;17;803
52295;Louvières;108;3;111
52296;Louze;317;6;323
52297;Luzy-sur-Marne;273;15;288
52298;Maâtz;81;5;86
52300;Magneux;148;6;154
52301;Maisoncelles;60;1;61
52302;Maizières;168;2;170
52303;Maizières-sur-Amance;114;0;114
52304;Malaincourt-sur-Meuse;59;0;59
52305;Mandres-la-Côte;513;19;532
52306;Manois;461;5;466
52307;Marac;226;2;228
52308;Maranville;464;8;472
52310;Marbéville;107;1;108
52311;Marcilly-en-Bassigny;229;5;234
52312;Mardor;62;4;66
52313;Mareilles;139;6;145
52315;Marnay-sur-Marne;287;6;293
52316;Mathons;57;1;58
52318;Melay;298;1;299
52319;Mennouveaux;69;3;72
52320;Merrey;134;5;139
52321;Mertrud;201;3;204
52322;Meures;107;0;107
52325;Millières;127;2;129
52326;Mirbel;54;1;55
52327;Moëslains;479;13;492
52328;Montcharvot;38;1;39
52330;Montheries;72;2;74
52331;Montier-en-Der;2093;83;2176
52335;Montot-sur-Rognon;116;0;116
52336;Montreuil-sur-Blaise;160;1;161
52337;Montreuil-sur-Thonnance;69;1;70
52340;Montsaugeon;68;4;72
52341;Morancourt;129;3;132
52342;Morionvilliers;28;1;29
52344;Mouilleron;35;1;36
52346;Mussey-sur-Marne;334;3;337
52347;Narcy;236;5;241
52348;Neuilly-l'Évêque;644;21;665
52349;Neuilly-sur-Suize;351;10;361
52350;Neuvelle-lès-Voisey;94;2;96
52351;Nijon;73;3;76
52352;Ninville;77;2;79
52353;Nogent;4046;66;4112
52354;Noidant-Chatenoy;91;2;93
52355;Noidant-le-Rocheux;215;4;219
52356;Nomécourt;102;6;108
52357;Noncourt-sur-le-Rongeant;177;1;178
52358;Noyers;84;2;86
52359;Nully;174;7;181
52360;Occey;144;7;151
52362;Orbigny-au-Mont;161;7;168
52363;Orbigny-au-Val;96;3;99
52364;Orcevaux;107;5;112
52365;Orges;396;10;406
52366;Ormancey;78;0;78
52367;Ormoy-lès-Sexfontaines;42;2;44
52369;Orquevaux;86;2;88
52370;Osne-le-Val;282;6;288
52371;Oudincourt;161;4;165
52372;Outremécourt;91;3;94
52373;Ozières;58;0;58
52374;Le Pailly;278;16;294
52375;Palaiseul;55;0;55
52376;Pancey;74;0;74
52377;Parnoy-en-Bassigny;308;9;317
52378;Paroy-sur-Saulx;44;0;44
52379;Pautaines-Augeville;24;1;25
52380;Peigney;347;15;362
52383;Perrancey-les-Vieux-Moulins;275;17;292
52384;Perrogney-les-Fontaines;113;4;117
52385;Perrusse;49;2;51
52386;Perthes;556;19;575
52388;Pierremont-sur-Amance;172;8;180
52390;Pisseloup;52;0;52
52391;Planrupt;289;14;303
52392;Plesnoy;104;1;105
52393;Poinsenot;49;3;52
52394;Poinson-lès-Fayl;206;0;206
52395;Poinson-lès-Grancey;60;4;64
52396;Poinson-lès-Nogent;147;8;155
52397;Poiseul;75;1;76
52398;Poissons;732;18;750
52399;Pont-la-Ville;148;5;153
52401;Poulangy;400;9;409
52403;Praslay;65;4;69
52405;Prauthoy;508;11;519
52406;Pressigny;235;9;244
52407;Prez-sous-Lafauche;345;5;350
52411;Puellemontier;187;20;207
52414;Rachecourt-sur-Marne;838;15;853
52413;Rachecourt-Suzémont;108;1;109
52416;Rangecourt;77;0;77
52415;Rançonnières;114;1;115
52419;Rennepont;180;4;184
52420;Reynel;131;4;135
52421;Riaucourt;483;8;491
52422;Richebourg;276;9;285
52423;Rimaucourt;767;13;780
52425;Rivière-les-Fosses;223;5;228
52424;Rivières-le-Bois;63;1;64
52426;Rizaucourt-Buchey;118;3;121
52427;Robert-Magny-Laneuville-à-Rémy;284;2;286
52428;Rochefort-sur-la-Côte;65;2;67
52044;Roches-Bettaincourt;622;16;638
52429;Roches-sur-Marne;604;10;614
52431;Rochetaillée;149;3;152
52432;Rolampont;1616;28;1644
52433;Romain-sur-Meuse;129;7;136
52436;Rouécourt;55;0;55
52437;Rouelles;36;0;36
52438;Rougeux;137;3;140
52439;Rouvres-sur-Aube;102;2;104
52440;Rouvroy-sur-Marne;353;14;367
52442;Rupt;298;19;317
52443;Sailly;49;2;51
52444;Saint-Blin;371;16;387
52445;Saint-Broingt-le-Bois;85;41;126
52446;Saint-Broingt-les-Fosses;191;8;199
52447;Saint-Ciergues;173;6;179
52448;Saint-Dizier;26962;950;27912
52450;Saint-Loup-sur-Aujon;162;3;165
52452;Saint-Martin-lès-Langres;71;3;74
52453;Saint-Maurice;135;3;138
52455;Saint-Thiébault;292;12;304
52456;Saint-Urbain-Maconcourt;647;11;658
52457;Saint-Vallier-sur-Marne;184;3;187
52449;Saints-Geosmes;958;47;1005
52459;Sarcey;109;4;113
52461;Sarrey;373;8;381
52463;Saudron;39;1;40
52464;Saulles;53;0;53
52467;Savigny;55;1;56
52468;Semilly;96;3;99
52469;Semoutiers-Montsaon;875;9;884
52470;Serqueux;468;10;478
52472;Sexfontaines;107;2;109
52473;Signéville;101;0;101
52474;Silvarouvres;47;2;49
52475;Sommancourt;53;0;53
52476;Sommerécourt;85;3;88
52479;Sommevoire;741;18;759
52480;Soncourt-sur-Marne;411;7;418
52482;Soulaucourt-sur-Mouzon;101;4;105
52483;Soyers;79;0;79
52484;Suzannecourt;358;9;367
52486;Ternat;53;5;58
52504;Terre-Natale;381;10;391
52487;Thilleux;88;4;92
52488;Thivet;297;5;302
52489;Thol-lès-Millières;39;0;39
52490;Thonnance-lès-Joinville;827;17;844
52491;Thonnance-les-Moulins;121;0;121
52492;Torcenay;516;21;537
52493;Tornay;47;0;47
52494;Treix;241;8;249
52495;Trémilly;89;2;91
52497;Troisfontaines-la-Ville;381;10;391
52499;Vaillant;58;2;60
52189;Le Val-d'Esnoms;372;14;386
52332;Val-de-Meuse;2173;70;2243
52500;Valcourt;635;30;665
52502;Valleret;51;2;53
52503;Valleroy;30;0;30
52094;Vals-des-Tilles;159;4;163
52505;Vaudrecourt;37;0;37
52506;Vaudrémont;111;3;114
52509;Vaux-sous-Aubigny;663;24;687
52510;Vaux-sur-Blaise;402;8;410
52511;Vaux-sur-Saint-Urbain;53;2;55
52507;Vauxbons;61;2;63
52512;Vecqueville;616;29;645
52513;Velles;85;2;87
52514;Verbiesles;288;9;297
52515;Verseilles-le-Bas;104;4;108
52516;Verseilles-le-Haut;50;2;52
52517;Vesaignes-sous-Lafauche;130;7;137
52518;Vesaignes-sur-Marne;130;2;132
52519;Vesvres-sous-Chalancey;55;2;57
52520;Vicq;173;7;180
52522;Viéville;315;10;325
52523;Vignes-la-Côte;53;1;54
52524;Vignory;301;2;303
52525;Villars-en-Azois;75;2;77
52526;Villars-Santenoge;101;6;107
52528;Ville-en-Blaisois;177;3;180
52529;Villegusien-le-Lac;718;20;738
52534;Villiers-en-Lieu;1586;33;1619
52535;Villiers-le-Sec;600;19;619
52536;Villiers-lès-Aprey;35;0;35
52538;Villiers-sur-Suize;235;9;244
52539;Violot;81;5;86
52540;Vitry-en-Montagne;39;1;40
52541;Vitry-lès-Nogent;169;2;171
52542;Vivey;58;2;60
52543;Voillecomte;468;4;472
52544;Voisey;365;10;375
52545;Voisines;92;5;97
52546;Voncourt;20;1;21
52547;Vouécourt;228;9;237
52548;Vraincourt;95;2;97
52549;Vroncourt-la-Côte;23;2;25
52550;Wassy;3074;155;3229
53001;Ahuillé;1733;51;1784
53002;Alexain;478;6;484
53003;Ambrières-les-Vallées;2773;64;2837
53004;Ampoigné;550;7;557
53005;Andouillé;2321;75;2396
53006;Argenton-Notre-Dame;206;5;211
53007;Argentré;2511;79;2590
53008;Aron;1719;48;1767
53009;Arquenay;640;14;654
53010;Assé-le-Bérenger;393;15;408
53011;Astillé;696;16;712
53012;Athée;487;18;505
53013;Averton;637;16;653
53014;Azé;3250;184;3434
53015;La Baconnière;1491;37;1528
53016;Bais;1340;40;1380
53017;Ballée;734;20;754
53018;Ballots;1192;20;1212
53019;Bannes;136;2;138
53021;La Bazoge-Montpinçon;818;22;840
53022;La Bazouge-de-Chemeré;515;6;521
53023;La Bazouge-des-Alleux;383;10;393
53025;Bazougers;981;22;1003
53026;Beaulieu-sur-Oudon;510;15;525
53027;Beaumont-Pied-de-Boeuf;197;6;203
53028;Belgeard;478;7;485
53029;Bierné;673;19;692
53030;Le Bignon-du-Maine;362;12;374
53031;La Bigottière;390;2;392
53032;Blandouet;194;1;195
53033;La Boissière;121;6;127
53034;Bonchamp-lès-Laval;5553;197;5750
53035;Bouchamps-lès-Craon;557;7;564
53036;Bouère;962;17;979
53037;Bouessay;770;8;778
53038;Boulay-les-Ifs;163;1;164
53039;Le Bourgneuf-la-Forêt;1698;22;1720
53040;Bourgon;611;10;621
53041;Brains-sur-les-Marches;233;13;246
53042;Brecé;832;10;842
53043;Brée;459;8;467
53045;La Brûlatte;695;10;705
53046;Le Buret;309;4;313
53047;Carelles;298;7;305
53048;Chailland;1144;29;1173
53049;Châlons-du-Maine;572;9;581
53050;Chammes;334;6;340
53051;Champéon;577;11;588
53052;Champfrémont;292;40;332
53053;Champgenéteux;576;12;588
53054;Changé;5265;220;5485
53055;Chantrigné;613;15;628
53056;La Chapelle-Anthenaise;864;17;881
53057;La Chapelle-au-Riboul;505;8;513
53058;La Chapelle-Craonnaise;305;8;313
53059;La Chapelle-Rainsouin;339;2;341
53061;Charchigné;483;8;491
53062;Château-Gontier;11181;437;11618
53063;Châtelain;476;19;495
53064;Châtillon-sur-Colmont;988;38;1026
53065;Châtres-la-Forêt;768;21;789
53066;Chemazé;1233;27;1260
53067;Chémeré-le-Roi;463;9;472
53068;Chérancé;172;6;178
53069;Chevaigné-du-Maine;206;4;210
53071;Colombiers-du-Plessis;498;8;506
53072;Commer;1150;34;1184
53073;Congrier;944;26;970
53074;Contest;898;20;918
53075;Cosmes;326;6;332
53076;Cossé-en-Champagne;330;14;344
53077;Cossé-le-Vivien;2890;64;2954
53078;Coudray;784;22;806
53079;Couesmes-Vaucé;384;8;392
53080;Couptrain;168;4;172
53082;Courbeveille;625;8;633
53083;Courcité;994;34;1028
53084;Craon;4648;205;4853
53085;Crennes-sur-Fraubée;193;14;207
53086;La Croixille;608;6;614
53087;La Cropte;220;9;229
53088;Cuillé;941;21;962
53089;Daon;503;14;517
53090;Denazé;161;4;165
53091;Désertines;524;6;530
53092;Deux-Évailles;203;1;204
53093;La Dorée;330;13;343
53094;Entrammes;2108;52;2160
53095;Épineux-le-Seguin;168;1;169
53096;Ernée;5780;198;5978
53097;Évron;7122;215;7337
53098;Fontaine-Couverte;367;10;377
53099;Forcé;1017;21;1038
53100;Fougerolles-du-Plessis;1407;23;1430
53101;Fromentières;800;15;815
53102;Gastines;197;4;201
53103;Le Genest-Saint-Isle;2032;43;2075
53104;Gennes-sur-Glaize;958;24;982
53105;Gesnes;213;7;220
53106;Gesvres;527;10;537
53107;Gorron;2744;59;2803
53108;La Gravelle;534;7;541
53109;Grazay;589;16;605
53110;Grez-en-Bouère;997;20;1017
53111;La Haie-Traversaine;493;17;510
53112;Le Ham;440;14;454
53113;Hambers;565;17;582
53114;Hardanges;210;1;211
53115;Hercé;326;6;332
53116;Le Horps;758;17;775
53117;Houssay;391;4;395
53118;Le Housseau-Brétignolles;227;4;231
53119;L' Huisserie;3901;121;4022
53120;Izé;490;6;496
53121;Javron-les-Chapelles;1467;43;1510
53122;Jublains;687;20;707
53123;Juvigné;1394;31;1425
53124;Laigné;782;19;801
53125;Landivy;1211;37;1248
53126;Larchamp;1041;30;1071
53127;Lassay-les-Châteaux;2439;56;2495
53128;Laubrières;298;2;300
53129;Launay-Villiers;396;6;402
53130;Laval;50613;2675;53288
53131;Lesbois;194;2;196
53132;Levaré;310;10;320
53133;Lignières-Orgères;731;13;744
53134;Livet;123;9;132
53135;Livré-la-Touche;787;25;812
53136;Loigné-sur-Mayenne;858;31;889
53137;Loiron;1451;26;1477
53138;Longuefuye;326;10;336
53139;Loupfougères;439;8;447
53140;Louverné;3721;103;3824
53141;Louvigné;831;28;859
53142;Madré;357;9;366
53143;Maisoncelles-du-Maine;477;7;484
53144;Marcillé-la-Ville;831;23;854
53145;Marigné-Peuton;551;4;555
53146;Martigné-sur-Mayenne;1568;23;1591
53147;Mayenne;13555;988;14543
53148;Mée;195;0;195
53150;Ménil;940;28;968
53151;Méral;1060;18;1078
53152;Meslay-du-Maine;2671;48;2719
53153;Mézangers;677;19;696
53154;Montaudin;916;13;929
53155;Montenay;1421;30;1451
53156;Montflours;229;9;238
53157;Montigné-le-Brillant;1256;53;1309
53158;Montjean;948;13;961
53159;Montourtier;326;14;340
53160;Montreuil-Poulay;402;6;408
53161;Montsûrs;2102;43;2145
53162;Moulay;955;38;993
53163;Neau;699;14;713
53164;Neuilly-le-Vendin;372;14;386
53165;Niafles;296;13;309
53168;Nuillé-sur-Vicoin;1200;28;1228
53170;Oisseau;1109;21;1130
53169;Olivet;422;10;432
53172;Origné;339;10;349
53173;La Pallu;182;7;189
53174;Parigné-sur-Braye;721;21;742
53175;Parné-sur-Roc;1198;30;1228
53176;Le Pas;538;17;555
53177;La Pellerine;310;11;321
53178;Peuton;226;13;239
53179;Placé;310;4;314
53180;Pommerieux;666;20;686
53181;Pontmain;875;18;893
53182;Port-Brillet;1909;27;1936
53185;Pré-en-Pail;2108;101;2209
53184;Préaux;172;3;175
53186;Quelaines-Saint-Gault;1861;39;1900
53187;Ravigny;210;5;215
53188;Renazé;2731;38;2769
53189;Rennes-en-Grenouilles;109;1;110
53190;Le Ribay;529;7;536
53191;La Roë;243;5;248
53192;La Rouaudière;339;16;355
53193;Ruillé-Froid-Fonds;501;14;515
53194;Ruillé-le-Gravelais;825;16;841
53195;Sacé;427;2;429
53196;Saint-Aignan-de-Couptrain;388;2;390
53197;Saint-Aignan-sur-Roë;860;30;890
53198;Saint-Aubin-du-Désert;258;3;261
53199;Saint-Aubin-Fosse-Louvain;278;14;292
53200;Saint-Baudelle;1154;35;1189
53201;Saint-Berthevin;6964;232;7196
53202;Saint-Berthevin-la-Tannière;370;13;383
53203;Saint-Brice;520;14;534
53204;Saint-Calais-du-Désert;369;8;377
53205;Saint-Céneré;439;10;449
53206;Saint-Charles-la-Forêt;213;3;216
53207;Saint-Christophe-du-Luat;724;6;730
53208;Saint-Cyr-en-Pail;440;10;450
53209;Saint-Cyr-le-Gravelais;534;8;542
53210;Saint-Denis-d'Anjou;1477;35;1512
53211;Saint-Denis-de-Gastines;1686;37;1723
53212;Saint-Denis-du-Maine;420;13;433
53213;Saint-Ellier-du-Maine;522;13;535
53214;Saint-Erblon;146;6;152
53215;Saint-Fort;1579;75;1654
53216;Saint-Fraimbault-de-Prières;982;21;1003
53219;Saint-Georges-Buttavent;1395;41;1436
53220;Saint-Georges-le-Fléchard;326;2;328
53221;Saint-Georges-sur-Erve;405;6;411
53222;Saint-Germain-d'Anxure;285;7;292
53223;Saint-Germain-de-Coulamer;400;11;411
53224;Saint-Germain-le-Fouilloux;980;16;996
53225;Saint-Germain-le-Guillaume;459;8;467
53226;Saint-Hilaire-du-Maine;814;13;827
53228;Saint-Jean-sur-Erve;489;3;492
53229;Saint-Jean-sur-Mayenne;1389;45;1434
53230;Saint-Julien-du-Terroux;260;4;264
53231;Saint-Laurent-des-Mortiers;197;5;202
53232;Saint-Léger;254;6;260
53233;Saint-Loup-du-Dorat;332;11;343
53234;Saint-Loup-du-Gast;354;11;365
53236;Saint-Mars-du-Désert;195;2;197
53237;Saint-Mars-sur-Colmont;452;11;463
53238;Saint-Mars-sur-la-Futaie;628;18;646
53239;Saint-Martin-de-Connée;403;6;409
53240;Saint-Martin-du-Limet;476;11;487
53241;Saint-Michel-de-Feins;167;6;173
53242;Saint-Michel-de-la-Roë;245;4;249
53243;Saint-Ouën-des-Toits;1701;44;1745
53244;Saint-Ouën-des-Vallons;171;2;173
53245;Saint-Pierre-des-Landes;967;27;994
53246;Saint-Pierre-des-Nids;1936;44;1980
53247;Saint-Pierre-la-Cour;1843;30;1873
53248;Saint-Pierre-sur-Erve;136;4;140
53249;Saint-Pierre-sur-Orthe;483;13;496
53250;Saint-Poix;393;7;400
53251;Saint-Quentin-les-Anges;398;7;405
53252;Saint-Samson;412;8;420
53253;Saint-Saturnin-du-Limet;519;5;524
53254;Saint-Sulpice;219;10;229
53256;Saint-Thomas-de-Courceriers;226;16;242
53218;Sainte-Gemmes-le-Robert;833;22;855
53235;Sainte-Marie-du-Bois;217;7;224
53255;Sainte-Suzanne;959;23;982
53257;Saulges;328;7;335
53258;La Selle-Craonnaise;907;20;927
53259;Senonnes;365;9;374
53260;Simplé;343;1;344
53261;Soucé;187;7;194
53262;Soulgé-sur-Ouette;1094;26;1120
53264;Thorigné-en-Charnie;168;5;173
53263;Thuboeuf;283;2;285
53265;Torcé-Viviers-en-Charnie;729;15;744
53266;Trans;240;7;247
53267;Vaiges;1200;18;1218
53269;Vautorte;582;17;599
53270;Vieuvy;121;4;125
53271;Villaines-la-Juhel;3095;86;3181
53272;Villepail;193;1;194
53273;Villiers-Charlemagne;1015;26;1041
53274;Vimarcé;240;5;245
53276;Voutré;861;22;883
54001;Abaucourt;291;5;296
54002;Abbéville-lès-Conflans;227;9;236
54003;Aboncourt;128;2;130
54004;Affléville;201;7;208
54005;Affracourt;101;6;107
54006;Agincourt;410;6;416
54007;Aingeray;587;10;597
54008;Allain;461;8;469
54009;Allamont;126;3;129
54010;Allamps;518;14;532
54011;Allondrelle-la-Malmaison;617;2;619
54012;Amance;332;12;344
54013;Amenoncourt;102;1;103
54014;Ancerviller;248;4;252
54015;Anderny;313;4;317
54016;Andilly;277;3;280
54017;Angomont;100;2;102
54018;Anoux;277;11;288
54019;Ansauville;84;1;85
54020;Anthelupt;442;11;453
54021;Armaucourt;215;5;220
54022;Arnaville;583;9;592
54023;Arracourt;241;4;245
54024;Arraye-et-Han;333;9;342
54025;Art-sur-Meurthe;1289;330;1619
54026;Athienville;163;2;165
54027;Atton;774;13;787
54028;Auboué;2679;37;2716
54029;Audun-le-Roman;2403;45;2448
54030;Autrepierre;119;3;122
54031;Autreville-sur-Moselle;301;3;304
54032;Autrey;173;2;175
54033;Avillers;79;4;83
54034;Avrainville;235;4;239
54035;Avricourt;420;10;430
54036;Avril;801;17;818
54037;Azelot;411;5;416
54038;Azerailles;835;21;856
54039;Baccarat;4663;69;4732
54040;Badonviller;1588;26;1614
54041;Bagneux;140;8;148
54042;Bainville-aux-Miroirs;339;5;344
54043;Bainville-sur-Madon;1423;9;1432
54044;Barbas;140;7;147
54045;Barbonville;384;5;389
54046;Barisey-au-Plain;307;7;314
54047;Barisey-la-Côte;182;6;188
54048;Les Baroches;361;12;373
54049;Baslieux;567;9;576
54050;Bathelémont-lès-Bauzemont;58;6;64
54051;Batilly;1305;16;1321
54052;Battigny;105;3;108
54053;Bauzemont;155;3;158
54054;Bayon;1444;12;1456
54055;Bayonville-sur-Mad;313;6;319
54056;Bazailles;176;0;176
54057;Beaumont;71;1;72
54058;Béchamps;76;0;76
54059;Belleau;745;7;752
54060;Belleville;1487;17;1504
54061;Bénaménil;533;15;548
54062;Benney;598;7;605
54063;Bernécourt;171;5;176
54064;Bertrambois;366;4;370
54065;Bertrichamps;1071;22;1093
54066;Bettainvillers;199;7;206
54067;Beuveille;630;8;638
54068;Beuvezin;114;2;116
54069;Beuvillers;319;3;322
54070;Bey-sur-Seille;156;0;156
54071;Bezange-la-Grande;175;10;185
54072;Bezaumont;257;0;257
54073;Bicqueley;898;8;906
54074;Bienville-la-Petite;28;0;28
54075;Bionville;135;6;141
54076;Blainville-sur-l'Eau;4070;48;4118
54077;Blâmont;1180;24;1204
54078;Blémerey;52;1;53
54079;Blénod-lès-Pont-à-Mousson;4434;71;4505
54080;Blénod-lès-Toul;1038;15;1053
54081;Boismont;459;11;470
54082;Boncourt;187;1;188
54083;Bonviller;183;4;187
54085;Borville;98;0;98
54086;Boucq;376;7;383
54087;Bouillonville;109;2;111
54088;Bouvron;236;7;243
54089;Bouxières-aux-Chênes;1382;14;1396
54090;Bouxières-aux-Dames;3994;43;4037
54091;Bouxières-sous-Froidmont;262;5;267
54092;Bouzanville;65;3;68
54093;Brainville;145;4;149
54094;Bralleville;170;3;173
54095;Bratte;32;0;32
54096;Bréhain-la-Ville;260;4;264
54097;Bréménil;134;2;136
54098;Brémoncourt;155;5;160
54099;Briey;5220;200;5420
54100;Brin-sur-Seille;634;14;648
54101;Brouville;127;2;129
54102;Bruley;574;9;583
54103;Bruville;196;2;198
54104;Buissoncourt;253;7;260
54105;Bulligny;510;13;523
54106;Bures;67;2;69
54107;Buriville;65;1;66
54108;Burthecourt-aux-Chênes;96;2;98
54109;Ceintrey;780;5;785
54110;Cerville;585;4;589
54111;Chaligny;3071;29;3100
54112;Chambley-Bussières;497;8;505
54113;Champenoux;1205;27;1232
54114;Champey-sur-Moselle;319;3;322
54115;Champigneulles;6765;72;6837
54116;Chanteheux;1812;43;1855
54117;Chaouilley;130;6;136
54118;Charency-Vezin;632;9;641
54119;Charey;74;0;74
54120;Charmes-la-Côte;308;4;312
54121;Charmois;155;3;158
54122;Chaudeney-sur-Moselle;680;22;702
54123;Chavigny;1704;30;1734
54124;Chazelles-sur-Albe;45;2;47
54125;Chenevières;471;7;478
54126;Chenicourt;220;4;224
54127;Chenières;581;18;599
54128;Choloy-Ménillot;727;6;733
54129;Cirey-sur-Vezouze;1779;26;1805
54130;Clayeures;181;4;185
54131;Clémery;509;11;520
54132;Clérey-sur-Brenon;65;1;66
54133;Coincourt;142;3;145
54134;Colmey;279;2;281
54135;Colombey-les-Belles;1367;26;1393
54136;Conflans-en-Jarnisy;2446;33;2479
54137;Cons-la-Grandville;575;8;583
54138;Cosnes-et-Romain;2211;44;2255
54139;Courbesseaux;233;7;240
54140;Courcelles;85;4;89
54141;Coyviller;124;0;124
54142;Crantenoy;126;3;129
54143;Crépey;334;11;345
54144;Crévéchamps;329;4;333
54145;Crévic;918;16;934
54146;Crézilles;269;5;274
54147;Crion;92;3;95
54148;Croismare;613;9;622
54149;Crusnes;1619;25;1644
54150;Custines;3002;33;3035
54151;Cutry;920;29;949
54152;Damelevières;3012;31;3043
54153;Dampvitoux;70;0;70
54154;Deneuvre;580;13;593
54155;Deuxville;394;12;406
54156;Diarville;495;8;503
54157;Dieulouard;4616;54;4670
54158;Dolcourt;94;2;96
54159;Dombasle-sur-Meurthe;9716;178;9894
54160;Domèvre-en-Haye;455;7;462
54161;Domèvre-sur-Vezouze;288;11;299
54162;Domgermain;1255;32;1287
54163;Domjevin;240;9;249
54164;Dommarie-Eulmont;78;1;79
54165;Dommartemont;647;20;667
54166;Dommartin-la-Chaussée;48;0;48
54167;Dommartin-lès-Toul;1956;27;1983
54168;Dommartin-sous-Amance;260;7;267
54169;Domprix;76;2;78
54170;Domptail-en-l'Air;61;0;61
54171;Doncourt-lès-Conflans;1262;18;1280
54172;Doncourt-lès-Longuyon;271;7;278
54173;Drouville;164;1;165
54174;Écrouves;4136;68;4204
54175;Einvaux;318;4;322
54176;Einville-au-Jard;1232;21;1253
54177;Emberménil;256;3;259
54178;Épiez-sur-Chiers;183;5;188
54179;Éply;297;7;304
54180;Erbéviller-sur-Amezule;85;1;86
54181;Errouville;780;7;787
54182;Essey-et-Maizerais;380;16;396
54183;Essey-la-Côte;92;0;92
54184;Essey-lès-Nancy;7527;125;7652
54185;Étreval;51;1;52
54186;Eulmont;992;23;1015
54187;Euvezin;111;1;112
54188;Faulx;1286;8;1294
54189;Favières;577;15;592
54190;Fécocourt;108;2;110
54191;Fenneviller;107;5;112
54192;Ferrières;277;3;280
54193;Fey-en-Haye;74;2;76
54194;Fillières;464;15;479
54195;Flainval;197;1;198
54196;Flavigny-sur-Moselle;1791;159;1950
54197;Fléville-devant-Nancy;2416;46;2462
54198;Fléville-Lixières;239;9;248
54199;Flin;371;8;379
54200;Flirey;199;4;203
54201;Fontenoy-la-Joûte;304;6;310
54202;Fontenoy-sur-Moselle;357;4;361
54203;Forcelles-Saint-Gorgon;143;7;150
54204;Forcelles-sous-Gugney;96;0;96
54205;Foug;2765;43;2808
54206;Fraimbois;326;9;335
54207;Fraisnes-en-Saintois;95;1;96
54208;Francheville;287;8;295
54209;Franconville;49;1;50
54210;Fréménil;171;5;176
54211;Frémonville;216;5;221
54212;Fresnois-la-Montagne;392;10;402
54213;Friauville;342;8;350
54214;Frolois;656;7;663
54215;Frouard;6660;57;6717
54216;Froville;123;3;126
54217;Gélacourt;158;8;166
54218;Gélaucourt;61;1;62
54219;Gellenoncourt;43;0;43
54220;Gémonville;74;2;76
54221;Gerbécourt-et-Haplemont;222;3;225
54222;Gerbéviller;1368;25;1393
54223;Germiny;212;2;214
54224;Germonville;80;1;81
54225;Gézoncourt;165;1;166
54226;Gibeaumeix;147;0;147
54227;Giraumont;1178;16;1194
54228;Giriviller;79;0;79
54229;Glonville;335;9;344
54230;Gogney;55;1;56
54231;Gondrecourt-Aix;179;2;181
54232;Gondreville;2854;34;2888
54233;Gondrexon;32;1;33
54234;Gorcy;2361;41;2402
54235;Goviller;385;11;396
54236;Grand-Failly;309;0;309
54237;Grimonviller;86;4;90
54238;Gripport;222;1;223
54239;Griscourt;119;2;121
54240;Grosrouvres;51;1;52
54241;Gugney;79;4;83
54242;Gye;190;2;192
54243;Hablainville;204;8;212
54244;Hagéville;116;2;118
54245;Haigneville;51;1;52
54246;Halloville;64;4;68
54247;Hammeville;173;5;178
54248;Hamonville;103;2;105
54602;Han-devant-Pierrepont;129;1;130
54249;Hannonville-Suzémont;279;4;283
54250;Haraucourt;665;4;669
54251;Harbouey;123;4;127
54252;Haroué;452;9;461
54253;Hatrize;734;13;747
54254;Haucourt-Moulaine;2938;46;2984
54255;Haudonville;91;2;93
54256;Haussonville;324;3;327
54257;Heillecourt;5967;112;6079
54258;Hénaménil;182;5;187
54259;Herbéviller;219;6;225
54260;Hériménil;916;16;932
54261;Herserange;4465;58;4523
54262;Hoéville;162;3;165
54263;Homécourt;6512;73;6585
54264;Houdelmont;200;0;200
54265;Houdemont;2469;46;2515
54266;Houdreville;428;4;432
54268;Housséville;168;4;172
54269;Hudiviller;308;4;312
54270;Hussigny-Godbrange;3243;53;3296
54271;Igney;113;4;117
54272;Jaillon;361;3;364
54273;Jarny;8447;152;8599
54274;Jarville-la-Malgrange;9470;241;9711
54275;Jaulny;253;5;258
54276;Jeandelaincourt;737;7;744
54277;Jeandelize;406;11;417
54278;Jevoncourt;71;1;72
54279;Jezainville;937;12;949
54280;Joeuf;6993;80;7073
54281;Jolivet;777;22;799
54282;Joppécourt;134;3;137
54283;Jouaville;305;5;310
54284;Joudreville;1209;17;1226
54285;Juvrecourt;67;5;72
54286;Labry;1670;19;1689
54287;Lachapelle;239;6;245
54288;Lagney;467;17;484
54289;Laître-sous-Amance;377;6;383
54290;Laix;216;0;216
54291;Laloeuf;291;5;296
54292;Lamath;192;3;195
54293;Landécourt;87;4;91
54294;Landremont;141;5;146
54295;Landres;877;63;940
54296;Laneuvelotte;401;4;405
54297;Laneuveville-aux-Bois;320;5;325
54298;Laneuveville-derrière-Foug;139;4;143
54299;Laneuveville-devant-Bayon;229;3;232
54300;Laneuveville-devant-Nancy;5903;52;5955
54301;Lanfroicourt;123;3;126
54302;Lantéfontaine;737;21;758
54303;Laronxe;373;4;377
54304;Laxou;14875;390;15265
54305;Lay-Saint-Christophe;2617;40;2657
54306;Lay-Saint-Remy;347;3;350
54307;Lebeuville;166;1;167
54308;Leintrey;152;1;153
54309;Lemainville;326;6;332
54310;Leménil-Mitry;3;0;3
54311;Lenoncourt;560;8;568
54312;Lesménils;480;8;488
54313;Létricourt;223;8;231
54314;Lexy;2840;65;2905
54315;Leyr;940;23;963
54316;Limey-Remenauville;200;4;204
54317;Lironville;108;3;111
54318;Liverdun;5864;79;5943
54320;Loisy;327;12;339
54321;Longlaville;2481;46;2527
54322;Longuyon;5711;102;5813
54323;Longwy;14346;269;14615
54324;Lorey;90;0;90
54325;Loromontzey;90;5;95
54326;Lubey;209;5;214
54327;Lucey;567;6;573
54328;Ludres;6680;118;6798
54329;Lunéville;20078;427;20505
54330;Lupcourt;370;5;375
54331;Magnières;339;6;345
54332;Maidières;1525;23;1548
54333;Mailly-sur-Seille;254;5;259
54334;Mairy-Mainville;544;13;557
54335;Maixe;410;5;415
54336;Maizières;867;10;877
54337;Malavillers;147;2;149
54338;Malleloy;933;15;948
54339;Malzéville;8099;214;8313
54340;Mamey;310;5;315
54341;Mance;618;13;631
54342;Mancieulles;1564;22;1586
54343;Mandres-aux-Quatre-Tours;179;2;181
54344;Mangonville;233;4;237
54345;Manoncourt-en-Vermois;324;1;325
54346;Manoncourt-en-Woëvre;209;9;218
54348;Manonville;240;4;244
54349;Manonviller;143;7;150
54350;Marainviller;694;10;704
54351;Marbache;1763;18;1781
54352;Maron;830;7;837
54353;Mars-la-Tour;951;12;963
54354;Marthemont;36;4;40
54355;Martincourt;80;1;81
54356;Mattexey;73;3;76
54357;Maxéville;8919;140;9059
54358;Mazerulles;246;7;253
54359;Méhoncourt;248;10;258
54360;Ménil-la-Tour;293;9;302
54362;Mercy-le-Bas;1340;22;1362
54363;Mercy-le-Haut;243;0;243
54364;Méréville;1439;19;1458
54365;Merviller;386;10;396
54366;Messein;1650;20;1670
54367;Mexy;2196;47;2243
54368;Mignéville;169;5;174
54369;Millery;587;4;591
54370;Minorville;216;7;223
54371;Moineville;1079;12;1091
54372;Moivrons;394;5;399
54373;Moncel-lès-Lunéville;458;6;464
54374;Moncel-sur-Seille;492;7;499
54084;Mont-Bonvillers;977;12;989
54379;Mont-l'Étroit;108;2;110
54380;Mont-le-Vignoble;408;5;413
54382;Mont-Saint-Martin;8078;117;8195
54383;Mont-sur-Meurthe;982;13;995
54375;Montauville;1169;19;1188
54376;Montenoy;400;18;418
54377;Montigny;133;2;135
54378;Montigny-sur-Chiers;468;9;477
54381;Montreux;56;0;56
54385;Morfontaine;1122;19;1141
54386;Moriviller;95;2;97
54387;Morville-sur-Seille;129;3;132
54388;Mouacourt;77;0;77
54389;Mouaville;106;0;106
54390;Mousson;125;1;126
54391;Moutiers;1749;25;1774
54392;Moutrot;296;5;301
54393;Moyen;533;9;542
54394;Murville;261;8;269
54395;Nancy;105349;1886;107235
54396;Neufmaisons;224;21;245
54397;Neuves-Maisons;6951;75;7026
54398;Neuviller-lès-Badonviller;90;2;92
54399;Neuviller-sur-Moselle;248;1;249
54400;Nomeny;1135;24;1159
54401;Nonhigny;106;2;108
54402;Norroy-le-Sec;379;4;383
54403;Norroy-lès-Pont-à-Mousson;1200;15;1215
54404;Noviant-aux-Prés;247;2;249
54405;Ochey;440;9;449
54406;Ogéviller;301;7;308
54407;Ognéville;128;1;129
54408;Olley;234;3;237
54409;Omelmont;152;5;157
54410;Onville;528;6;534
54411;Ormes-et-Ville;242;2;244
54412;Othe;33;2;35
54413;Ozerailles;156;3;159
54414;Pagney-derrière-Barine;567;11;578
54415;Pagny-sur-Moselle;4123;56;4179
54416;Pannes;174;5;179
54417;Parey-Saint-Césaire;224;6;230
54418;Parroy;167;10;177
54419;Parux;76;1;77
54420;Petit-Failly;78;2;80
54421;Petitmont;366;9;375
54422;Pettonville;54;0;54
54423;Pexonne;386;6;392
54424;Phlin;43;0;43
54425;Piennes;2442;41;2483
54426;Pierre-la-Treiche;568;19;587
54427;Pierre-Percée;92;4;96
54428;Pierrepont;948;9;957
54429;Pierreville;307;3;310
54430;Pompey;5119;54;5173
54431;Pont-à-Mousson;14065;324;14389
54432;Pont-Saint-Vincent;2064;45;2109
54433;Port-sur-Seille;225;3;228
54434;Praye;250;3;253
54435;Prény;380;6;386
54436;Preutin-Higny;131;6;137
54437;Pulligny;1234;28;1262
54438;Pulney;63;0;63
54439;Pulnoy;4607;73;4680
54440;Puxe;117;4;121
54441;Puxieux;243;7;250
54442;Quevilloncourt;107;0;107
54443;Raon-lès-Leau;39;1;40
54444;Raucourt;185;4;189
54445;Raville-sur-Sânon;100;2;102
54446;Réchicourt-la-Petite;72;1;73
54447;Réclonville;77;2;79
54449;Rehainviller;833;15;848
54450;Reherrey;131;4;135
54451;Réhon;3731;61;3792
54452;Reillon;71;3;74
54453;Rembercourt-sur-Mad;191;5;196
54455;Remenoville;141;4;145
54456;Réméréville;520;4;524
54457;Remoncourt;35;1;36
54458;Repaix;82;3;85
54459;Richardménil;2575;34;2609
54460;Rogéville;143;3;146
54461;Romain;49;2;51
54462;Rosières-aux-Salines;2830;30;2860
54463;Rosières-en-Haye;226;3;229
54464;Rouves;97;1;98
54465;Roville-devant-Bayon;715;9;724
54466;Royaumeix;332;6;338
54467;Rozelieures;160;0;160
54468;Saffais;111;1;112
54469;Saint-Ail;325;3;328
54470;Saint-Baussant;68;3;71
54471;Saint-Boingt;76;2;78
54472;Saint-Clément;876;22;898
54473;Saint-Firmin;272;2;274
54475;Saint-Germain;148;4;152
54476;Saint-Jean-lès-Longuyon;398;4;402
54477;Saint-Julien-lès-Gorze;148;3;151
54478;Saint-Marcel;184;1;185
54479;Saint-Mard;88;3;91
54480;Saint-Martin;79;2;81
54481;Saint-Maurice-aux-Forges;85;6;91
54482;Saint-Max;10050;163;10213
54483;Saint-Nicolas-de-Port;7597;90;7687
54485;Saint-Pancré;305;10;315
54486;Saint-Remimont;333;3;336
54487;Saint-Rémy-aux-Bois;69;3;72
54488;Saint-Sauveur;48;0;48
54489;Saint-Supplet;174;6;180
54474;Sainte-Geneviève;187;5;192
54484;Sainte-Pôle;196;5;201
54490;Saizerais;1455;14;1469
54491;Sancy;340;6;346
54492;Sanzey;138;6;144
54493;Saulnes;2349;45;2394
54494;Saulxerotte;68;0;68
54495;Saulxures-lès-Nancy;3917;63;3980
54496;Saulxures-lès-Vannes;376;5;381
54497;Saxon-Sion;70;2;72
54498;Seichamps;5146;73;5219
54499;Seicheprey;106;0;106
54500;Selaincourt;188;6;194
54501;Seranville;99;2;101
54502;Serres;270;4;274
54504;Serrouville;600;4;604
54505;Sexey-aux-Forges;659;11;670
54506;Sexey-les-Bois;351;5;356
54507;Sionviller;98;3;101
54508;Sivry;264;3;267
54509;Sommerviller;919;9;928
54510;Sornéville;325;5;330
54511;Sponville;116;4;120
54512;Tanconville;90;1;91
54513;Tantonville;633;11;644
54514;Tellancourt;581;3;584
54515;Thélod;263;6;269
54516;They-sous-Vaudemont;13;0;13
54517;Thézey-Saint-Martin;197;3;200
54518;Thiaucourt-Regniéville;1183;30;1213
54519;Thiaville-sur-Meurthe;483;10;493
54520;Thiébauménil;387;3;390
54521;Thil;1619;27;1646
54522;Thorey-Lyautey;129;3;132
54523;Thuilley-aux-Groseilles;494;3;497
54524;Thumeréville;107;4;111
54525;Tiercelet;659;7;666
54526;Tomblaine;7656;243;7899
54527;Tonnoy;728;17;745
54528;Toul;16230;341;16571
54529;Tramont-Émy;35;4;39
54530;Tramont-Lassus;79;2;81
54531;Tramont-Saint-André;53;0;53
54532;Tremblecourt;190;3;193
54533;Trieux;1975;24;1999
54534;Trondes;520;7;527
54535;Tronville;217;7;224
54536;Tucquegnieux;2634;56;2690
54537;Ugny;638;12;650
54538;Uruffe;352;6;358
54539;Vacqueville;241;7;248
54540;Val-et-Châtillon;697;13;710
54541;Valhey;167;5;172
54542;Valleroy;2448;41;2489
54543;Vallois;146;4;150
54544;Vandelainville;147;2;149
54545;Vandeléville;196;4;200
54546;Vandières;925;11;936
54547;Vandoeuvre-lès-Nancy;31196;346;31542
54548;Vannes-le-Châtel;564;16;580
54549;Varangéville;4103;31;4134
54550;Vathiménil;312;4;316
54551;Vaucourt;71;2;73
54552;Vaudémont;81;1;82
54553;Vaudeville;190;4;194
54554;Vaudigny;47;4;51
54555;Vaxainville;83;0;83
54556;Vého;105;3;108
54557;Velaine-en-Haye;1476;104;1580
54558;Velaine-sous-Amance;277;4;281
54559;Velle-sur-Moselle;272;4;276
54560;Veney;51;0;51
54561;Vennezey;35;0;35
54562;Verdenal;148;4;152
54563;Vézelise;1391;27;1418
54564;Viéville-en-Haye;163;7;170
54565;Vigneulles;257;5;262
54566;Vilcey-sur-Trey;166;4;170
54567;Villacourt;466;9;475
54568;Ville-au-Montois;269;4;273
54569;Ville-au-Val;170;3;173
54571;Ville-en-Vermois;595;9;604
54572;Ville-Houdlémont;587;11;598
54581;Ville-sur-Yron;287;8;295
54570;Villecey-sur-Mad;313;9;322
54573;Villers-en-Haye;164;0;164
54574;Villers-la-Chèvre;535;17;552
54575;Villers-la-Montagne;1479;48;1527
54576;Villers-le-Rond;94;2;96
54577;Villers-lès-Moivrons;130;1;131
54578;Villers-lès-Nancy;15115;325;15440
54579;Villers-sous-Prény;346;9;355
54580;Villerupt;9580;176;9756
54582;Villette;204;4;208
54583;Villey-le-Sec;410;6;416
54584;Villey-Saint-Étienne;1074;14;1088
54585;Virecourt;442;11;453
54586;Viterne;701;10;711
54587;Vitrey;218;3;221
54588;Vitrimont;364;5;369
54589;Vittonville;132;3;135
54590;Viviers-sur-Chiers;663;8;671
54591;Voinémont;343;6;349
54592;Vroncourt;204;5;209
54593;Waville;438;5;443
54594;Xammes;125;2;127
54595;Xermaménil;515;17;532
54596;Xeuilley;765;11;776
54597;Xirocourt;456;7;463
54598;Xivry-Circourt;268;4;272
54599;Xonville;109;2;111
54600;Xousse;113;1;114
54601;Xures;133;1;134
55001;Abainville;333;7;340
55002;Abaucourt-Hautecourt;101;1;102
55004;Aincreville;91;1;92
55005;Amanty;53;0;53
55007;Ambly-sur-Meuse;262;5;267
55008;Amel-sur-l'Étang;166;1;167
55009;Ancemont;569;15;584
55010;Ancerville;2824;73;2897
55011;Andernay;240;3;243
55012;Apremont-la-Forêt;400;8;408
55013;Arrancy-sur-Crusne;430;8;438
55014;Aubréville;396;7;403
55015;Aulnois-en-Perthois;451;12;463
55017;Autrécourt-sur-Aire;134;0;134
55018;Autréville-Saint-Lambert;47;1;48
55021;Avillers-Sainte-Croix;60;2;62
55022;Avioth;120;6;126
55023;Avocourt;127;4;131
55024;Azannes-et-Soumazannes;169;3;172
55025;Baâlon;268;3;271
55026;Badonvilliers-Gérauvilliers;160;2;162
55027;Bannoncourt;184;5;189
55028;Bantheville;134;5;139
55029;Bar-le-Duc;16002;820;16822
55030;Baudignécourt;78;2;80
55031;Baudonvilliers;449;20;469
55032;Baudrémont;49;7;56
55033;Baulny;14;0;14
55034;Bazeilles-sur-Othain;96;2;98
55035;Bazincourt-sur-Saulx;148;9;157
55036;Beauclair;85;3;88
55037;Beaufort-en-Argonne;161;4;165
55038;Beaulieu-en-Argonne;33;1;34
55039;Beaumont-en-Verdunois;0;0;0
55040;Beausite;287;13;300
55041;Behonne;694;36;730
55042;Belleray;421;13;434
55043;Belleville-sur-Meuse;3082;90;3172
55044;Belrain;46;2;48
55045;Belrupt-en-Verdunois;436;13;449
55046;Beney-en-Woëvre;152;4;156
55047;Béthelainville;190;5;195
55048;Béthincourt;23;0;23
55049;Beurey-sur-Saulx;448;5;453
55050;Bezonvaux;0;0;0
55051;Biencourt-sur-Orge;154;2;156
55053;Billy-sous-Mangiennes;375;4;379
55054;Bislée;63;1;64
55055;Blanzée;19;1;20
55057;Boinville-en-Woëvre;71;0;71
55058;Boncourt-sur-Meuse;340;12;352
55059;Bonnet;215;8;223
55060;Bonzée;368;7;375
55061;Le Bouchon-sur-Saulx;222;5;227
55062;Bouconville-sur-Madt;101;1;102
55063;Bouligny;2740;33;2773
55064;Bouquemont;93;0;93
55065;Boureuilles;125;5;130
55066;Bovée-sur-Barboure;131;9;140
55067;Boviolles;99;4;103
55068;Brabant-en-Argonne;107;3;110
55069;Brabant-le-Roi;251;8;259
55070;Brabant-sur-Meuse;121;2;123
55071;Brandeville;165;0;165
55072;Braquis;86;1;87
55073;Bras-sur-Meuse;686;30;716
55075;Brauvilliers;174;1;175
55076;Bréhéville;171;3;174
55077;Breux;248;6;254
55078;Brieulles-sur-Meuse;333;9;342
55079;Brillon-en-Barrois;593;19;612
55080;Brixey-aux-Chanoines;82;5;87
55081;Brizeaux;47;3;50
55082;Brocourt-en-Argonne;48;6;54
55083;Brouennes;169;3;172
55084;Broussey-en-Blois;64;3;67
55085;Broussey-Raulecourt;252;2;254
55087;Bure;92;0;92
55088;Burey-en-Vaux;131;0;131
55089;Burey-la-Côte;65;0;65
55093;Buxières-sous-les-Côtes;273;12;285
55094;Buzy-Darmont;567;12;579
55095;Cesse;130;4;134
55096;Chaillon;96;5;101
55097;Chalaines;321;7;328
55099;Champneuville;115;6;121
55100;Champougny;103;2;105
55358;Chanteraine;206;9;215
55101;Chardogne;291;7;298
55102;Charny-sur-Meuse;554;12;566
55103;Charpentry;28;4;32
55104;Chassey-Beaupré;123;3;126
55105;Châtillon-sous-les-Côtes;156;3;159
55106;Chattancourt;176;8;184
55107;Chaumont-devant-Damvillers;39;1;40
55108;Chaumont-sur-Aire;165;3;168
55109;Chauvency-le-Château;247;4;251
55110;Chauvency-Saint-Hubert;242;6;248
55111;Chauvoncourt;489;21;510
55113;Cheppy;130;4;134
55114;Chonville-Malaumont;164;10;174
55115;Cierges-sous-Montfaucon;44;1;45
55116;Le Claon;56;2;58
55117;Clermont-en-Argonne;1615;35;1650
55118;Cléry-le-Grand;72;1;73
55119;Cléry-le-Petit;203;0;203
55120;Combles-en-Barrois;870;27;897
55121;Combres-sous-les-Côtes;110;9;119
55122;Commercy;6498;273;6771
55124;Consenvoye;284;6;290
55125;Contrisson;726;23;749
55127;Courcelles-en-Barrois;31;0;31
55128;Courcelles-sur-Aire;40;5;45
55129;Courouvre;44;0;44
55132;Cousances-les-Forges;1706;32;1738
55518;Cousances-lès-Triconville;150;1;151
55133;Couvertpuis;89;2;91
55134;Couvonges;143;3;146
55137;Cuisy;44;0;44
55139;Cumières-le-Mort-Homme;0;0;0
55140;Cunel;16;0;16
55141;Dagonville;81;2;83
55142;Dainville-Bertheléville;154;3;157
55143;Damloup;145;4;149
55144;Dammarie-sur-Saulx;425;5;430
55145;Damvillers;636;89;725
55146;Dannevoux;205;13;218
55148;Delouze-Rosières;129;2;131
55149;Delut;103;0;103
55150;Demange-aux-Eaux;554;19;573
55153;Dieppe-sous-Douaumont;169;1;170
55154;Dieue-sur-Meuse;1382;44;1426
55155;Dombasle-en-Argonne;404;4;408
55156;Dombras;138;3;141
55157;Dommartin-la-Montagne;70;1;71
55158;Dommary-Baroncourt;821;15;836
55159;Dompcevrin;375;9;384
55160;Dompierre-aux-Bois;53;2;55
55162;Domremy-la-Canne;32;3;35
55163;Doncourt-aux-Templiers;70;1;71
55164;Douaumont;7;0;7
55165;Doulcon;420;14;434
55166;Dugny-sur-Meuse;1331;37;1368
55167;Dun-sur-Meuse;752;14;766
55168;Duzey;51;0;51
55169;Écouviez;532;9;541
55170;Écurey-en-Verdunois;134;4;138
55171;Eix;257;10;267
55172;Les Éparges;74;2;76
55173;Épiez-sur-Meuse;35;1;36
55174;Épinonville;80;2;82
55175;Érize-la-Brûlée;182;4;186
55177;Érize-la-Petite;59;1;60
55178;Érize-Saint-Dizier;189;1;190
55179;Erneville-aux-Bois;172;7;179
55180;Esnes-en-Argonne;127;4;131
55181;Étain;3746;58;3804
55182;Éton;212;3;215
55183;Étraye;52;1;53
55184;Euville;1706;54;1760
55185;Èvres;87;1;88
55186;Fains-Véel;2282;85;2367
55188;Flassigny;49;2;51
55189;Fleury-devant-Douaumont;0;0;0
55191;Foameix-Ornel;182;12;194
55192;Fontaines-Saint-Clair;51;0;51
55193;Forges-sur-Meuse;100;4;104
55194;Foucaucourt-sur-Thabas;62;2;64
55195;Fouchères-aux-Bois;138;0;138
55196;Frémeréville-sous-les-Côtes;98;2;100
55197;Fresnes-au-Mont;137;6;143
55198;Fresnes-en-Woëvre;752;22;774
55199;Froidos;92;4;96
55200;Fromeréville-les-Vallons;239;2;241
55201;Fromezey;60;0;60
55202;Futeau;155;2;157
55204;Génicourt-sur-Meuse;277;5;282
55206;Gercourt-et-Drillancourt;138;9;147
55207;Géry;44;1;45
55208;Gesnes-en-Argonne;48;1;49
55258;Geville;573;3;576
55210;Gimécourt;35;3;38
55211;Gincrey;64;2;66
55212;Girauvoisin;77;6;83
55214;Givrauval;319;5;324
55215;Gondrecourt-le-Château;1254;26;1280
55216;Gouraincourt;43;3;46
55217;Goussaincourt;115;3;118
55218;Gremilly;25;0;25
55219;Grimaucourt-en-Woëvre;90;2;92
55220;Grimaucourt-près-Sampigny;102;3;105
55221;Guerpont;262;13;275
55222;Gussainville;41;1;42
55224;Haironville;578;8;586
55225;Halles-sous-les-Côtes;155;1;156
55226;Han-lès-Juvigny;90;2;92
55229;Han-sur-Meuse;262;5;267
55228;Hannonville-sous-les-Côtes;610;13;623
55232;Harville;106;2;108
55236;Haudainville;1021;28;1049
55237;Haudiomont;223;8;231
55239;Haumont-près-Samogneux;0;0;0
55123;Les Hauts-de-Chée;729;25;754
55241;Heippes;72;0;72
55242;Hennemont;125;3;128
55243;Herbeuville;163;3;166
55244;Herméville-en-Woëvre;247;3;250
55245;Heudicourt-sous-les-Côtes;186;41;227
55246;Hévilliers;136;5;141
55247;Horville-en-Ornois;58;4;62
55248;Houdelaincourt;360;12;372
55250;Inor;214;6;220
55251;Ippécourt;96;1;97
55252;Iré-le-Sec;154;4;158
55253;Les Islettes;837;19;856
55255;Jametz;253;1;254
55256;Jonville-en-Woëvre;138;5;143
55257;Jouy-en-Argonne;55;0;55
55260;Julvécourt;71;5;76
55261;Juvigny-en-Perthois;135;2;137
55262;Juvigny-sur-Loison;265;5;270
55263;Koeur-la-Grande;165;5;170
55264;Koeur-la-Petite;261;5;266
55265;Labeuville;126;2;128
55266;Lachalade;56;1;57
55267;Lachaussée;244;8;252
55268;Lacroix-sur-Meuse;702;24;726
55269;Lahaymeix;97;2;99
55270;Lahayville;29;0;29
55271;Laheycourt;392;7;399
55272;Laimont;435;23;458
55274;Lamorville;284;13;297
55275;Lamouilly;81;2;83
55276;Landrecourt-Lempire;217;1;218
55278;Laneuville-au-Rupt;180;4;184
55279;Laneuville-sur-Meuse;413;9;422
55280;Lanhères;57;2;59
55281;Latour-en-Woëvre;61;2;63
55282;Lavallée;96;1;97
55284;Lavincourt;71;0;71
55285;Lavoye;165;6;171
55286;Lemmes;236;1;237
55288;Lérouville;1473;37;1510
55289;Levoncourt;48;0;48
55290;Lignières-sur-Aire;50;3;53
55291;Ligny-en-Barrois;4564;121;4685
55292;Liny-devant-Dun;173;3;176
55293;Lion-devant-Dun;183;6;189
55295;Lisle-en-Barrois;37;0;37
55296;Lisle-en-Rigault;538;15;553
55297;Lissey;136;5;141
55298;Loisey-Culey;457;18;475
55299;Loison;101;0;101
55301;Longchamps-sur-Aire;146;5;151
55300;Longeaux;232;7;239
55302;Longeville-en-Barrois;1221;42;1263
55303;Loupmont;89;4;93
55304;Louppy-le-Château;168;6;174
55306;Louppy-sur-Loison;120;7;127
55307;Louvemont-Côte-du-Poivre;0;0;0
55310;Luzy-Saint-Martin;106;2;108
55311;Maizeray;39;1;40
55312;Maizey;186;2;188
55313;Malancourt;76;3;79
55315;Mandres-en-Barrois;131;7;138
55316;Mangiennes;389;10;399
55317;Manheulles;155;2;157
55320;Marchéville-en-Woëvre;75;1;76
55321;Marre;172;8;180
55322;Marson-sur-Barboure;44;2;46
55323;Martincourt-sur-Meuse;65;0;65
55324;Marville;585;12;597
55325;Maucourt-sur-Orne;50;0;50
55326;Maulan;112;2;114
55327;Mauvages;261;9;270
55328;Maxey-sur-Vaise;307;14;321
55329;Mécrin;245;6;251
55330;Méligny-le-Grand;96;7;103
55331;Méligny-le-Petit;62;5;67
55332;Menaucourt;228;3;231
55333;Ménil-aux-Bois;37;1;38
55334;Ménil-la-Horgne;148;3;151
55335;Ménil-sur-Saulx;266;7;273
55336;Merles-sur-Loison;153;3;156
55338;Milly-sur-Bradon;170;4;174
55339;Mogeville;73;1;74
55340;Mognéville;403;10;413
55341;Moirey-Flabas-Crépion;134;3;137
55345;Mont-devant-Sassey;109;2;111
55343;Montblainville;65;5;70
55344;Montbras;26;2;28
55346;Montfaucon-d'Argonne;353;6;359
55347;Les Monthairons;366;4;370
55348;Montiers-sur-Saulx;452;8;460
55349;Montigny-devant-Sassey;140;3;143
55350;Montigny-lès-Vaucouleurs;77;2;79
55351;Montmédy;2263;92;2355
55352;Montplonne;163;29;192
55353;Montsec;72;0;72
55355;Montzéville;171;7;178
55356;Moranville;103;2;105
55357;Morgemoulin;102;6;108
55359;Morley;213;5;218
55360;Mouilly;110;5;115
55361;Moulainville;117;4;121
55362;Moulins-Saint-Hubert;169;8;177
55363;Moulotte;89;3;92
55364;Mouzay;732;16;748
55365;Murvaux;149;0;149
55367;Muzeray;121;0;121
55368;Naives-en-Blois;160;2;162
55369;Naives-Rosières;848;26;874
55370;Naix-aux-Forges;204;5;209
55373;Nant-le-Grand;70;4;74
55374;Nant-le-Petit;85;2;87
55375;Nantillois;68;2;70
55376;Nantois;99;3;102
55371;Nançois-le-Grand;58;1;59
55372;Nançois-sur-Ornain;377;7;384
55377;Nepvant;60;2;62
55378;Nettancourt;286;11;297
55379;Le Neufour;77;0;77
55380;Neuville-en-Verdunois;72;2;74
55381;Neuville-lès-Vaucouleurs;176;6;182
55382;Neuville-sur-Ornain;351;7;358
55383;Neuvilly-en-Argonne;205;4;209
55384;Nicey-sur-Aire;111;4;115
55385;Nixéville-Blercourt;428;16;444
55386;Nonsard-Lamarche;115;5;120
55387;Nouillonpont;239;9;248
55388;Noyers-Auzécourt;242;8;250
55389;Nubécourt;277;9;286
55391;Olizy-sur-Chiers;171;0;171
55394;Ornes;2;0;2
55395;Osches;54;2;56
55396;Ourches-sur-Meuse;189;5;194
55397;Pagny-la-Blanche-Côte;247;1;248
55398;Pagny-sur-Meuse;969;19;988
55399;Pareid;114;1;115
55400;Parfondrupt;51;1;52
55401;Les Paroches;366;14;380
55403;Peuvillers;69;1;70
55404;Pierrefitte-sur-Aire;250;10;260
55405;Pillon;217;4;221
55406;Pintheville;73;2;75
55407;Pont-sur-Meuse;142;7;149
55408;Pouilly-sur-Meuse;193;7;200
55409;Pretz-en-Argonne;59;4;63
55410;Quincy-Landzécourt;149;11;160
55442;Raival;249;5;254
55411;Rambluzin-et-Benoite-Vaux;97;1;98
55412;Rambucourt;176;1;177
55414;Rancourt-sur-Ornain;206;5;211
55415;Ranzières;67;1;68
55416;Rarécourt;231;5;236
55419;Récicourt;157;4;161
55420;Récourt-le-Creux;77;4;81
55421;Reffroy;66;0;66
55422;Regnéville-sur-Meuse;39;0;39
55423;Rembercourt-Sommaisne;320;15;335
55424;Remennecourt;56;4;60
55425;Remoiville;154;6;160
55426;Resson;411;13;424
55427;Revigny-sur-Ornain;3206;67;3273
55428;Réville-aux-Bois;123;3;126
55429;Riaville;39;1;40
55430;Ribeaucourt;103;1;104
55431;Richecourt;61;1;62
55433;Rigny-la-Salle;361;11;372
55434;Rigny-Saint-Martin;52;0;52
55435;Robert-Espagne;821;18;839
55436;Les Roises;40;0;40
55437;Romagne-sous-les-Côtes;112;1;113
55438;Romagne-sous-Montfaucon;185;6;191
55439;Ronvaux;86;4;90
55443;Rouvres-en-Woëvre;641;9;650
55444;Rouvrois-sur-Meuse;189;7;196
55445;Rouvrois-sur-Othain;190;6;196
55446;Rumont;101;0;101
55447;Rupt-aux-Nonains;361;6;367
55448;Rupt-devant-Saint-Mihiel;50;1;51
55449;Rupt-en-Woëvre;308;4;312
55450;Rupt-sur-Othain;52;0;52
55452;Saint-Amand-sur-Ornain;62;10;72
55453;Saint-André-en-Barrois;63;3;66
55454;Saint-Aubin-sur-Aire;171;7;178
55456;Saint-Germain-sur-Meuse;253;4;257
55457;Saint-Hilaire-en-Woëvre;190;6;196
55458;Saint-Jean-lès-Buzy;287;6;293
55459;Saint-Joire;258;10;268
55460;Saint-Julien-sous-les-Côtes;127;7;134
55461;Saint-Laurent-sur-Othain;479;8;487
55462;Saint-Maurice-sous-les-Côtes;399;7;406
55463;Saint-Mihiel;4816;90;4906
55464;Saint-Pierrevillers;151;3;154
55465;Saint-Remy-la-Calonne;70;1;71
55466;Salmagne;304;18;322
55468;Samogneux;71;2;73
55467;Sampigny;747;13;760
55469;Sassey-sur-Meuse;115;4;119
55470;Saudrupt;212;6;218
55471;Saulmory-et-Villefranche;107;3;110
55472;Saulvaux;136;2;138
55473;Saulx-lès-Champlon;129;5;134
55474;Sauvigny;253;6;259
55475;Sauvoy;62;3;65
55476;Savonnières-devant-Bar;499;12;511
55477;Savonnières-en-Perthois;486;8;494
55479;Seigneulles;191;6;197
55481;Senon;301;7;308
55482;Senoncourt-les-Maujouy;92;1;93
55484;Septsarges;54;1;55
55485;Sepvigny;81;2;83
55517;Seuil-d'Argonne;496;21;517
55487;Seuzey;95;2;97
55488;Silmont;173;7;180
55489;Sivry-la-Perche;257;8;265
55490;Sivry-sur-Meuse;360;9;369
55492;Sommedieue;937;13;950
55493;Sommeilles;186;6;192
55494;Sommelonne;501;12;513
55495;Sorbey;198;2;200
55496;Sorcy-Saint-Martin;993;18;1011
55497;Les Souhesmes-Rampont;318;12;330
55498;Souilly;336;7;343
55500;Spincourt;782;20;802
55501;Stainville;407;8;415
55502;Stenay;2797;121;2918
55503;Taillancourt;136;2;138
55504;Tannois;399;15;414
55505;Thierville-sur-Meuse;3149;92;3241
55506;Thillombois;33;0;33
55507;Thillot;228;4;232
55508;Thonne-la-Long;248;4;252
55509;Thonne-le-Thil;267;9;276
55510;Thonne-les-Près;141;2;143
55511;Thonnelle;141;3;144
55512;Tilly-sur-Meuse;254;4;258
55514;Trémont-sur-Saulx;647;18;665
55515;Trésauvaux;88;2;90
55516;Tréveray;703;18;721
55254;Les Trois-Domaines;112;4;116
55519;Tronville-en-Barrois;1658;50;1708
55520;Troussey;400;7;407
55521;Troyon;214;4;218
55522;Ugny-sur-Meuse;106;3;109
55523;Vacherauville;110;5;115
55525;Vadelaincourt;58;4;62
55526;Vadonville;250;5;255
55366;Val-d'Ornain;962;28;990
55530;Valbois;112;2;114
55527;Varennes-en-Argonne;703;15;718
55528;Varnéville;57;1;58
55531;Vassincourt;296;41;337
55532;Vaubecourt;302;9;311
55533;Vaucouleurs;2083;44;2127
55534;Vaudeville-le-Haut;66;2;68
55535;Vaudoncourt;62;0;62
55536;Vauquois;19;2;21
55537;Vaux-devant-Damloup;71;0;71
55540;Vaux-lès-Palameix;46;0;46
55541;Vavincourt;461;10;471
55543;Velaines;954;28;982
55544;Velosnes;138;3;141
55545;Verdun;19147;1023;20170
55546;Verneuil-Grand;219;8;227
55547;Verneuil-Petit;138;1;139
55549;Véry;88;5;93
55552;Vigneul-sous-Montmédy;99;0;99
55551;Vigneulles-lès-Hattonchâtel;1525;136;1661
55553;Vignot;1326;33;1359
55555;Ville-devant-Belrain;29;1;30
55556;Ville-devant-Chaumont;63;0;63
55557;Ville-en-Woëvre;137;2;139
55567;Ville-sur-Cousances;106;4;110
55568;Ville-sur-Saulx;306;5;311
55554;Villécloye;235;10;245
55559;Villeroy-sur-Méholle;33;0;33
55560;Villers-aux-Vents;134;6;140
55561;Villers-devant-Dun;71;3;74
55562;Villers-le-Sec;144;0;144
55563;Villers-lès-Mangiennes;74;0;74
55565;Villers-sous-Pareid;63;0;63
55566;Villers-sur-Meuse;226;5;231
55569;Villotte-devant-Louppy;149;6;155
55570;Villotte-sur-Aire;187;9;196
55571;Vilosnes-Haraumont;198;2;200
55572;Vittarville;75;3;78
55573;Void-Vacon;1659;36;1695
55574;Vouthon-Bas;58;1;59
55575;Vouthon-Haut;73;5;78
55577;Waly;57;2;59
55578;Warcq;200;1;201
55579;Watronville;107;4;111
55580;Wavrille;45;2;47
55581;Willeroncourt;126;4;130
55582;Wiseppe;112;2;114
55583;Woël;181;4;185
55584;Woimbey;108;2;110
55586;Xivray-et-Marvoisin;80;1;81
56001;Allaire;3528;98;3626
56002;Ambon;1559;34;1593
56003;Arradon;5215;261;5476
56004;Arzal;1378;21;1399
56005;Arzon;2173;59;2232
56006;Augan;1390;40;1430
56007;Auray;12435;384;12819
56008;Baden;3976;122;4098
56009;Bangor;894;31;925
56010;Baud;5543;137;5680
56011;Béganne;1381;30;1411
56012;Beignon;1535;33;1568
56013;Belz;3440;88;3528
56014;Berné;1386;175;1561
56015;Berric;1428;19;1447
56016;Bieuzy;739;25;764
56017;Bignan;2607;71;2678
56018;Billiers;910;20;930
56019;Billio;355;5;360
56020;Bohal;723;22;745
56262;Bono;2148;66;2214
56021;Brandérion;978;21;999
56022;Brandivy;1073;36;1109
56023;Brech;6125;244;6369
56024;Bréhan;2309;68;2377
56025;Brignac;198;8;206
56026;Bubry;2329;40;2369
56027;Buléon;445;8;453
56028;Caden;1558;14;1572
56029;Calan;822;20;842
56030;Camoël;824;18;842
56031;Camors;2709;64;2773
56032;Campénéac;1686;54;1740
56033;Carentoir;2715;56;2771
56034;Carnac;4436;140;4576
56035;Caro;1134;47;1181
56036;Caudan;6825;198;7023
56037;La Chapelle-Caro;1301;22;1323
56038;La Chapelle-Gaceline;646;21;667
56039;La Chapelle-Neuve;756;20;776
56040;Cléguer;3305;76;3381
56041;Cléguérec;2862;85;2947
56042;Colpo;2189;32;2221
56043;Concoret;764;11;775
56044;Cournon;712;14;726
56045;Le Cours;517;3;520
56046;Crach;3260;109;3369
56047;Crédin;1428;27;1455
56048;Le Croisty;689;33;722
56050;La Croix-Helléan;767;22;789
56049;Croixanvec;158;6;164
56051;Cruguel;629;2;631
56052;Damgan;1472;41;1513
56053;Elven;4663;129;4792
56054;Erdeven;3240;88;3328
56055;Étel;2042;171;2213
56056;Évriguet;183;9;192
56057;Le Faouët;2901;118;3019
56058;Férel;2656;71;2727
56059;Les Forges;431;13;444
56060;Les Fougerêts;912;21;933
56061;La Gacilly;2241;57;2298
56062;Gâvres;792;18;810
56063;Gestel;2552;90;2642
56064;Glénac;838;21;859
56065;Gourhel;509;23;532
56066;Gourin;4131;179;4310
56067;Grand-Champ;4754;112;4866
56068;La Grée-Saint-Laurent;338;6;344
56069;Groix;2291;87;2378
56070;Guégon;2396;36;2432
56071;Guéhenno;793;14;807
56072;Gueltas;522;25;547
56073;Guémené-sur-Scorff;1237;25;1262
56074;Guénin;1382;28;1410
56075;Guer;6305;249;6554
56076;Guern;1451;34;1485
56077;Le Guerno;741;14;755
56078;Guidel;9973;352;10325
56079;Guillac;1242;44;1286
56080;Guilliers;1288;108;1396
56081;Guiscriff;2328;54;2382
56082;Helléan;311;8;319
56083;Hennebont;14233;397;14630
56084;Le Hézo;676;18;694
56085;Hoedic;115;4;119
56087;Île-aux-Moines;542;13;555
56088;Île-d'Arz;252;4;256
56086;Île-d'Houat;293;16;309
56089;Inguiniel;2043;44;2087
56090;Inzinzac-Lochrist;5650;149;5799
56091;Josselin;2578;91;2669
56092;Kerfourn;803;19;822
56093;Kergrist;651;24;675
56264;Kernascléden;381;9;390
56094;Kervignac;5173;192;5365
56096;Landaul;1789;29;1818
56097;Landévant;2798;69;2867
56098;Lanester;22598;669;23267
56099;Langoëlan;408;10;418
56100;Langonnet;1907;58;1965
56101;Languidic;7175;221;7396
56102;Lanouée;1674;28;1702
56103;Lantillac;304;2;306
56104;Lanvaudan;712;17;729
56105;Lanvénégen;1195;23;1218
56106;Larmor-Baden;831;19;850
56107;Larmor-Plage;8415;345;8760
56108;Larré;737;30;767
56109;Lauzach;872;17;889
56110;Lignol;892;26;918
56111;Limerzel;1238;27;1265
56112;Lizio;671;22;693
56113;Locmalo;827;21;848
56114;Locmaria;789;16;805
56115;Locmaria-Grand-Champ;1034;14;1048
56116;Locmariaquer;1632;37;1669
56117;Locminé;3978;247;4225
56118;Locmiquélic;4151;84;4235
56119;Locoal-Mendon;3033;73;3106
56120;Locqueltas;1519;33;1552
56121;Lorient;58135;1670;59805
56122;Loyat;1460;47;1507
56123;Malansac;1999;50;2049
56124;Malestroit;2478;129;2607
56125;Malguénac;1733;80;1813
56126;Marzan;1874;44;1918
56127;Mauron;3134;80;3214
56128;Melrand;1509;49;1558
56129;Ménéac;1706;38;1744
56130;Merlevenez;2896;64;2960
56131;Meslan;1274;29;1303
56132;Meucon;2011;54;2065
56133;Missiriac;1068;36;1104
56134;Mohon;968;23;991
56135;Molac;1224;28;1252
56136;Monteneuf;713;11;724
56137;Monterblanc;2592;61;2653
56138;Monterrein;352;8;360
56139;Montertelot;331;8;339
56140;Moréac;3442;81;3523
56141;Moustoir-Ac;1615;31;1646
56142;Moustoir-Remungol;608;23;631
56143;Muzillac;4416;111;4527
56144;Naizin;1662;43;1705
56145;Néant-sur-Yvel;964;27;991
56146;Neulliac;1524;41;1565
56147;Nivillac;3766;113;3879
56148;Nostang;1252;32;1284
56149;Noyal-Muzillac;2277;37;2314
56151;Noyal-Pontivy;3598;118;3716
56150;Noyalo;718;26;744
56152;Le Palais;2522;94;2616
56153;Péaule;2458;46;2504
56154;Peillac;1812;49;1861
56155;Pénestin;1813;42;1855
56156;Persquen;332;10;342
56157;Plaudren;1642;46;1688
56158;Plescop;4649;126;4775
56159;Pleucadeuc;1747;51;1798
56160;Pleugriffet;1208;38;1246
56161;Ploemel;2429;51;2480
56162;Ploemeur;18509;820;19329
56163;Ploërdut;1264;54;1318
56164;Ploeren;5661;198;5859
56165;Ploërmel;8664;531;9195
56166;Plouay;5230;161;5391
56167;Plougoumelen;2301;66;2367
56168;Plouharnel;1923;36;1959
56169;Plouhinec;4731;125;4856
56170;Plouray;1110;29;1139
56171;Pluherlin;1267;28;1295
56172;Plumelec;2542;79;2621
56173;Pluméliau;3459;110;3569
56174;Plumelin;2295;50;2345
56175;Plumergat;3232;93;3325
56176;Pluneret;4706;133;4839
56177;Pluvigner;6569;162;6731
56179;Pont-Scorff;3087;80;3167
56178;Pontivy;13648;984;14632
56180;Porcaro;633;17;650
56181;Port-Louis;2992;79;3071
56182;Priziac;1026;212;1238
56183;Quelneuc;541;4;545
56184;Questembert;6720;284;7004
56185;Quéven;8744;271;9015
56186;Quiberon;5052;148;5200
56187;Quily;312;5;317
56188;Quistinic;1347;26;1373
56189;Radenac;962;5;967
56190;Réguiny;1730;25;1755
56191;Réminiac;343;6;349
56192;Remungol;946;29;975
56193;Riantec;4958;152;5110
56194;Rieux;2801;107;2908
56197;Le Roc-Saint-André;917;19;936
56195;La Roche-Bernard;755;25;780
56196;Rochefort-en-Terre;710;15;725
56198;Rohan;1581;65;1646
56199;Roudouallec;704;16;720
56200;Ruffiac;1391;51;1442
56201;Le Saint;668;18;686
56202;Saint-Abraham;532;19;551
56203;Saint-Aignan;673;23;696
56204;Saint-Allouestre;622;11;633
56205;Saint-Armel;808;27;835
56206;Saint-Avé;10104;290;10394
56207;Saint-Barthélemy;1119;10;1129
56208;Saint-Brieuc-de-Mauron;327;3;330
56210;Saint-Caradec-Trégomel;482;6;488
56211;Saint-Congard;715;18;733
56212;Saint-Dolay;2136;48;2184
56213;Saint-Gérand;957;27;984
56214;Saint-Gildas-de-Rhuys;1625;37;1662
56215;Saint-Gonnery;1028;32;1060
56216;Saint-Gorgon;332;9;341
56218;Saint-Gravé;696;22;718
56219;Saint-Guyomard;999;19;1018
56221;Saint-Jacut-les-Pins;1711;83;1794
56222;Saint-Jean-Brévelay;2627;149;2776
56223;Saint-Jean-la-Poterie;1477;60;1537
56224;Saint-Laurent-sur-Oust;328;17;345
56225;Saint-Léry;176;2;178
56226;Saint-Malo-de-Beignon;833;18;851
56227;Saint-Malo-des-Trois-Fontaines;549;12;561
56228;Saint-Marcel;980;28;1008
56229;Saint-Martin-sur-Oust;1266;37;1303
56230;Saint-Nicolas-du-Tertre;445;12;457
56231;Saint-Nolff;3603;129;3732
56232;Saint-Perreux;1137;50;1187
56233;Saint-Philibert;1467;30;1497
56234;Saint-Pierre-Quiberon;2217;72;2289
56236;Saint-Servant;785;30;815
56237;Saint-Thuriau;1872;71;1943
56238;Saint-Tugdual;395;4;399
56239;Saint-Vincent-sur-Oust;1278;30;1308
56263;Sainte-Anne-d'Auray;2175;68;2243
56209;Sainte-Brigitte;158;5;163
56220;Sainte-Hélène;1105;23;1128
56240;Sarzeau;7330;175;7505
56241;Sauzon;867;17;884
56242;Séglien;715;23;738
56243;Séné;8095;306;8401
56244;Sérent;2909;39;2948
56245;Silfiac;459;7;466
56246;Le Sourn;2002;74;2076
56247;Sulniac;2993;96;3089
56248;Surzur;3276;69;3345
56249;Taupont;2116;93;2209
56250;Théhillac;524;14;538
56251;Theix;6799;141;6940
56252;Le Tour-du-Parc;1023;29;1052
56253;Tréal;660;21;681
56254;Trédion;1027;30;1057
56255;Treffléan;1858;36;1894
56256;Tréhorenteuc;110;3;113
56257;La Trinité-Porhoët;768;11;779
56258;La Trinité-sur-Mer;1612;42;1654
56259;La Trinité-Surzur;1013;14;1027
56260;Vannes;52984;2399;55383
56261;La Vraie-Croix;1290;24;1314
57001;Aboncourt;354;6;360
57002;Aboncourt-sur-Seille;70;1;71
57003;Abreschviller;1486;28;1514
57004;Achain;92;2;94
57006;Achen;996;16;1012
57007;Adaincourt;112;6;118
57008;Adelange;230;5;235
57009;Ajoncourt;105;1;106
57010;Alaincourt-la-Côte;128;3;131
57011;Albestroff;648;30;678
57012;Algrange;6343;77;6420
57013;Alsting;2739;38;2777
57014;Altrippe;429;8;437
57015;Altviller;571;29;600
57016;Alzing;453;9;462
57017;Amanvillers;2143;24;2167
57018;Amelécourt;141;0;141
57019;Amnéville;10150;78;10228
57020;Ancerville;277;3;280
57021;Ancy-sur-Moselle;1417;36;1453
57022;Angevillers;1273;31;1304
57024;Antilly;116;2;118
57025;Anzeling;467;10;477
57026;Apach;943;18;961
57028;Argancy;1334;31;1365
57027;Arraincourt;123;0;123
57029;Arriance;229;3;232
57030;Arry;463;1;464
57031;Ars-Laquenexy;879;21;900
57032;Ars-sur-Moselle;4669;57;4726
57033;Arzviller;521;9;530
57034;Aspach;43;0;43
57035;Assenoncourt;137;5;142
57036;Attilloncourt;98;2;100
57037;Aube;249;3;252
57038;Audun-le-Tiche;5975;83;6058
57039;Augny;2403;39;2442
57040;Aulnois-sur-Seille;250;9;259
57041;Aumetz;2252;45;2297
57042;Avricourt;662;12;674
57043;Ay-sur-Moselle;1558;28;1586
57044;Azoudange;114;4;118
57045;Bacourt;113;4;117
57046;Baerenthal;698;13;711
57047;Bambiderstroff;1012;18;1030
57049;Le Ban-Saint-Martin;4435;81;4516
57048;Bannay;78;2;80
57050;Barchain;109;3;112
57051;Baronville;387;6;393
57052;Barst;546;11;557
57287;Basse-Ham;2127;26;2153
57574;Basse-Rentgen;329;8;337
57053;Bassing;138;3;141
57054;Baudrecourt;178;3;181
57055;Bazoncourt;481;13;494
57056;Bébing;172;11;183
57057;Béchy;525;2;527
57058;Behren-lès-Forbach;8781;113;8894
57059;Bellange;55;1;56
57086;Belles-Forêts;258;7;265
57060;Bénestroff;489;19;508
57061;Béning-lès-Saint-Avold;1226;26;1252
57062;Berg-sur-Moselle;413;10;423
57063;Bérig-Vintrange;232;4;236
57064;Berling;290;7;297
57065;Bermering;238;1;239
57066;Berthelming;519;15;534
57067;Bertrange;2224;32;2256
57069;Berviller-en-Moselle;481;6;487
57070;Bettange;210;3;213
57071;Bettborn;413;9;422
57072;Bettelainville;608;7;615
57073;Betting;889;25;914
57074;Bettviller;845;15;860
57075;Beux;236;3;239
57076;Beyren-lès-Sierck;467;17;484
57077;Bezange-la-Petite;92;0;92
57079;Bibiche;428;7;435
57080;Bickenholtz;73;3;76
57081;Bidestroff;132;7;139
57082;Biding;322;9;331
57083;Bining;1182;30;1212
57084;Bioncourt;311;6;317
57085;Bionville-sur-Nied;364;2;366
57087;Bisten-en-Lorraine;271;10;281
57088;Bistroff;336;3;339
57089;Bitche;5555;270;5825
57090;Blanche-Église;134;4;138
57092;Blies-Ébersing;568;6;574
57093;Blies-Guersviller;609;24;633
57091;Bliesbruck;1017;18;1035
57095;Boucheporn;566;15;581
57096;Boulange;2236;31;2267
57097;Boulay-Moselle;4711;102;4813
57099;Bourdonnay;260;4;264
57098;Bourgaltroff;280;6;286
57100;Bourscheid;200;2;202
57101;Bousbach;1123;29;1152
57102;Bousse;2718;31;2749
57103;Bousseviller;134;5;139
57104;Boust;988;14;1002
57105;Boustroff;144;3;147
57106;Bouzonville;4178;103;4281
57107;Bréhain;95;4;99
57108;Breidenbach;371;2;373
57109;Breistroff-la-Grande;551;9;560
57110;Brettnach;396;5;401
57111;Bronvaux;553;11;564
57112;Brouck;72;2;74
57113;Brouderdorff;899;16;915
57114;Brouviller;430;14;444
57115;Brulange;109;2;111
57116;Buchy;114;0;114
57117;Buding;494;5;499
57118;Budling;169;4;173
57119;Buhl-Lorraine;1118;31;1149
57120;Burlioncourt;177;0;177
57121;Burtoncourt;187;4;191
57122;Cappel;671;20;691
57123;Carling;3724;74;3798
57124;Cattenom;2549;34;2583
57125;Chailly-lès-Ennery;345;3;348
57126;Chambrey;335;6;341
57127;Chanville;122;1;123
57128;Charleville-sous-Bois;271;5;276
57129;Charly-Oradour;634;24;658
57130;Château-Bréhain;75;1;76
57131;Château-Rouge;226;2;228
57132;Château-Salins;2552;203;2755
57133;Château-Voué;113;1;114
57134;Châtel-Saint-Germain;2195;56;2251
57136;Chémery-les-Deux;429;9;438
57137;Cheminot;625;8;633
57138;Chenois;59;1;60
57139;Chérisey;285;6;291
57140;Chesny;437;7;444
57141;Chicourt;101;3;104
57142;Chieulles;381;5;386
57143;Clouange;3875;31;3906
57144;Cocheren;3395;54;3449
57146;Coin-lès-Cuvry;707;15;722
57147;Coin-sur-Seille;300;9;309
57145;Coincy;310;4;314
57148;Colligny;309;2;311
57149;Colmen;217;13;230
57150;Condé-Northen;563;7;570
57151;Conthil;176;3;179
57152;Contz-les-Bains;497;4;501
57153;Corny-sur-Moselle;2152;38;2190
57154;Coume;647;4;651
57155;Courcelles-Chaussy;2954;191;3145
57156;Courcelles-sur-Nied;935;21;956
57158;Craincourt;265;2;267
57159;Créhange;3974;46;4020
57160;Creutzwald;13468;259;13727
57161;Cutting;132;7;139
57162;Cuvry;762;84;846
57163;Dabo;2658;70;2728
57165;Dalem;645;10;655
57166;Dalhain;114;3;117
57167;Dalstein;317;6;323
57168;Danne-et-Quatre-Vents;631;17;648
57169;Dannelbourg;466;11;477
57171;Delme;872;14;886
57172;Denting;195;4;199
57173;Desseling;107;3;110
57174;Destry;93;0;93
57175;Diane-Capelle;224;6;230
57176;Diebling;1620;50;1670
57765;Diesen;1108;16;1124
57177;Dieuze;3798;269;4067
57178;Diffembach-lès-Hellimer;359;9;368
57179;Distroff;1505;26;1531
57180;Dolving;341;7;348
57181;Domnom-lès-Dieuze;104;2;106
57182;Donjeux;104;3;107
57183;Donnelay;202;10;212
57184;Dornot;191;2;193
57186;Ébersviller;804;7;811
57187;Éblange;280;7;287
57188;Éguelshardt;433;130;563
57189;Eincheville;182;1;183
57190;Elvange;374;5;379
57191;Elzange;772;12;784
57192;Enchenberg;1217;25;1242
57193;Ennery;1644;31;1675
57194;Entrange;1324;28;1352
57195;Epping;561;8;569
57196;Erching;440;4;444
57197;Ernestviller;531;6;537
57198;Erstroff;195;5;200
57199;Escherange;562;8;570
57200;Les Étangs;407;7;414
57201;Etting;770;15;785
57202;Etzling;1173;23;1196
57203;Évrange;188;2;190
57204;Failly;565;13;578
57205;Falck;2591;46;2637
57206;Fameck;12468;196;12664
57207;Farébersviller;5983;101;6084
57208;Farschviller;1510;19;1529
57209;Faulquemont;5502;73;5575
57210;Fénétrange;708;10;718
57211;Fèves;928;15;943
57212;Féy;593;18;611
57213;Filstroff;854;14;868
57214;Fixem;371;10;381
57215;Flastroff;295;10;305
57216;Fleisheim;114;1;115
57217;Flétrange;857;16;873
57218;Fleury;1058;28;1086
57219;Flévy;567;5;572
57220;Flocourt;128;6;134
57221;Florange;11039;120;11159
57222;Folkling;1384;52;1436
57224;Folschviller;4308;71;4379
57225;Fonteny;119;1;120
57226;Fontoy;3069;52;3121
57227;Forbach;21801;441;22242
57228;Fossieux;162;3;165
57229;Foulcrey;187;6;193
57230;Fouligny;201;1;202
57231;Foville;85;3;88
57232;Francaltroff;748;17;765
57233;Fraquelfing;93;0;93
57234;Frauenberg;552;8;560
57235;Freistroff;1021;15;1036
57236;Frémery;62;1;63
57237;Frémestroff;296;9;305
57238;Fresnes-en-Saulnois;176;5;181
57239;Freybouse;384;10;394
57240;Freyming-Merlebach;13356;218;13574
57241;Fribourg;172;2;174
57242;Gandrange;2634;26;2660
57244;Garrebourg;500;3;503
57245;Gavisse;579;12;591
57246;Gelucourt;237;7;244
57247;Gerbécourt;107;4;111
57248;Givrycourt;101;1;102
57249;Glatigny;279;4;283
57250;Goetzenbruck;1708;27;1735
57251;Goin;318;4;322
57252;Gomelange;529;9;538
57253;Gondrexange;474;16;490
57254;Gorze;1260;11;1271
57255;Gosselming;614;25;639
57256;Gravelotte;692;7;699
57257;Grémecey;103;0;103
57258;Gréning;144;3;147
57259;Grindorff-Bizing;320;7;327
57261;Gros-Réderching;1349;25;1374
57260;Grosbliederstroff;3305;52;3357
57262;Grostenquin;539;23;562
57263;Grundviller;653;12;665
57264;Guebenhouse;416;5;421
57265;Guébestroff;52;0;52
57266;Guéblange-lès-Dieuze;166;1;167
57268;Guébling;142;5;147
57269;Guénange;6938;148;7086
57271;Guenviller;676;9;685
57272;Guermange;90;6;96
57273;Guerstling;366;7;373
57274;Guerting;859;16;875
57275;Guessling-Hémering;894;25;919
57276;Guinglange;287;3;290
57277;Guinkirchen;194;5;199
57278;Guinzeling;76;0;76
57280;Guntzviller;354;8;362
57281;Haboudange;265;4;269
57282;Hagen;185;5;190
57283;Hagondange;9212;99;9311
57284;Hallering;115;1;116
57286;Halstroff;282;3;285
57288;Ham-sous-Varsberg;2763;64;2827
57289;Hambach;2695;54;2749
57290;Hampont;208;1;209
57293;Han-sur-Nied;241;4;245
57291;Hangviller;277;6;283
57292;Hannocourt;14;0;14
57294;Hanviller;251;7;258
57295;Haraucourt-sur-Seille;123;4;127
57296;Hargarten-aux-Mines;1134;26;1160
57297;Harprich;184;5;189
57298;Harreberg;382;8;390
57299;Hartzviller;922;19;941
57300;Haselbourg;318;10;328
57301;Haspelschiedt;285;6;291
57302;Hattigny;190;0;190
57303;Hauconcourt;531;5;536
57304;Haut-Clocher;332;16;348
57371;Haute-Kontz;506;10;516
57714;Haute-Vigneulles;438;6;444
57305;Havange;413;10;423
57306;Hayange;15135;205;15340
57307;Hayes;182;2;184
57308;Hazembourg;117;2;119
57309;Heining-lès-Bouzonville;476;8;484
57310;Hellering-lès-Fénétrange;178;4;182
57311;Hellimer;608;16;624
57312;Helstroff;453;4;457
57313;Hémilly;146;1;147
57314;Héming;484;11;495
57315;Henridorff;645;11;656
57316;Henriville;745;16;761
57317;Hérange;113;8;121
57318;Hermelange;234;3;237
57319;Herny;461;10;471
57320;Hertzing;196;5;201
57321;Hesse;625;16;641
57322;Hestroff;383;5;388
57323;Hettange-Grande;7422;140;7562
57324;Hilbesheim;600;11;611
57325;Hilsprich;903;16;919
57326;Hinckange;292;4;296
57328;Holacourt;60;2;62
57329;Holling;329;10;339
57330;Holving;1167;32;1199
57331;Hombourg-Budange;508;10;518
57332;Hombourg-Haut;8048;107;8155
57333;Hommarting;800;14;814
57334;Hommert;357;7;364
57335;Honskirch;204;3;207
57336;L' Hôpital;5518;74;5592
57337;Hoste;705;13;718
57338;Hottviller;621;17;638
57339;Hultehouse;352;3;355
57340;Hundling;1373;42;1415
57341;Hunting;581;15;596
57342;Ibigny;90;3;93
57343;Illange;2059;46;2105
57344;Imling;686;8;694
57345;Inglange;382;36;418
57346;Insming;594;22;616
57347;Insviller;190;3;193
57348;Ippling;765;25;790
57349;Jallaucourt;159;1;160
57350;Jouy-aux-Arches;1593;27;1620
57351;Jury;1184;20;1204
57352;Jussy;439;13;452
57353;Juvelize;95;2;97
57354;Juville;107;0;107
57355;Kalhausen;858;9;867
57356;Kanfen;982;14;996
57357;Kappelkinger;397;10;407
57358;Kédange-sur-Canner;1112;15;1127
57359;Kemplich;151;3;154
57360;Kerbach;1155;36;1191
57361;Kerling-lès-Sierck;500;13;513
57362;Kerprich-aux-Bois;131;1;132
57364;Kirsch-lès-Sierck;283;4;287
57365;Kirschnaumen;459;16;475
57366;Kirviller;133;0;133
57367;Klang;246;3;249
57368;Knutange;3437;65;3502
57370;Koenigsmacker;2010;17;2027
57372;Kuntzig;1056;26;1082
57373;Lachambre;710;16;726
57374;Lafrimbolle;221;7;228
57375;Lagarde;199;3;202
57376;Lambach;546;11;557
57377;Landange;242;3;245
57379;Landroff;250;6;256
57381;Laneuveville-en-Saulnois;254;9;263
57380;Laneuveville-lès-Lorquin;93;0;93
57382;Langatte;475;13;488
57383;Languimberg;217;11;228
57384;Laning;569;15;584
57385;Laquenexy;979;30;1009
57386;Laudrefang;376;14;390
57387;Laumesfeld;241;2;243
57388;Launstroff;250;5;255
57389;Lelling;467;11;478
57390;Lemberg;1533;19;1552
57391;Lemoncourt;75;0;75
57392;Lemud;304;8;312
57393;Lengelsheim;209;6;215
57394;Léning;276;2;278
57395;Lesse;211;1;212
57396;Lessy;850;112;962
57397;Ley;109;2;111
57398;Leyviller;501;7;508
57399;Lezey;116;5;121
57410;Lhor;142;3;145
57401;Lidrezing;95;0;95
57402;Liederschiedt;129;4;133
57403;Liéhon;119;6;125
57404;Lindre-Basse;216;12;228
57405;Lindre-Haute;61;1;62
57406;Liocourt;139;3;142
57407;Lixheim;559;10;569
57408;Lixing-lès-Rouhling;896;25;921
57409;Lixing-lès-Saint-Avold;721;22;743
57411;Lommerange;288;8;296
57412;Longeville-lès-Metz;3840;80;3920
57413;Longeville-lès-Saint-Avold;3760;76;3836
57414;Lorquin;1221;21;1242
57415;Lorry-lès-Metz;1401;76;1477
57416;Lorry-Mardigny;572;9;581
57417;Lostroff;77;1;78
57418;Loudrefing;294;2;296
57419;Loupershouse;937;24;961
57421;Loutzviller;159;2;161
57422;Louvigny;757;6;763
57423;Lubécourt;47;0;47
57424;Lucy;211;3;214
57425;Luppy;483;4;487
57426;Luttange;885;21;906
57427;Lutzelbourg;643;13;656
57428;Macheren;2944;99;3043
57430;Mainvillers;273;2;275
57431;Maizeroy;313;6;319
57432;Maizery;164;2;166
57433;Maizières-lès-Metz;10237;113;10350
57434;Maizières-lès-Vic;446;4;450
57436;Malaucourt-sur-Seille;125;2;127
57437;Malling;503;19;522
57438;Malroy;391;10;401
57439;Manderen;406;13;419
57440;Manhoué;135;2;137
57441;Manom;2630;73;2703
57442;Many;250;4;254
57443;Marange-Silvange;5795;75;5870
57444;Marange-Zondrange;296;15;311
57445;Marieulles;564;22;586
57446;Marimont-lès-Bénestroff;48;0;48
57447;Marly;9624;270;9894
57448;Marsal;285;8;293
57449;Marsilly;446;8;454
57451;Marthille;190;1;191
57452;La Maxe;837;13;850
57453;Maxstadt;271;1;272
57454;Mécleuves;1156;19;1175
57455;Mégange;214;3;217
57456;Meisenthal;773;18;791
57457;Menskirch;162;5;167
57459;Merschweiller;182;1;183
57460;Merten;1471;29;1500
57461;Métairies-Saint-Quirin;304;3;307
57462;Metting;343;5;348
57463;Metz;123580;2141;125721
57464;Metzeresche;801;12;813
57465;Metzervisse;1612;22;1634
57466;Metzing;585;10;595
57467;Mey;204;4;208
57468;Mittelbronn;675;6;681
57469;Mittersheim;563;11;574
57470;Molring;10;0;10
57471;Momerstroff;272;6;278
57472;Moncheux;150;5;155
57473;Moncourt;90;1;91
57474;Mondelange;5802;53;5855
57475;Mondorff;526;3;529
57476;Monneren;405;5;410
57477;Montbronn;1671;39;1710
57478;Montdidier;65;4;69
57479;Montenach;444;11;455
57480;Montigny-lès-Metz;22585;539;23124
57481;Montois-la-Montagne;2392;43;2435
57482;Montoy-Flanville;1182;13;1195
57483;Morhange;3867;169;4036
57484;Morsbach;2572;49;2621
57485;Morville-lès-Vic;120;3;123
57486;Morville-sur-Nied;127;6;133
57487;Moulins-lès-Metz;5040;89;5129
57488;Moussey;620;11;631
57489;Mouterhouse;307;3;310
57490;Moyenvic;361;8;369
57491;Moyeuvre-Grande;8210;89;8299
57492;Moyeuvre-Petite;506;11;517
57493;Mulcey;221;3;224
57494;Munster;212;3;215
57495;Narbéfontaine;134;0;134
57496;Nébing;364;1;365
57497;Nelling;285;1;286
57498;Neufchef;2541;43;2584
57499;Neufgrange;1352;25;1377
57500;Neufmoulins;36;2;38
57501;Neufvillage;40;2;42
57502;Neunkirchen-lès-Bouzonville;320;6;326
57504;Niderhoff;282;7;289
57505;Niderviller;1128;32;1160
57506;Niederstinzel;244;2;246
57507;Niedervisse;226;4;230
57508;Nilvange;4989;73;5062
57509;Nitting;476;18;494
57510;Noisseville;998;21;1019
57511;Norroy-le-Veneur;1015;18;1033
57512;Nouilly;474;9;483
57513;Nousseviller-lès-Bitche;153;5;158
57514;Nousseviller-Saint-Nabor;1017;32;1049
57515;Novéant-sur-Moselle;1958;22;1980
57516;Oberdorff;364;10;374
57517;Obergailbach;306;2;308
57518;Oberstinzel;303;6;309
57519;Obervisse;149;10;159
57520;Obreck;53;3;56
57521;OEting;2461;74;2535
57523;Ogy;592;8;600
57524;Ommeray;101;3;104
57525;Oriocourt;51;1;52
57526;Ormersviller;331;4;335
57527;Orny;347;0;347
57528;Oron;109;4;113
57529;Ottange;2685;78;2763
57530;Ottonville;396;11;407
57531;Oudrenne;736;17;753
57532;Pagny-lès-Goin;202;3;205
57533;Pange;875;23;898
57534;Peltre;1685;133;1818
57535;Petit-Réderching;1495;44;1539
57536;Petit-Tenquin;220;4;224
57537;Petite-Rosselle;6628;101;6729
57538;Pettoncourt;290;3;293
57539;Pévange;50;0;50
57540;Phalsbourg;4661;265;4926
57541;Philippsbourg;551;10;561
57542;Piblange;858;11;869
57543;Pierrevillers;1455;13;1468
57544;Plaine-de-Walsch;565;12;577
57545;Plappeville;2277;85;2362
57546;Plesnois;758;26;784
57547;Pommérieux;665;5;670
57548;Pontoy;443;2;445
57549;Pontpierre;789;18;807
57550;Porcelette;2467;69;2536
57551;Postroff;204;3;207
57552;Pouilly;690;21;711
57553;Pournoy-la-Chétive;679;17;696
57554;Pournoy-la-Grasse;553;23;576
57555;Prévocourt;101;4;105
57556;Puttelange-aux-Lacs;3185;43;3228
57557;Puttelange-lès-Thionville;892;11;903
57558;Puttigny;70;3;73
57559;Puzieux;169;3;172
57560;Racrange;672;18;690
57561;Rahling;833;19;852
57562;Ranguevaux;792;10;802
57563;Raville;240;2;242
57564;Réchicourt-le-Château;561;9;570
57565;Rédange;895;5;900
57566;Réding;2464;48;2512
57567;Rémelfang;148;3;151
57568;Rémelfing;1479;28;1507
57569;Rémeling;309;2;311
57570;Rémering;434;11;445
57571;Rémering-lès-Puttelange;1058;20;1078
57572;Rémilly;2029;125;2154
57573;Réning;130;0;130
57575;Retonfey;1313;27;1340
57576;Rettel;748;67;815
57577;Reyersviller;369;8;377
57578;Rezonville;349;5;354
57579;Rhodes;78;2;80
57580;Riche;197;1;198
57581;Richeling;356;9;365
57582;Richemont;1867;82;1949
57583;Richeval;138;1;139
57584;Rimling;509;7;516
57585;Ritzing;132;10;142
57586;Rochonvillers;218;3;221
57587;Rodalbe;186;6;192
57588;Rodemack;1065;23;1088
57589;Rohrbach-lès-Bitche;2153;51;2204
57590;Rolbing;292;4;296
57591;Rombas;10061;122;10183
57592;Romelfing;367;9;376
57593;Roncourt;685;5;690
57594;Roppeviller;125;0;125
57595;Rorbach-lès-Dieuze;54;2;56
57596;Rosbruck;776;13;789
57597;Rosselange;2980;25;3005
57598;Rouhling;2009;49;2058
57599;Roupeldange;383;5;388
57600;Roussy-le-Village;1142;17;1159
57601;Rozérieulles;1350;39;1389
57602;Rurange-lès-Thionville;2051;36;2087
57603;Russange;1016;32;1048
57604;Rustroff;560;9;569
57605;Sailly-Achâtel;224;3;227
57606;Saint-Avold;16611;480;17091
57609;Saint-Epvre;158;1;159
57610;Saint-François-Lacroix;227;7;234
57611;Saint-Georges;211;3;214
57612;Saint-Hubert;231;1;232
57613;Saint-Jean-de-Bassel;344;3;347
57614;Saint-Jean-Kourtzerode;750;4;754
57615;Saint-Jean-Rohrbach;944;6;950
57616;Saint-Julien-lès-Metz;2963;92;3055
57617;Saint-Jure;306;0;306
57618;Saint-Louis;706;21;727
57619;Saint-Louis-lès-Bitche;547;8;555
57621;Saint-Médard;100;1;101
57622;Saint-Privat-la-Montagne;1529;20;1549
57623;Saint-Quirin;821;90;911
57607;Sainte-Barbe;710;16;726
57620;Sainte-Marie-aux-Chênes;3589;48;3637
57624;Sainte-Ruffine;530;33;563
57625;Salonnes;169;3;172
57626;Sanry-lès-Vigy;535;13;548
57627;Sanry-sur-Nied;331;3;334
57628;Sarralbe;4613;78;4691
57629;Sarraltroff;786;20;806
57630;Sarrebourg;12786;364;13150
57631;Sarreguemines;21835;577;22412
57633;Sarreinsming;1311;30;1341
57634;Saulny;1446;44;1490
57635;Schalbach;306;1;307
57636;Schmittviller;344;4;348
57637;Schneckenbusch;297;7;304
57638;Schoeneck;2742;46;2788
57639;Schorbach;589;21;610
57640;Schwerdorff;442;10;452
57641;Schweyen;311;8;319
57642;Scy-Chazelles;2799;82;2881
57643;Secourt;195;5;200
57644;Seingbouse;1876;40;1916
57645;Semécourt;833;16;849
57647;Serémange-Erzange;4098;72;4170
57648;Servigny-lès-Raville;353;4;357
57649;Servigny-lès-Sainte-Barbe;427;11;438
57650;Sierck-les-Bains;1710;40;1750
57651;Siersthal;653;15;668
57652;Sillegny;457;6;463
57653;Silly-en-Saulnois;44;2;46
57654;Silly-sur-Nied;705;16;721
57655;Solgne;1076;60;1136
57656;Sorbey;327;6;333
57657;Sotzeling;18;2;20
57658;Soucht;1180;29;1209
57659;Spicheren;3249;51;3300
57660;Stiring-Wendel;12468;185;12653
57767;Stuckange;870;18;888
57661;Sturzelbronn;194;2;196
57662;Suisse;105;6;111
57663;Talange;7549;160;7709
57664;Tarquimpol;66;5;71
57665;Tenteling;986;31;1017
57666;Terville;6479;108;6587
57667;Téterchen;679;18;697
57668;Teting-sur-Nied;1336;30;1366
57669;Théding;2274;34;2308
57670;Thicourt;151;0;151
57671;Thimonville;162;1;163
57672;Thionville;40910;885;41795
57673;Thonville;42;1;43
57674;Tincry;198;6;204
57675;Torcheville;174;7;181
57676;Tragny;116;4;120
57677;Trémery;1107;19;1126
57678;Tressange;1955;52;2007
57679;Tritteling-Redlach;491;15;506
57680;Troisfontaines;1276;32;1308
57681;Tromborn;330;7;337
57682;Turquestein-Blancrupt;22;1;23
57683;Uckange;7375;87;7462
57684;Vahl-Ebersing;552;13;565
57685;Vahl-lès-Bénestroff;124;4;128
57686;Vahl-lès-Faulquemont;266;7;273
57270;Val-de-Bride;639;22;661
57267;Le Val-de-Guéblange;876;23;899
57687;Vallerange;211;1;212
57689;Valmestroff;236;5;241
57690;Valmont;3282;78;3360
57691;Valmunster;82;2;84
57692;Vannecourt;85;3;88
57693;Vantoux;931;18;949
57694;Vany;347;6;353
57695;Varize;488;10;498
57696;Varsberg;960;21;981
57697;Vasperviller;291;8;299
57698;Vatimont;361;3;364
57700;Vaudreching;540;11;551
57701;Vaux;873;25;898
57702;Vaxy;151;1;152
57703;Veckersviller;293;4;297
57704;Veckring;678;11;689
57705;Velving;242;3;245
57706;Vergaville;563;7;570
57707;Vernéville;599;7;606
57708;Verny;1900;101;2001
57709;Vescheim;228;6;234
57711;Vibersviller;447;2;449
57712;Vic-sur-Seille;1357;125;1482
57713;Vieux-Lixheim;242;5;247
57715;Vigny;304;0;304
57716;Vigy;1283;23;1306
57717;Viller;191;2;193
57718;Villers-Stoncourt;219;5;224
57719;Villers-sur-Nied;67;1;68
57720;Villing;471;8;479
57721;Vilsberg;381;6;387
57722;Vionville;162;4;166
57723;Virming;268;7;275
57724;Vitry-sur-Orne;2603;37;2640
57725;Vittersbourg;325;7;332
57726;Vittoncourt;376;15;391
57727;Viviers;103;4;107
57749;Voelfling-lès-Bouzonville;196;8;204
57728;Voimhaut;249;0;249
57730;Volmerange-lès-Boulay;568;3;571
57731;Volmerange-les-Mines;2031;33;2064
57732;Volmunster;864;9;873
57733;Volstroff;1461;33;1494
57734;Voyer;407;8;415
57736;Vry;517;7;524
57737;Vulmont;39;1;40
57738;Waldhouse;386;9;395
57739;Waldweistroff;406;8;414
57740;Waldwisse;672;13;685
57741;Walschbronn;548;8;556
57742;Walscheid;1645;30;1675
57743;Waltembourg;228;7;235
57745;Wiesviller;1033;25;1058
57746;Willerwald;1432;34;1466
57747;Wintersbourg;220;8;228
57748;Wittring;826;13;839
57750;Woelfling-lès-Sarreguemines;644;9;653
57751;Woippy;13150;161;13311
57752;Woustviller;3075;82;3157
57753;Wuisse;60;1;61
57754;Xanrey;104;6;110
57755;Xocourt;74;0;74
57756;Xouaxange;344;10;354
57757;Yutz;16019;307;16326
57759;Zarbeling;66;0;66
57760;Zetting;769;24;793
57761;Zilling;257;2;259
57762;Zimming;628;9;637
57763;Zommange;36;2;38
57764;Zoufftgen;676;8;684
58001;Achun;150;1;151
58002;Alligny-Cosne;863;20;883
58003;Alligny-en-Morvan;645;14;659
58004;Alluy;427;4;431
58005;Amazy;240;8;248
58006;Anlezy;285;6;291
58007;Annay;305;5;310
58008;Anthien;177;4;181
58009;Arbourse;108;1;109
58010;Arleuf;782;17;799
58011;Armes;288;12;300
58012;Arquian;600;18;618
58013;Arthel;86;1;87
58014;Arzembouy;82;0;82
58015;Asnan;138;7;145
58016;Asnois;158;6;164
58017;Aunay-en-Bazois;277;3;280
58018;Authiou;32;1;33
58019;Avrée;93;0;93
58020;Avril-sur-Loire;246;10;256
58021;Azy-le-Vif;226;6;232
58022;Balleray;206;10;216
58023;Bazoches;164;8;172
58024;Bazolles;267;0;267
58025;Béard;167;5;172
58026;Beaulieu;34;0;34
58027;Beaumont-la-Ferrière;137;3;140
58028;Beaumont-Sardolles;119;8;127
58029;Beuvron;96;3;99
58030;Biches;337;3;340
58031;Billy-Chevannes;350;5;355
58032;Billy-sur-Oisy;415;4;419
58033;Bitry;316;4;320
58034;Blismes;162;2;164
58035;Bona;329;15;344
58036;Bouhy;463;13;476
58037;Brassy;628;16;644
58038;Breugnon;167;5;172
58039;Brèves;298;6;304
58040;Brinay;154;2;156
58041;Brinon-sur-Beuvron;218;8;226
58042;Bulcy;156;2;158
58043;Bussy-la-Pesle;47;1;48
58044;La Celle-sur-Loire;822;27;849
58045;La Celle-sur-Nièvre;167;5;172
58046;Cercy-la-Tour;2061;48;2109
58047;Cervon;599;23;622
58048;Cessy-les-Bois;125;4;129
58049;Chalaux;69;1;70
58050;Challement;61;1;62
58051;Challuy;1592;140;1732
58052;Champallement;58;1;59
58053;Champlemy;337;4;341
58054;Champlin;33;1;34
58055;Champvert;828;15;843
58056;Champvoux;293;6;299
58057;Chantenay-Saint-Imbert;1259;22;1281
58058;La Chapelle-Saint-André;339;7;346
58059;La Charité-sur-Loire;5362;75;5437
58060;Charrin;643;22;665
58061;Chasnay;138;5;143
58063;Château-Chinon (Campagne);623;14;637
58062;Château-Chinon (Ville);2196;288;2484
58064;Châteauneuf-Val-de-Bargis;576;23;599
58065;Châtillon-en-Bazois;975;24;999
58066;Châtin;107;3;110
58067;Chaulgnes;1326;40;1366
58068;Chaumard;226;4;230
58069;Chaumot;162;3;165
58070;Chazeuil;69;2;71
58071;Chevannes-Changy;153;9;162
58072;Chevenon;620;18;638
58073;Chevroches;146;1;147
58074;Chiddes;333;11;344
58075;Chitry-les-Mines;238;6;244
58076;Chougny;84;1;85
58077;Ciez;381;14;395
58078;Cizely;57;0;57
58079;Clamecy;4424;356;4780
58080;La Collancelle;169;4;173
58081;Colméry;311;5;316
58082;Corancy;351;9;360
58083;Corbigny;1680;159;1839
58084;Corvol-d'Embernard;107;2;109
58085;Corvol-l'Orgueilleux;760;11;771
58086;Cosne-Cours-sur-Loire;11166;419;11585
58087;Cossaye;767;30;797
58088;Coulanges-lès-Nevers;3527;182;3709
58089;Couloutre;220;5;225
58090;Courcelles;214;7;221
58092;Crux-la-Ville;410;12;422
58093;Cuncy-lès-Varzy;150;3;153
58094;Dampierre-sous-Bouhy;484;9;493
58095;Decize;5903;185;6088
58096;Devay;477;17;494
58097;Diennes-Aubigny;108;1;109
58098;Dirol;141;1;142
58099;Dommartin;203;5;208
58100;Dompierre-sur-Héry;75;0;75
58101;Dompierre-sur-Nièvre;172;2;174
58102;Donzy;1637;32;1669
58103;Dornecy;553;16;569
58104;Dornes;1311;25;1336
58105;Druy-Parigny;334;6;340
58106;Dun-les-Places;355;8;363
58107;Dun-sur-Grandry;149;1;150
58108;Empury;103;4;107
58109;Entrains-sur-Nohain;900;15;915
58110;Epiry;199;7;206
58111;Fâchin;113;2;115
58112;La Fermeté;637;16;653
58113;Fertrève;118;2;120
58114;Fléty;135;3;138
58115;Fleury-sur-Loire;240;10;250
58116;Flez-Cuzy;130;1;131
58117;Fourchambault;4711;79;4790
58118;Fours;758;13;771
58119;Frasnay-Reugny;66;2;68
58120;Gâcogne;265;10;275
58121;Garchizy;3646;175;3821
58122;Garchy;417;29;446
58123;Germenay;145;8;153
58124;Germigny-sur-Loire;684;29;713
58125;Gien-sur-Cure;112;3;115
58126;Gimouille;487;13;500
58127;Giry;216;5;221
58128;Glux-en-Glenne;105;1;106
58129;Gouloux;205;5;210
58130;Grenois;115;2;117
58131;Guérigny;2573;52;2625
58132;Guipy;237;61;298
58133;Héry;73;0;73
58134;Imphy;3764;100;3864
58135;Isenay;126;1;127
58136;Jailly;68;4;72
58137;Lamenay-sur-Loire;62;1;63
58138;Langeron;390;4;394
58139;Lanty;123;6;129
58140;Larochemillay;293;5;298
58141;Lavault-de-Frétoy;72;1;73
58142;Limanton;259;5;264
58143;Limon;172;8;180
58144;Livry;684;10;694
58145;Lormes;1353;22;1375
58146;Lucenay-lès-Aix;1050;17;1067
58147;Lurcy-le-Bourg;302;5;307
58148;Luthenay-Uxeloup;591;19;610
58149;Luzy;2043;46;2089
58150;Lys;123;1;124
58151;La Machine;3556;63;3619
58152;Magny-Cours;1449;31;1480
58153;Magny-Lormes;99;1;100
58154;La Maison-Dieu;127;5;132
58155;La Marche;595;15;610
58156;Marcy;161;5;166
58157;Marigny-l'Église;346;5;351
58159;Marigny-sur-Yonne;201;4;205
58158;Mars-sur-Allier;275;7;282
58160;Marzy;3434;211;3645
58161;Maux;141;2;143
58162;Menestreau;131;4;135
58163;Menou;174;8;182
58164;Mesves-sur-Loire;643;33;676
58165;Metz-le-Comte;194;8;202
58166;Mhère;276;8;284
58167;Michaugues;64;3;67
58168;Millay;448;14;462
58169;Moissy-Moulinot;26;1;27
58170;Monceaux-le-Comte;154;9;163
58175;Mont-et-Marré;172;5;177
58172;Montambert;134;0;134
58171;Montapas;287;4;291
58173;Montaron;167;2;169
58174;Montenoison;125;2;127
58176;Montigny-aux-Amognes;550;15;565
58177;Montigny-en-Morvan;327;9;336
58178;Montigny-sur-Canne;170;3;173
58179;Montreuillon;311;6;317
58180;Montsauche-les-Settons;551;16;567
58181;Moraches;113;3;116
58182;Moulins-Engilbert;1691;33;1724
58183;Mouron-sur-Yonne;95;3;98
58184;Moussy;111;0;111
58185;Moux-en-Morvan;623;15;638
58186;Murlin;112;0;112
58187;Myennes;597;12;609
58188;Nannay;128;3;131
58189;Narcy;510;17;527
58190;Neuffontaines;127;3;130
58191;Neuilly;137;0;137
58192;Neuville-lès-Decize;274;3;277
58193;Neuvy-sur-Loire;1423;34;1457
58194;Nevers;38007;1534;39541
58195;La Nocle-Maulaix;295;2;297
58196;Nolay;360;2;362
58197;Nuars;138;6;144
58198;Oisy;289;17;306
58199;Onlay;164;6;170
58200;Ouagne;175;2;177
58201;Oudan;136;1;137
58202;Ougny;47;0;47
58203;Oulon;84;4;88
58204;Ourouër;330;7;337
58205;Ouroux-en-Morvan;665;15;680
58206;Parigny-la-Rose;28;1;29
58207;Parigny-les-Vaux;974;24;998
58208;Pazy;323;8;331
58209;Perroy;199;7;206
58210;Planchez;359;3;362
58211;Poil;157;5;162
58212;Poiseux;332;6;338
58213;Pougny;453;16;469
58214;Pougues-les-Eaux;2509;63;2572
58215;Pouilly-sur-Loire;1788;60;1848
58216;Pouques-Lormes;166;3;169
58217;Pousseaux;198;7;205
58218;Prémery;2042;37;2079
58219;Préporché;207;4;211
58220;Raveau;663;18;681
58221;Rémilly;177;3;180
58222;Rix;201;0;201
58223;Rouy;604;18;622
58224;Ruages;121;12;133
58225;Saincaize-Meauce;430;5;435
58226;Saint-Agnan;159;4;163
58227;Saint-Amand-en-Puisaye;1322;27;1349
58228;Saint-Andelain;540;8;548
58229;Saint-André-en-Morvan;297;13;310
58230;Saint-Aubin-des-Chaumes;68;1;69
58231;Saint-Aubin-les-Forges;438;9;447
58232;Saint-Benin-d'Azy;1250;22;1272
58233;Saint-Benin-des-Bois;202;3;205
58234;Saint-Bonnot;123;0;123
58235;Saint-Brisson;279;5;284
58237;Saint-Didier;34;0;34
58238;Saint-Éloi;1969;115;2084
58239;Saint-Firmin;152;1;153
58240;Saint-Franchy;69;1;70
58241;Saint-Germain-Chassenay;378;14;392
58242;Saint-Germain-des-Bois;109;4;113
58243;Saint-Gratien-Savigny;121;7;128
58244;Saint-Hilaire-en-Morvan;219;2;221
58245;Saint-Hilaire-Fontaine;191;2;193
58246;Saint-Honoré-les-Bains;844;10;854
58247;Saint-Jean-aux-Amognes;462;11;473
58248;Saint-Laurent-l'Abbaye;230;8;238
58249;Saint-Léger-de-Fougeret;312;9;321
58250;Saint-Léger-des-Vignes;2079;55;2134
58251;Saint-Loup;455;10;465
58252;Saint-Malo-en-Donziois;131;2;133
58254;Saint-Martin-d'Heuille;580;21;601
58255;Saint-Martin-du-Puy;332;9;341
58256;Saint-Martin-sur-Nohain;400;3;403
58257;Saint-Maurice;60;4;64
58258;Saint-Ouen-sur-Loire;498;11;509
58259;Saint-Parize-en-Viry;155;6;161
58260;Saint-Parize-le-Châtel;1301;27;1328
58261;Saint-Père;1054;31;1085
58262;Saint-Péreuse;278;6;284
58263;Saint-Pierre-du-Mont;191;3;194
58264;Saint-Pierre-le-Moûtier;1988;45;2033
58265;Saint-Quentin-sur-Nohain;126;2;128
58266;Saint-Révérien;233;2;235
58267;Saint-Saulge;874;99;973
58268;Saint-Seine;219;8;227
58269;Saint-Sulpice;474;6;480
58270;Saint-Vérain;369;6;375
58236;Sainte-Colombe-des-Bois;133;4;137
58253;Sainte-Marie;96;4;100
58271;Saizy;206;2;208
58272;Sardy-lès-Épiry;150;1;151
58273;Sauvigny-les-Bois;1509;36;1545
58274;Savigny-Poil-Fol;134;3;137
58275;Saxi-Bourdon;286;14;300
58276;Sémelay;263;4;267
58277;Sermages;223;4;227
58278;Sermoise-sur-Loire;1657;62;1719
58279;Sichamps;161;4;165
58280;Sougy-sur-Loire;593;14;607
58281;Suilly-la-Tour;557;14;571
58282;Surgy;455;10;465
58283;Taconnay;73;1;74
58284;Talon;50;0;50
58285;Tamnay-en-Bazois;183;3;186
58286;Tannay;612;17;629
58287;Tazilly;260;6;266
58288;Teigny;119;5;124
58289;Ternant;202;3;205
58290;Thaix;62;1;63
58291;Thianges;186;11;197
58292;Tintury;205;0;205
58293;Toury-Lurcy;410;12;422
58294;Toury-sur-Jour;127;2;129
58295;Tracy-sur-Loire;964;26;990
58296;Tresnay;168;3;171
58297;Trois-Vèvres;241;4;245
58298;Tronsanges;361;12;373
58299;Trucy-l'Orgueilleux;229;4;233
58300;Urzy;1825;43;1868
58301;Vandenesse;346;8;354
58302;Varennes-lès-Narcy;794;24;818
58303;Varennes-Vauzelles;9439;292;9731
58304;Varzy;1358;184;1542
58305;Vauclaix;117;2;119
58306;Verneuil;335;8;343
58307;Vielmanay;181;5;186
58308;Vignol;86;5;91
58309;Villapourçon;449;6;455
58311;Ville-Langy;287;5;292
58310;Villiers-le-Sec;49;1;50
58312;Villiers-sur-Yonne;284;9;293
58313;Vitry-Laché;129;1;130
59001;Abancourt;453;12;465
59002;Abscon;4202;41;4243
59003;Aibes;357;6;363
59004;Aix;1060;14;1074
59005;Allennes-les-Marais;3393;47;3440
59006;Amfroipret;201;0;201
59007;Anhiers;992;16;1008
59008;Aniche;10023;99;10122
59010;Anneux;243;5;248
59011;Annoeullin;9795;105;9900
59012;Anor;3231;69;3300
59013;Anstaing;1189;12;1201
59014;Anzin;13843;217;14060
59015;Arleux;2435;28;2463
59016;Armbouts-Cappel;2411;52;2463
59017;Armentières;25170;390;25560
59018;Arnèke;1571;29;1600
59019;Artres;1057;10;1067
59021;Assevent;1739;20;1759
59022;Attiches;2276;22;2298
59023;Aubencheul-au-Bac;505;15;520
59024;Auberchicourt;4570;47;4617
59025;Aubers;1521;38;1559
59026;Aubigny-au-Bac;1086;15;1101
59027;Aubry-du-Hainaut;1443;16;1459
59028;Auby;7708;44;7752
59029;Auchy-lez-Orchies;1399;19;1418
59031;Audignies;284;4;288
59032;Aulnoy-lez-Valenciennes;7346;75;7421
59033;Aulnoye-Aymeries;8814;206;9020
59034;Avelin;2475;32;2507
59035;Avesnelles;2579;60;2639
59038;Avesnes-le-Sec;1342;13;1355
59037;Avesnes-les-Aubert;3720;37;3757
59036;Avesnes-sur-Helpe;5030;314;5344
59039;Awoingt;533;18;551
59041;Bachant;2387;26;2413
59042;Bachy;1411;14;1425
59043;Bailleul;13496;227;13723
59044;Baisieux;4084;42;4126
59045;Baives;153;6;159
59046;Bambecque;711;10;721
59047;Banteux;332;6;338
59048;Bantigny;462;13;475
59049;Bantouzelle;403;2;405
59050;Bas-Lieu;322;12;334
59051;La Bassée;6084;63;6147
59052;Bauvin;5318;61;5379
59053;Bavay;3429;95;3524
59054;Bavinchove;937;25;962
59055;Bazuel;602;7;609
59056;Beaucamps-Ligny;904;29;933
59057;Beaudignies;575;14;589
59058;Beaufort;976;32;1008
59059;Beaumont-en-Cambrésis;463;6;469
59060;Beaurain;223;1;224
59061;Beaurepaire-sur-Sambre;247;7;254
59062;Beaurieux;167;7;174
59063;Beauvois-en-Cambrésis;2086;29;2115
59064;Bellaing;1231;11;1242
59065;Bellignies;920;9;929
59066;Bérelles;158;6;164
59067;Bergues;3923;118;4041
59068;Berlaimont;3204;47;3251
59069;Bermerain;653;9;662
59070;Bermeries;367;10;377
59071;Bersée;2222;28;2250
59072;Bersillies;261;14;275
59073;Berthen;501;12;513
59074;Bertry;2212;37;2249
59075;Béthencourt;732;12;744
59076;Bettignies;265;5;270
59077;Bettrechies;241;10;251
59078;Beugnies;494;15;509
59079;Beuvrages;6986;57;7043
59080;Beuvry-la-Forêt;2828;32;2860
59081;Bévillers;575;8;583
59082;Bierne;1634;40;1674
59083;Bissezeele;189;5;194
59084;Blaringhem;2034;44;2078
59085;Blécourt;360;11;371
59086;Boeschepe;2201;41;2242
59087;Boëseghem;767;12;779
59088;Bois-Grenier;1403;30;1433
59089;Bollezeele;1384;21;1405
59090;Bondues;10082;244;10326
59091;Borre;572;11;583
59092;Bouchain;4174;48;4222
59093;Boulogne-sur-Helpe;329;11;340
59094;Bourbourg;6696;97;6793
59096;Bourghelles;1505;25;1530
59097;Boursies;304;2;306
59098;Bousbecque;4621;47;4668
59099;Bousies;1678;18;1696
59100;Bousignies;308;5;313
59101;Bousignies-sur-Roc;398;6;404
59102;Boussières-en-Cambrésis;413;5;418
59103;Boussières-sur-Sambre;502;5;507
59104;Boussois;3318;35;3353
59105;Bouvignies;1513;21;1534
59106;Bouvines;722;18;740
59107;Bray-Dunes;4681;99;4780
59108;Briastre;632;9;641
59109;Brillon;727;20;747
59110;Brouckerque;1283;46;1329
59111;Broxeele;305;14;319
59112;Bruay-sur-l'Escaut;11881;121;12002
59113;Bruille-lez-Marchiennes;1316;14;1330
59114;Bruille-Saint-Amand;1465;27;1492
59115;Brunémont;545;1;546
59116;Bry;367;6;373
59117;Bugnicourt;908;14;922
59118;Busigny;2532;31;2563
59119;Buysscheure;505;3;508
59120;Caëstre;1669;37;1706
59121;Cagnoncles;507;9;516
59122;Cambrai;32296;869;33165
59123;Camphin-en-Carembault;1594;33;1627
59124;Camphin-en-Pévèle;1670;18;1688
59125;Cantaing-sur-Escaut;433;18;451
59126;Cantin;1449;18;1467
59127;Capelle;165;2;167
59128;Capinghem;1606;22;1628
59130;Cappelle-Brouck;1144;20;1164
59129;Cappelle-en-Pévèle;1890;10;1900
59131;Cappelle-la-Grande;8134;89;8223
59132;Carnières;963;12;975
59133;Carnin;1030;16;1046
59134;Cartignies;1208;16;1224
59135;Cassel;2326;105;2431
59136;Le Cateau-Cambrésis;7102;148;7250
59137;Catillon-sur-Sambre;865;15;880
59138;Cattenières;670;11;681
59139;Caudry;13842;184;14026
59140;Caullery;475;8;483
59141;Cauroir;548;1;549
59142;Cerfontaine;562;16;578
59143;La Chapelle-d'Armentières;7881;96;7977
59144;Château-l'Abbaye;851;11;862
59145;Chemy;651;10;661
59146;Chéreng;3033;63;3096
59147;Choisies;72;5;77
59148;Clairfayts;353;7;360
59149;Clary;1141;23;1164
59150;Cobrieux;529;9;538
59151;Colleret;1631;42;1673
59152;Comines;12208;117;12325
59153;Condé-sur-l'Escaut;9992;77;10069
59155;Coudekerque-Branche;22986;334;23320
59154;Coudekerque-Village;1114;68;1182
59156;Courchelettes;2790;19;2809
59157;Cousolre;2504;59;2563
59158;Coutiches;2500;39;2539
59159;Craywick;584;17;601
59160;Crespin;4394;16;4410
59161;Crèvecoeur-sur-l'Escaut;671;33;704
59162;Crochte;676;17;693
59163;Croix;21006;266;21272
59164;Croix-Caluyau;225;2;227
59165;Cuincy;6645;93;6738
59166;Curgies;1144;19;1163
59167;Cuvillers;197;3;200
59168;Cysoing;4416;69;4485
59169;Damousies;217;4;221
59170;Dechy;5041;57;5098
59171;Dehéries;42;0;42
59172;Denain;20186;150;20336
59173;Deûlémont;1572;17;1589
59174;Dimechaux;332;4;336
59175;Dimont;326;8;334
59176;Doignies;258;6;264
59177;Dompierre-sur-Helpe;956;12;968
59670;Don;1326;8;1334
59178;Douai;42621;1190;43811
59179;Douchy-les-Mines;9986;87;10073
59180;Le Doulieu;1398;25;1423
59181;Dourlers;548;12;560
59182;Drincham;274;4;278
59183;Dunkerque;68219;1281;69500
59184;Ebblinghem;580;10;590
59185;Écaillon;2058;18;2076
59186;Eccles;105;0;105
59187;Éclaibes;292;8;300
59188;Écuélin;109;2;111
59189;Eecke;1158;24;1182
59190;Élesmes;876;33;909
59191;Élincourt;649;8;657
59192;Émerchicourt;951;49;1000
59193;Emmerin;3030;43;3073
59194;Englefontaine;1341;14;1355
59195;Englos;567;4;571
59196;Ennetières-en-Weppes;1088;18;1106
59197;Ennevelin;2190;38;2228
59198;Eppe-Sauvage;245;2;247
59199;Erchin;735;14;749
59200;Eringhem;454;6;460
59201;Erquinghem-le-Sec;543;5;548
59202;Erquinghem-Lys;4509;54;4563
59203;Erre;1375;11;1386
59204;Escarmain;427;12;439
59205;Escaudain;9053;87;9140
59206;Escaudoeuvres;3399;28;3427
59207;Escautpont;4210;69;4279
59208;Escobecques;307;8;315
59209;Esnes;637;10;647
59210;Esquelbecq;2206;54;2260
59211;Esquerchin;801;13;814
59212;Estaires;5966;149;6115
59213;Estourmel;449;10;459
59214;Estrées;1030;29;1059
59215;Estreux;918;21;939
59219;Estrun;498;5;503
59216;Eswars;358;7;365
59217;Eth;328;14;342
59218;Étroeungt;1368;20;1388
59220;Faches-Thumesnil;16680;166;16846
59221;Famars;2495;63;2558
59222;Faumont;2097;41;2138
59223;Le Favril;458;7;465
59224;Féchain;1827;57;1884
59225;Feignies;7221;121;7342
59226;Felleries;1519;25;1544
59227;Fenain;5350;45;5395
59228;Férin;1332;20;1352
59229;Féron;520;17;537
59230;Ferrière-la-Grande;5457;87;5544
59231;Ferrière-la-Petite;1011;26;1037
59232;La Flamengrie;401;5;406
59233;Flaumont-Waudrechies;366;10;376
59234;Flers-en-Escrebieux;5342;53;5395
59236;Flesquières;275;6;281
59237;Flêtre;767;14;781
59238;Flines-lès-Mortagne;1606;28;1634
59239;Flines-lez-Raches;5447;82;5529
59240;Floursies;133;1;134
59241;Floyon;496;8;504
59242;Fontaine-au-Bois;647;3;650
59243;Fontaine-au-Pire;1176;22;1198
59244;Fontaine-Notre-Dame;1676;38;1714
59246;Forest-en-Cambrésis;541;3;544
59247;Forest-sur-Marque;1472;21;1493
59248;Fort-Mardyck;3568;49;3617
59249;Fourmies;13233;295;13528
59250;Fournes-en-Weppes;1965;103;2068
59251;Frasnoy;329;4;333
59252;Frelinghien;2542;30;2572
59253;Fresnes-sur-Escaut;7678;62;7740
59254;Fressain;880;21;901
59255;Fressies;535;12;547
59256;Fretin;3258;22;3280
59257;Fromelles;884;22;906
59258;Genech;2608;444;3052
59259;Ghissignies;454;6;460
59260;Ghyvelde;3150;67;3217
59261;Glageon;1780;20;1800
59262;Godewaersvelde;1964;34;1998
59263;Goeulzin;1090;29;1119
59264;Gognies-Chaussée;798;14;812
59265;Gommegnies;2199;39;2238
59266;Gondecourt;3947;52;3999
59267;Gonnelieu;287;4;291
59268;La Gorgue;5807;69;5876
59269;Gouzeaucourt;1394;20;1414
59270;Grand-Fayt;478;7;485
59272;Grand-Fort-Philippe;5606;60;5666
59271;Grande-Synthe;21428;387;21815
59273;Gravelines;11705;350;12055
59274;La Groise;457;7;464
59275;Gruson;1138;43;1181
59276;Guesnain;4605;45;4650
59277;Gussignies;343;6;349
59278;Hallennes-lez-Haubourdin;4062;27;4089
59279;Halluin;19757;187;19944
59280;Hamel;742;10;752
59281;Hantay;1042;17;1059
59282;Hardifort;386;5;391
59283;Hargnies;558;10;568
59284;Hasnon;3254;29;3283
59285;Haspres;2670;28;2698
59286;Haubourdin;14726;117;14843
59287;Haucourt-en-Cambrésis;199;4;203
59288;Haulchin;2370;31;2401
59289;Haussy;1541;118;1659
59290;Haut-Lieu;417;4;421
59291;Hautmont;15015;192;15207
59292;Haveluy;3175;30;3205
59293;Haverskerque;1488;32;1520
59294;Haynecourt;542;4;546
59295;Hazebrouck;21313;486;21799
59296;Hecq;335;2;337
59297;Hélesmes;1911;16;1927
59299;Hem;18093;163;18256
59300;Hem-Lenglet;526;8;534
59301;Hergnies;4231;47;4278
59302;Hérin;3800;33;3833
59303;Herlies;2059;28;2087
59304;Herrin;414;4;418
59305;Herzeele;1427;35;1462
59306;Hestrud;260;5;265
59307;Holque;966;8;974
59310;Hon-Hergies;814;14;828
59308;Hondeghem;947;23;970
59309;Hondschoote;3879;109;3988
59311;Honnechy;519;6;525
59312;Honnecourt-sur-Escaut;797;16;813
59313;Hordain;1472;22;1494
59314;Hornaing;3199;35;3234
59315;Houdain-lez-Bavay;837;15;852
59316;Houplin-Ancoisne;3501;46;3547
59317;Houplines;7570;136;7706
59318;Houtkerque;843;14;857
59319;Hoymille;3041;157;3198
59320;Illies;1406;21;1427
59321;Inchy;721;11;732
59322;Iwuy;3143;41;3184
59323;Jenlain;1091;24;1115
59324;Jeumont;9956;171;10127
59325;Jolimetz;924;22;946
59326;Killem;965;26;991
59327;Lallaing;6533;33;6566
59328;Lambersart;28410;451;28861
59329;Lambres-lez-Douai;5253;82;5335
59330;Landas;2341;35;2376
59331;Landrecies;3663;85;3748
59332;Lannoy;1679;8;1687
59333;Larouillies;277;5;282
59334;Lauwin-Planque;1807;29;1836
59335;Lecelles;2733;46;2779
59336;Lécluse;1528;15;1543
59337;Lederzeele;598;10;608
59338;Ledringhem;667;13;680
59339;Leers;9240;72;9312
59340;Leffrinckoucke;4517;112;4629
59341;Lesdain;396;7;403
59343;Lesquin;6395;48;6443
59344;Leval;2246;32;2278
59345;Lewarde;2769;43;2812
59342;Lez-Fontaine;206;8;214
59346;Lezennes;3089;35;3124
59347;Liessies;535;9;544
59348;Lieu-Saint-Amand;1253;15;1268
59349;Ligny-en-Cambrésis;1691;26;1717
59350;Lille;225789;6383;232172
59351;Limont-Fontaine;559;10;569
59352;Linselles;8242;115;8357
59353;Locquignol;321;4;325
59354;Loffre;757;16;773
59356;Lompret;2367;43;2410
59357;La Longueville;2224;39;2263
59358;Looberghe;1176;30;1206
59359;Loon-Plage;6214;85;6299
59360;Loos;21043;505;21548
59361;Lourches;3937;44;3981
59363;Louvignies-Quesnoy;959;21;980
59364;Louvil;845;25;870
59365;Louvroil;6904;66;6970
59366;Lynde;641;10;651
59367;Lys-lez-Lannoy;12783;132;12915
59368;La Madeleine;22428;300;22728
59369;Maing;3944;35;3979
59370;Mairieux;749;22;771
59371;Le Maisnil;535;19;554
59372;Malincourt;495;6;501
59374;Marbaix;451;11;462
59375;Marchiennes;4706;62;4768
59377;Marcoing;1864;36;1900
59378;Marcq-en-Baroeul;39101;812;39913
59379;Marcq-en-Ostrevent;544;11;555
59381;Maresches;912;25;937
59382;Maretz;1452;14;1466
59383;Marly;11883;84;11967
59384;Maroilles;1422;20;1442
59385;Marpent;2619;48;2667
59387;Marquette-en-Ostrevant;1562;17;1579
59386;Marquette-lez-Lille;9772;82;9854
59388;Marquillies;1774;23;1797
59389;Masnières;2589;39;2628
59390;Masny;4481;46;4527
59391;Mastaing;915;18;933
59392;Maubeuge;32667;407;33074
59393;Maulde;958;13;971
59394;Maurois;446;6;452
59395;Mazinghien;328;4;332
59396;Mecquignies;610;8;618
59397;Merckeghem;576;10;586
59398;Mérignies;2269;139;2408
59399;Merris;1036;26;1062
59400;Merville;8743;98;8841
59401;Méteren;2159;30;2189
59402;Millam;764;12;776
59403;Millonfosse;668;7;675
59404;Les Moëres;732;7;739
59405;Moeuvres;477;3;480
59406;Monceau-Saint-Waast;496;4;500
59407;Monchaux-sur-Écaillon;566;13;579
59408;Moncheaux;1432;16;1448
59409;Monchecourt;2674;36;2710
59410;Mons-en-Baroeul;22664;194;22858
59411;Mons-en-Pévèle;2158;26;2184
59412;Montay;352;3;355
59413;Montigny-en-Cambrésis;588;14;602
59414;Montigny-en-Ostrevent;4785;42;4827
59415;Montrécourt;214;3;217
59416;Morbecque;2702;57;2759
59418;Mortagne-du-Nord;1650;17;1667
59419;Mouchin;1352;21;1373
59420;Moustier-en-Fagne;73;0;73
59421;Mouvaux;13013;188;13201
59422;Naves;618;12;630
59423;Neuf-Berquin;1239;26;1265
59424;Neuf-Mesnil;1277;15;1292
59427;La Neuville;686;13;699
59425;Neuville-en-Avesnois;288;11;299
59426;Neuville-en-Ferrain;9508;87;9595
59428;Neuville-Saint-Rémy;3729;52;3781
59429;Neuville-sur-Escaut;2682;24;2706
59430;Neuvilly;990;4;994
59431;Nieppe;7568;100;7668
59432;Niergnies;502;17;519
59433;Nieurlet;983;18;1001
59434;Nivelle;1240;18;1258
59435;Nomain;2447;41;2488
59436;Noordpeene;774;17;791
59437;Noyelles-lès-Seclin;894;10;904
59438;Noyelles-sur-Escaut;751;12;763
59439;Noyelles-sur-Sambre;329;8;337
59440;Noyelles-sur-Selle;774;13;787
59441;Obies;663;19;682
59442;Obrechies;263;6;269
59443;Ochtezeele;303;6;309
59444;Odomez;971;13;984
59445;Ohain;1282;20;1302
59446;Oisy;515;8;523
59447;Onnaing;8682;74;8756
59448;Oost-Cappel;476;11;487
59449;Orchies;8379;145;8524
59450;Ors;674;15;689
59451;Orsinval;484;8;492
59452;Ostricourt;5114;52;5166
59453;Oudezeele;624;7;631
59454;Oxelaëre;479;16;495
59455;Paillencourt;986;13;999
59456;Pecquencourt;5990;226;6216
59457;Pérenchies;7801;46;7847
59458;Péronne-en-Mélantois;869;11;880
59461;Petit-Fayt;286;5;291
59459;Petite-Forêt;4928;50;4978
59462;Phalempin;4443;106;4549
59463;Pitgam;918;28;946
59464;Poix-du-Nord;2023;28;2051
59465;Pommereuil;745;1;746
59466;Pont-à-Marcq;2396;100;2496
59467;Pont-sur-Sambre;2604;44;2648
59468;Potelle;360;8;368
59469;Pradelles;359;5;364
59470;Prémesques;2115;21;2136
59471;Préseau;1870;26;1896
59472;Preux-au-Bois;783;14;797
59473;Preux-au-Sart;268;6;274
59474;Prisches;984;24;1008
59475;Prouvy;2386;65;2451
59476;Proville;3475;93;3568
59477;Provin;3841;39;3880
59478;Quaëdypre;1138;19;1157
59479;Quarouble;3180;38;3218
59480;Quérénaing;925;8;933
59481;Le Quesnoy;5061;135;5196
59482;Quesnoy-sur-Deûle;6967;66;7033
59483;Quiévelon;153;4;157
59484;Quiévrechain;5705;45;5750
59485;Quiévy;1674;24;1698
59486;Râches;2731;37;2768
59487;Radinghem-en-Weppes;1217;23;1240
59488;Raillencourt-Sainte-Olle;2378;41;2419
59489;Raimbeaucourt;4272;75;4347
59490;Rainsars;216;3;219
59491;Raismes;13145;123;13268
59492;Ramillies;573;9;582
59493;Ramousies;239;0;239
59494;Raucourt-au-Bois;154;2;156
59495;Recquignies;2355;36;2391
59496;Rejet-de-Beaulieu;228;2;230
59497;Renescure;2031;56;2087
59498;Reumont;358;4;362
59499;Rexpoëde;1754;32;1786
59500;Ribécourt-la-Tour;374;12;386
59501;Rieulay;1421;25;1446
59502;Rieux-en-Cambrésis;1467;15;1482
59503;Robersart;172;6;178
59504;Roeulx;3674;21;3695
59505;Rombies-et-Marchipont;655;11;666
59506;Romeries;430;2;432
59507;Ronchin;18614;116;18730
59508;Roncq;12776;184;12960
59509;Roost-Warendin;6157;55;6212
59511;Rosult;1876;42;1918
59512;Roubaix;97423;835;98258
59513;Roucourt;375;9;384
59514;Rousies;4202;97;4299
59515;Rouvignies;709;2;711
59516;Rubrouck;890;6;896
59517;Les Rues-des-Vignes;678;16;694
59518;Ruesnes;445;7;452
59519;Rumegies;1625;29;1654
59520;Rumilly-en-Cambrésis;1505;10;1515
59521;Sailly-lez-Cambrai;460;3;463
59522;Sailly-lez-Lannoy;1778;38;1816
59523;Sainghin-en-Mélantois;2305;52;2357
59524;Sainghin-en-Weppes;5524;69;5593
59525;Sains-du-Nord;3058;63;3121
59526;Saint-Amand-les-Eaux;16612;175;16787
59527;Saint-André-lez-Lille;10852;127;10979
59528;Saint-Aubert;1438;19;1457
59529;Saint-Aubin;373;15;388
59530;Saint-Aybert;360;6;366
59531;Saint-Benin;359;3;362
59532;Saint-Georges-sur-l'Aa;290;10;300
59533;Saint-Hilaire-lez-Cambrai;1636;20;1656
59534;Saint-Hilaire-sur-Helpe;773;37;810
59535;Saint-Jans-Cappel;1471;52;1523
59537;Saint-Martin-sur-Écaillon;510;1;511
59538;Saint-Momelin;360;7;367
59539;Saint-Pierre-Brouck;914;21;935
59540;Saint-Pol-sur-Mer;22038;261;22299
59541;Saint-Python;1040;5;1045
59542;Saint-Remy-Chaussée;458;13;471
59543;Saint-Remy-du-Nord;1233;20;1253
59544;Saint-Saulve;10845;141;10986
59545;Saint-Souplet;1284;18;1302
59546;Saint-Sylvestre-Cappel;1085;21;1106
59547;Saint-Vaast-en-Cambrésis;855;11;866
59548;Saint-Waast;588;14;602
59536;Sainte-Marie-Cappel;828;28;856
59549;Salesches;313;2;315
59550;Salomé;3002;31;3033
59551;Saméon;1476;20;1496
59552;Sancourt;213;2;215
59553;Santes;5036;62;5098
59554;Sars-et-Rosières;502;9;511
59555;Sars-Poteries;1480;15;1495
59556;Sassegnies;284;1;285
59557;Saultain;1979;33;2012
59558;Saulzoir;1700;19;1719
59559;Sebourg;1820;55;1875
59560;Seclin;12219;97;12316
59562;Sémeries;520;8;528
59563;Semousies;237;4;241
59564;La Sentinelle;3267;81;3348
59565;Sepmeries;552;6;558
59566;Sequedin;4437;23;4460
59567;Séranvillers-Forenville;282;4;286
59568;Sercus;390;16;406
59569;Sin-le-Noble;16746;136;16882
59570;Socx;987;49;1036
59571;Solesmes;4604;145;4749
59572;Solre-le-Château;1819;42;1861
59573;Solrinnes;119;4;123
59574;Somain;12099;111;12210
59575;Sommaing;334;12;346
59576;Spycker;1505;23;1528
59577;Staple;653;6;659
59578;Steenbecque;1703;29;1732
59579;Steene;1229;30;1259
59580;Steenvoorde;3987;83;4070
59581;Steenwerck;3391;43;3434
59582;Strazeele;677;7;684
59583;Taisnières-en-Thiérache;512;13;525
59584;Taisnières-sur-Hon;886;14;900
59585;Templemars;3349;67;3416
59586;Templeuve;5731;62;5793
59587;Terdeghem;522;17;539
59588;Téteghem;7284;266;7550
59589;Thiant;2534;40;2574
59590;Thiennes;810;13;823
59591;Thivencelle;809;6;815
59592;Thumeries;3810;28;3838
59593;Thun-l'Évêque;610;2;612
59594;Thun-Saint-Amand;1104;20;1124
59595;Thun-Saint-Martin;531;9;540
59597;Tilloy-lez-Cambrai;610;14;624
59596;Tilloy-lez-Marchiennes;520;8;528
59598;Toufflers;3691;31;3722
59599;Tourcoing;92118;785;92903
59600;Tourmignies;694;10;704
59601;Trélon;2984;104;3088
59602;Tressin;1208;66;1274
59603;Trith-Saint-Léger;6505;82;6587
59604;Troisvilles;752;13;765
59605;Uxem;1285;33;1318
59606;Valenciennes;42670;945;43615
59607;Vendegies-au-Bois;456;7;463
59608;Vendegies-sur-Écaillon;1082;24;1106
59609;Vendeville;1620;20;1640
59610;Verchain-Maugré;910;20;930
59611;Verlinghem;2303;31;2334
59612;Vertain;474;15;489
59613;Vicq;1348;20;1368
59614;Viesly;1381;12;1393
59615;Vieux-Berquin;2290;33;2323
59616;Vieux-Condé;10724;123;10847
59617;Vieux-Mesnil;556;9;565
59618;Vieux-Reng;798;23;821
59009;Villeneuve-d'Ascq;61630;793;62423
59619;Villereau;808;13;821
59620;Villers-au-Tertre;599;11;610
59622;Villers-en-Cauchies;1216;15;1231
59623;Villers-Guislain;702;10;712
59624;Villers-Outréaux;2165;50;2215
59625;Villers-Plouich;397;8;405
59626;Villers-Pol;1247;33;1280
59627;Villers-Sire-Nicole;972;20;992
59628;Volckerinckhove;476;10;486
59629;Vred;1407;21;1428
59630;Wahagnies;2599;56;2655
59631;Walincourt-Selvigny;2049;35;2084
59632;Wallers;5533;33;5566
59633;Wallers-en-Fagne;263;2;265
59634;Wallon-Cappel;903;25;928
59635;Wambaix;302;17;319
59636;Wambrechies;9875;101;9976
59637;Wandignies-Hamage;1196;14;1210
59638;Wannehain;905;8;913
59639;Wargnies-le-Grand;1051;10;1061
59640;Wargnies-le-Petit;774;11;785
59641;Warhem;2029;58;2087
59642;Warlaing;562;6;568
59643;Warneton;189;1;190
59645;Wasnes-au-Bac;564;5;569
59646;Wasquehal;18989;248;19237
59647;Watten;2731;32;2763
59648;Wattignies;13450;215;13665
59649;Wattignies-la-Victoire;270;5;275
59650;Wattrelos;42077;293;42370
59651;Wavrechain-sous-Denain;1737;8;1745
59652;Wavrechain-sous-Faulx;416;4;420
59653;Wavrin;7701;64;7765
59654;Waziers;7686;55;7741
59655;Wemaers-Cappel;253;1;254
59656;Wervicq-Sud;4698;61;4759
59657;West-Cappel;572;13;585
59658;Wicres;313;5;318
59659;Wignehies;3153;45;3198
59660;Willems;2967;31;2998
59661;Willies;150;4;154
59662;Winnezeele;1228;27;1255
59663;Wormhout;5223;96;5319
59664;Wulverdinghe;259;9;268
59665;Wylder;318;4;322
59666;Zegerscappel;1493;15;1508
59667;Zermezeele;193;3;196
59668;Zuydcoote;1688;72;1760
59669;Zuytpeene;560;11;571
60001;Abancourt;653;5;658
60002;Abbecourt;760;13;773
60003;Abbeville-Saint-Lucien;552;12;564
60004;Achy;330;3;333
60005;Acy-en-Multien;754;7;761
60006;Les Ageux;1156;12;1168
60007;Agnetz;2842;272;3114
60008;Airion;500;106;606
60009;Allonne;1471;55;1526
60010;Amblainville;1718;20;1738
60011;Amy;375;10;385
60012;Andeville;3131;37;3168
60013;Angicourt;1651;27;1678
60014;Angivillers;191;0;191
60015;Angy;1196;12;1208
60016;Ansacq;267;9;276
60017;Ansauvillers;1192;21;1213
60018;Anserville;478;8;486
60019;Antheuil-Portes;427;6;433
60020;Antilly;333;6;339
60021;Appilly;504;7;511
60022;Apremont;738;29;767
60023;Armancourt;536;18;554
60024;Arsy;798;31;829
60025;Attichy;1926;20;1946
60026;Auchy-la-Montagne;469;10;479
60027;Auger-Saint-Vincent;501;4;505
60028;Aumont-en-Halatte;554;21;575
60029;Auneuil;2760;39;2799
60030;Auteuil;581;9;590
60031;Autheuil-en-Valois;258;3;261
60032;Autrêches;737;13;750
60033;Avilly-Saint-Léonard;986;32;1018
60034;Avrechy;1084;13;1097
60035;Avricourt;253;14;267
60036;Avrigny;320;7;327
60037;Baboeuf;489;9;498
60038;Bachivillers;410;6;416
60039;Bacouël;463;12;475
60040;Bailleul-le-Soc;659;5;664
60041;Bailleul-sur-Thérain;2150;38;2188
60042;Bailleval;1464;36;1500
60043;Bailly;601;17;618
60044;Balagny-sur-Thérain;1426;30;1456
60045;Barbery;524;14;538
60046;Bargny;258;4;262
60047;Baron;780;23;803
60048;Baugy;286;6;292
60049;Bazancourt;132;6;138
60050;Bazicourt;323;6;329
60051;Beaudéduit;182;6;188
60052;Beaugies-sous-Bois;85;0;85
60053;Beaulieu-les-Fontaines;585;55;640
60054;Beaumont-les-Nonains;347;6;353
60055;Beaurains-lès-Noyon;282;5;287
60056;Beaurepaire;59;1;60
60057;Beauvais;55230;1407;56637
60058;Beauvoir;277;2;279
60059;Béhéricourt;217;5;222
60060;Belle-Église;571;11;582
60061;Belloy;84;3;87
60062;Berlancourt;307;4;311
60063;Berneuil-en-Bray;786;25;811
60064;Berneuil-sur-Aisne;998;12;1010
60065;Berthecourt;1551;15;1566
60066;Béthancourt-en-Valois;251;14;265
60067;Béthisy-Saint-Martin;1098;26;1124
60068;Béthisy-Saint-Pierre;3124;54;3178
60069;Betz;1019;22;1041
60070;Bienville;466;48;514
60071;Biermont;156;6;162
60072;Bitry;303;6;309
60073;Blacourt;488;8;496
60074;Blaincourt-lès-Précy;1217;21;1238
60075;Blancfossé;134;1;135
60076;Blargies;482;6;488
60077;Blicourt;321;6;327
60078;Blincourt;105;0;105
60079;Boissy-Fresnoy;899;15;914
60080;Boissy-le-Bois;185;0;185
60081;Bonlier;384;5;389
60083;Bonneuil-en-Valois;977;13;990
60082;Bonneuil-les-Eaux;803;6;809
60084;Bonnières;164;7;171
60085;Bonvillers;202;2;204
60086;Boran-sur-Oise;2108;36;2144
60087;Borest;344;17;361
60088;Bornel;3630;42;3672
60089;Boubiers;366;4;370
60090;Bouconvillers;372;5;377
60091;Bouillancy;387;5;392
60092;Boullarre;227;3;230
60093;Boulogne-la-Grasse;424;5;429
60094;Boursonne;271;7;278
60095;Boury-en-Vexin;343;7;350
60096;Boutavent;67;3;70
60097;Boutencourt;250;4;254
60098;Bouvresse;162;5;167
60099;Braisnes;159;6;165
60100;Brasseuse;120;1;121
60101;Brégy;560;8;568
60102;Brenouille;2163;60;2223
60103;Bresles;4120;73;4193
60104;Breteuil;4287;120;4407
60105;Brétigny;357;11;368
60106;Breuil-le-Sec;2330;55;2385
60107;Breuil-le-Vert;2823;144;2967
60108;Briot;301;8;309
60109;Brombos;239;3;242
60110;Broquiers;221;0;221
60111;Broyes;142;4;146
60112;Brunvillers-la-Motte;329;4;333
60113;Bucamps;148;2;150
60114;Buicourt;140;4;144
60115;Bulles;891;14;905
60116;Bury;2982;43;3025
60117;Bussy;314;6;320
60118;Caisnes;477;6;483
60120;Cambronne-lès-Clermont;1034;20;1054
60119;Cambronne-lès-Ribécourt;1883;38;1921
60121;Campagne;141;2;143
60122;Campeaux;518;4;522
60123;Campremy;377;9;386
60124;Candor;243;2;245
60125;Canly;766;18;784
60126;Cannectancourt;544;8;552
60127;Canny-sur-Matz;344;3;347
60128;Canny-sur-Thérain;187;2;189
60129;Carlepont;1440;35;1475
60130;Catenoy;1089;52;1141
60131;Catheux;107;1;108
60132;Catigny;194;8;202
60133;Catillon-Fumechon;572;4;576
60134;Cauffry;2309;41;2350
60135;Cauvigny;1412;26;1438
60136;Cempuis;425;100;525
60137;Cernoy;221;2;223
60138;Chamant;925;30;955
60139;Chambly;9275;111;9386
60140;Chambors;318;10;328
60141;Chantilly;11096;251;11347
60142;La Chapelle-en-Serval;2570;55;2625
60143;Chaumont-en-Vexin;3047;51;3098
60144;Chavençon;134;0;134
60145;Chelles;436;13;449
60146;Chepoix;365;4;369
60147;Chevincourt;823;24;847
60148;Chèvreville;465;14;479
60149;Chevrières;1719;55;1774
60150;Chiry-Ourscamp;1164;27;1191
60151;Choisy-au-Bac;3462;169;3631
60152;Choisy-la-Victoire;195;1;196
60153;Choqueuse-les-Bénards;82;1;83
60154;Cinqueux;1606;43;1649
60155;Cires-lès-Mello;3482;66;3548
60156;Clairoix;1985;73;2058
60157;Clermont;10612;198;10810
60158;Coivrel;254;2;256
60159;Compiègne;41714;1648;43362
60160;Conchy-les-Pots;622;9;631
60161;Conteville;79;2;81
60162;Corbeil-Cerf;319;3;322
60163;Cormeilles;339;3;342
60164;Le Coudray-Saint-Germer;886;21;907
60165;Le Coudray-sur-Thelle;505;11;516
60166;Coudun;921;36;957
60167;Couloisy;488;5;493
60168;Courcelles-Epayelles;191;3;194
60169;Courcelles-lès-Gisors;848;14;862
60170;Courteuil;636;32;668
60171;Courtieux;183;3;186
60172;Coye-la-Forêt;3757;226;3983
60173;Cramoisy;603;3;606
60174;Crapeaumesnil;142;4;146
60175;Creil;33837;462;34299
60176;Crépy-en-Valois;14180;281;14461
60177;Cressonsacq;429;13;442
60178;Crèvecoeur-le-Grand;3334;134;3468
60179;Crèvecoeur-le-Petit;116;1;117
60180;Crillon;440;11;451
60181;Crisolles;1030;20;1050
60182;Le Crocq;156;3;159
60183;Croissy-sur-Celle;247;6;253
60184;Croutoy;237;3;240
60185;Crouy-en-Thelle;998;13;1011
60186;Cuignières;207;1;208
60187;Cuigy-en-Bray;960;9;969
60188;Cuise-la-Motte;2210;126;2336
60189;Cuts;945;18;963
60190;Cuvergnon;314;8;322
60191;Cuvilly;604;9;613
60192;Cuy;227;3;230
60193;Daméraucourt;211;7;218
60194;Dargies;242;4;246
60195;Delincourt;551;5;556
60196;Le Déluge;479;7;486
60197;Dieudonné;848;12;860
60198;Dives;323;1;324
60199;Doméliers;223;5;228
60200;Domfront;318;2;320
60201;Dompierre;226;6;232
60203;Duvy;440;6;446
60204;Écuvilly;249;8;257
60205;Élencourt;54;2;56
60206;Élincourt-Sainte-Marguerite;826;21;847
60207;Éméville;277;7;284
60209;Énencourt-le-Sec;201;6;207
60208;Énencourt-Léage;117;2;119
60210;Épineuse;275;1;276
60211;Éragny-sur-Epte;577;5;582
60212;Ercuis;1444;11;1455
60213;Ermenonville;908;17;925
60214;Ernemont-Boutavent;188;2;190
60215;Erquery;530;15;545
60216;Erquinvillers;161;0;161
60217;Escames;205;7;212
60218;Esches;1221;17;1238
60219;Escles-Saint-Pierre;142;4;146
60220;Espaubourg;400;11;411
60221;Esquennoy;780;8;788
60222;Essuiles;533;5;538
60223;Estrées-Saint-Denis;3559;131;3690
60224;Étavigny;170;3;173
60225;Étouy;792;15;807
60226;Ève;436;12;448
60227;Évricourt;210;4;214
60228;Fay-les-Étangs;399;3;402
60230;Le Fay-Saint-Quentin;514;13;527
60229;Le Fayel;243;11;254
60231;Feigneux;430;19;449
60232;Ferrières;475;8;483
60233;Feuquières;1571;27;1598
60234;Fitz-James;2450;43;2493
60235;Flavacourt;709;19;728
60236;Flavy-le-Meldeux;176;1;177
60237;Fléchy;92;1;93
60238;Fleurines;1759;108;1867
60239;Fleury;485;6;491
60240;Fontaine-Bonneleau;285;3;288
60241;Fontaine-Chaalis;378;13;391
60242;Fontaine-Lavaganne;394;4;398
60243;Fontaine-Saint-Lucien;153;7;160
60244;Fontenay-Torcy;124;3;127
60245;Formerie;2106;35;2141
60246;Fosseuse;733;21;754
60247;Fouilleuse;106;1;107
60248;Fouilloy;202;1;203
60249;Foulangues;207;4;211
60250;Fouquenies;441;16;457
60251;Fouquerolles;265;10;275
60252;Fournival;483;10;493
60253;Francastel;399;10;409
60254;Francières;517;10;527
60255;Fréniches;296;0;296
60257;Fresne-Léguillon;480;4;484
60256;Fresneaux-Montchevreuil;754;7;761
60258;Fresnières;163;0;163
60259;Fresnoy-en-Thelle;937;7;944
60260;Fresnoy-la-Rivière;640;14;654
60261;Fresnoy-le-Luat;475;15;490
60262;Le Frestoy-Vaux;208;1;209
60263;Frétoy-le-Château;209;6;215
60264;Frocourt;509;1;510
60265;Froissy;896;19;915
60267;Le Gallet;150;5;155
60268;Gannes;323;1;324
60269;Gaudechart;332;58;390
60270;Genvry;780;7;787
60271;Gerberoy;93;4;97
60272;Gilocourt;593;7;600
60273;Giraumont;573;16;589
60274;Glaignes;362;16;378
60275;Glatigny;155;6;161
60276;Godenvillers;134;9;143
60277;Goincourt;1258;28;1286
60278;Golancourt;404;5;409
60279;Gondreville;237;3;240
60280;Gourchelles;133;2;135
60281;Gournay-sur-Aronde;588;18;606
60282;Gouvieux;9622;361;9983
60283;Gouy-les-Groseillers;35;0;35
60284;Grandfresnoy;1574;71;1645
60287;Grandrû;275;8;283
60285;Grandvillers-aux-Bois;271;6;277
60286;Grandvilliers;3056;125;3181
60288;Grémévillers;347;9;356
60289;Grez;231;2;233
60290;Guignecourt;401;16;417
60291;Guiscard;1918;31;1949
60292;Gury;202;2;204
60293;Hadancourt-le-Haut-Clocher;352;9;361
60294;Hainvillers;84;2;86
60295;Halloy;461;1;462
60297;Le Hamel;169;3;172
60296;Hannaches;122;2;124
60298;Hanvoile;581;9;590
60299;Hardivillers;570;6;576
60300;Hardivillers-en-Vexin;128;4;132
60301;Haucourt;140;3;143
60302;Haudivillers;781;17;798
60303;Hautbos;128;6;134
60304;Haute-Épine;288;9;297
60305;Hautefontaine;254;17;271
60306;Hécourt;146;3;149
60307;Heilles;589;7;596
60308;Hémévillers;417;12;429
60309;Hénonville;773;17;790
60310;Herchies;635;14;649
60311;La Hérelle;178;0;178
60312;Héricourt-sur-Thérain;114;0;114
60313;Hermes;2440;26;2466
60314;Hétomesnil;207;4;211
60315;Hodenc-en-Bray;439;13;452
60316;Hodenc-l'Évêque;231;4;235
60317;Hondainville;606;5;611
60318;Houdancourt;542;11;553
60319;La Houssoye;616;15;631
60320;Ivors;229;8;237
60321;Ivry-le-Temple;660;11;671
60322;Jaméricourt;246;3;249
60323;Janville;702;9;711
60324;Jaulzy;933;22;955
60325;Jaux;2258;67;2325
60326;Jonquières;588;27;615
60327;Jouy-sous-Thelle;872;15;887
60328;Juvignies;283;3;286
60329;Laberlière;173;0;173
60330;Laboissière-en-Thelle;1263;19;1282
60331;Labosse;444;13;457
60332;Labruyère;651;11;662
60333;Lachapelle-aux-Pots;1638;55;1693
60334;Lachapelle-Saint-Pierre;856;23;879
60335;Lachapelle-sous-Gerberoy;162;11;173
60336;Lachaussée-du-Bois-d'Écu;196;7;203
60337;Lachelle;598;27;625
60338;Lacroix-Saint-Ouen;4451;244;4695
60339;Lafraye;346;6;352
60340;Lagny;491;7;498
60341;Lagny-le-Sec;1816;40;1856
60342;Laigneville;3828;78;3906
60343;Lalande-en-Son;680;11;691
60344;Lalandelle;454;10;464
60345;Lamécourt;218;0;218
60346;Lamorlaye;9294;216;9510
60347;Lannoy-Cuillère;217;5;222
60348;Larbroye;459;12;471
60350;Lassigny;1357;18;1375
60351;Lataule;123;3;126
60352;Lattainville;140;6;146
60353;Lavacquerie;221;2;223
60354;Laverrière;35;0;35
60355;Laversines;1115;59;1174
60356;Lavilletertre;504;12;516
60357;Léglantiers;520;5;525
60358;Lévignen;859;12;871
60359;Lhéraule;152;5;157
60360;Liancourt;7194;89;7283
60361;Liancourt-Saint-Pierre;550;7;557
60362;Libermont;202;5;207
60363;Lierville;226;6;232
60364;Lieuvillers;597;18;615
60365;Lihus;371;7;378
60366;Litz;341;3;344
60367;Loconville;330;2;332
60368;Longueil-Annel;2287;34;2321
60369;Longueil-Sainte-Marie;1617;33;1650
60370;Lormaison;1323;17;1340
60371;Loueuse;145;2;147
60372;Luchy;545;4;549
60373;Machemont;738;12;750
60374;Maignelay-Montigny;2485;33;2518
60375;Maimbeville;361;6;367
60376;Maisoncelle-Saint-Pierre;156;4;160
60377;Maisoncelle-Tuilerie;315;4;319
60703;Aux Marais;731;15;746
60378;Marest-sur-Matz;395;13;408
60379;Mareuil-la-Motte;597;18;615
60380;Mareuil-sur-Ourcq;1550;9;1559
60381;Margny-aux-Cerises;240;2;242
60382;Margny-lès-Compiègne;7735;186;7921
60383;Margny-sur-Matz;495;8;503
60385;Marolles;662;14;676
60386;Marquéglise;377;4;381
60387;Marseille-en-Beauvaisis;1157;9;1166
60388;Martincourt;149;2;151
60389;Maucourt;248;2;250
60390;Maulers;188;4;192
60391;Maysel;271;5;276
60392;Mélicocq;660;12;672
60393;Mello;403;7;410
60394;Ménévillers;96;1;97
60395;Méru;12813;187;13000
60396;Méry-la-Bataille;623;4;627
60397;Le Mesnil-Conteville;106;2;108
60398;Le Mesnil-en-Thelle;2297;23;2320
60399;Le Mesnil-Saint-Firmin;142;63;205
60400;Le Mesnil-sur-Bulles;237;2;239
60401;Le Mesnil-Théribus;783;43;826
60402;Le Meux;2036;99;2135
60403;Milly-sur-Thérain;1642;27;1669
60404;Mogneville;1476;43;1519
60405;Moliens;1040;18;1058
60406;Monceaux;740;20;760
60407;Monceaux-l'Abbaye;165;2;167
60408;Monchy-Humières;628;39;667
60409;Monchy-Saint-Éloi;2005;29;2034
60410;Mondescourt;269;5;274
60411;Monneville;830;10;840
60421;Mont-l'Évêque;446;12;458
60428;Le Mont-Saint-Adrien;581;17;598
60412;Montagny-en-Vexin;524;24;548
60413;Montagny-Sainte-Félicité;417;14;431
60414;Montataire;12265;133;12398
60415;Montépilloy;159;5;164
60416;Montgérain;156;0;156
60417;Montherlant;120;5;125
60418;Montiers;437;8;445
60420;Montjavoult;497;8;505
60422;Montlognon;226;10;236
60423;Montmacq;1128;24;1152
60424;Montmartin;210;7;217
60425;Montreuil-sur-Brêche;518;3;521
60426;Montreuil-sur-Thérain;225;1;226
60427;Monts;166;1;167
60429;Morangles;336;2;338
60430;Morienval;1037;25;1062
60431;Morlincourt;485;13;498
60432;Mortefontaine;865;24;889
60433;Mortefontaine-en-Thelle;831;9;840
60434;Mortemer;186;4;190
60435;Morvillers;435;16;451
60436;Mory-Montcrux;95;2;97
60437;Mouchy-le-Châtel;72;5;77
60438;Moulin-sous-Touvent;203;3;206
60439;Mouy;5284;90;5374
60440;Moyenneville;598;20;618
60441;Moyvillers;579;16;595
60442;Muidorge;148;1;149
60443;Muirancourt;549;10;559
60444;Mureaumont;155;2;157
60445;Nampcel;258;7;265
60446;Nanteuil-le-Haudouin;3250;96;3346
60447;Néry;720;13;733
60448;Neufchelles;365;5;370
60449;Neufvy-sur-Aronde;216;1;217
60450;Neuilly-en-Thelle;3096;35;3131
60451;Neuilly-sous-Clermont;1667;31;1698
60452;Neuville-Bosc;513;6;519
60453;La Neuville-d'Aumont;264;7;271
60454;La Neuville-en-Hez;968;14;982
60455;La Neuville-Garnier;277;3;280
60456;La Neuville-Roy;1018;6;1024
60457;La Neuville-Saint-Pierre;164;0;164
60458;La Neuville-sur-Oudeuil;296;16;312
60459;La Neuville-sur-Ressons;220;4;224
60460;La Neuville-Vault;150;6;156
60461;Nivillers;197;29;226
60462;Noailles;2675;53;2728
60463;Nogent-sur-Oise;19674;401;20075
60464;Nointel;1005;26;1031
60465;Noirémont;165;4;169
60466;Noroy;193;6;199
60468;Nourard-le-Franc;353;16;369
60469;Novillers;364;4;368
60470;Noyers-Saint-Martin;738;16;754
60471;Noyon;14240;385;14625
60472;Offoy;100;0;100
60473;Ognes;254;7;261
60474;Ognolles;271;1;272
60475;Ognon;124;0;124
60476;Omécourt;154;4;158
60477;Ons-en-Bray;1262;38;1300
60478;Ormoy-le-Davien;278;1;279
60479;Ormoy-Villers;642;7;649
60480;Oroër;529;11;540
60481;Orrouy;574;13;587
60482;Orry-la-Ville;3255;74;3329
60483;Orvillers-Sorel;523;67;590
60484;Oudeuil;239;7;246
60485;Oursel-Maison;251;7;258
60486;Paillart;615;3;618
60487;Parnes;389;4;393
60488;Passel;316;6;322
60489;Péroy-les-Gombries;1048;18;1066
60490;Pierrefitte-en-Beauvaisis;382;15;397
60491;Pierrefonds;2033;171;2204
60492;Pimprez;709;16;725
60493;Pisseleu;406;10;416
60494;Plailly;1636;27;1663
60495;Plainval;347;7;354
60496;Plainville;172;0;172
60497;Le Plessier-sur-Bulles;156;2;158
60498;Le Plessier-sur-Saint-Just;494;7;501
60500;Le Plessis-Belleville;3090;45;3135
60501;Le Plessis-Brion;1460;26;1486
60499;Plessis-de-Roye;229;11;240
60502;Le Plessis-Patte-d'Oie;83;2;85
60503;Le Ployron;100;5;105
60504;Ponchon;1093;24;1117
60506;Pont-l'Évêque;731;9;740
60509;Pont-Sainte-Maxence;12440;193;12633
60505;Pontarmé;701;13;714
60507;Pontoise-lès-Noyon;470;7;477
60508;Pontpoint;2877;50;2927
60510;Porcheux;286;3;289
60511;Porquéricourt;344;5;349
60512;Pouilly;167;8;175
60513;Précy-sur-Oise;3341;76;3417
60514;Prévillers;143;1;144
60515;Pronleroy;411;8;419
60516;Puiseux-en-Bray;400;3;403
60517;Puiseux-le-Hauberger;838;8;846
60518;Puits-la-Vallée;202;6;208
60519;Quesmy;197;2;199
60520;Le Quesnel-Aubry;159;5;164
60521;Quincampoix-Fleuzy;419;9;428
60522;Quinquempoix;330;7;337
60523;Rainvillers;862;30;892
60524;Rantigny;2559;36;2595
60525;Raray;150;0;150
60526;Ravenel;1128;8;1136
60527;Réez-Fosse-Martin;173;2;175
60528;Reilly;151;6;157
60529;Rémécourt;86;1;87
60530;Rémérangles;230;5;235
60531;Remy;1756;69;1825
60532;Ressons-l'Abbaye;103;1;104
60533;Ressons-sur-Matz;1571;59;1630
60534;Rethondes;709;28;737
60535;Reuil-sur-Brêche;266;3;269
60536;Rhuis;131;0;131
60537;Ribécourt-Dreslincourt;3912;181;4093
60538;Ricquebourg;206;4;210
60539;Rieux;1600;26;1626
60540;Rivecourt;551;7;558
60541;Roberval;366;5;371
60542;Rochy-Condé;832;9;841
60543;Rocquemont;98;3;101
60544;Rocquencourt;182;3;185
60545;Romescamps;525;6;531
60546;Rosières;131;0;131
60547;Rosoy;615;13;628
60548;Rosoy-en-Multien;485;1;486
60549;Rotangy;196;2;198
60550;Rothois;176;2;178
60551;Rousseloy;303;13;316
60552;Rouville;294;13;307
60553;Rouvillers;255;7;262
60554;Rouvres-en-Multien;475;6;481
60555;Rouvroy-les-Merles;75;61;136
60557;Roy-Boissy;336;5;341
60556;Royaucourt;218;1;219
60558;Roye-sur-Matz;423;8;431
60559;La Rue-Saint-Pierre;760;15;775
60560;Rully;721;30;751
60561;Russy-Bémont;179;3;182
60562;Sacy-le-Grand;1355;24;1379
60563;Sacy-le-Petit;566;13;579
60564;Sains-Morainvillers;267;2;269
60565;Saint-André-Farivillers;510;8;518
60566;Saint-Arnoult;175;5;180
60567;Saint-Aubin-en-Bray;1101;35;1136
60568;Saint-Aubin-sous-Erquery;313;6;319
60569;Saint-Crépin-aux-Bois;252;13;265
60570;Saint-Crépin-Ibouvillers;1173;13;1186
60571;Saint-Deniscourt;81;5;86
60572;Saint-Étienne-Roilaye;325;9;334
60574;Saint-Félix;515;7;522
60576;Saint-Germain-la-Poterie;411;17;428
60577;Saint-Germer-de-Fly;1745;36;1781
60579;Saint-Jean-aux-Bois;319;23;342
60581;Saint-Just-en-Chaussée;5519;92;5611
60582;Saint-Léger-aux-Bois;853;13;866
60583;Saint-Léger-en-Bray;308;15;323
60584;Saint-Leu-d'Esserent;4724;102;4826
60585;Saint-Martin-aux-Bois;294;1;295
60586;Saint-Martin-le-Noeud;1057;31;1088
60587;Saint-Martin-Longueau;1468;26;1494
60588;Saint-Maur;389;6;395
60589;Saint-Maximin;2510;146;2656
60590;Saint-Omer-en-Chaussée;1309;22;1331
60591;Saint-Paul;1541;51;1592
60592;Saint-Pierre-es-Champs;676;4;680
60593;Saint-Pierre-lès-Bitry;132;0;132
60594;Saint-Quentin-des-Prés;274;6;280
60595;Saint-Remy-en-l'Eau;407;7;414
60596;Saint-Samson-la-Poterie;247;2;249
60597;Saint-Sauveur;1582;80;1662
60598;Saint-Sulpice;937;112;1049
60599;Saint-Thibault;252;5;257
60600;Saint-Vaast-de-Longmont;595;14;609
60601;Saint-Vaast-lès-Mello;890;16;906
60602;Saint-Valery;54;0;54
60573;Sainte-Eusoye;240;5;245
60575;Sainte-Geneviève;2639;48;2687
60578;Saintines;894;12;906
60603;Salency;905;15;920
60604;Sarcus;264;3;267
60605;Sarnois;302;3;305
60608;Le Saulchoy;105;1;106
60609;Savignies;761;17;778
60610;Sempigny;795;17;812
60611;Senantes;665;9;674
60612;Senlis;16310;622;16932
60613;Senots;308;15;323
60614;Serans;224;2;226
60615;Sérévillers;114;3;117
60616;Sérifontaine;2531;45;2576
60617;Sermaize;236;7;243
60618;Séry-Magneval;293;6;299
60619;Silly-le-Long;1139;16;1155
60620;Silly-Tillard;462;9;471
60621;Solente;116;2;118
60622;Sommereux;391;5;396
60623;Songeons;1113;73;1186
60624;Sully;151;5;156
60625;Suzoy;522;6;528
60626;Talmontiers;723;13;736
60627;Tartigny;244;0;244
60628;Therdonne;899;17;916
60629;Thérines;184;4;188
60630;Thibivillers;201;2;203
60631;Thiers-sur-Thève;1085;27;1112
60632;Thiescourt;727;16;743
60633;Thieuloy-Saint-Antoine;336;2;338
60634;Thieux;414;2;416
60635;Thiverny;964;21;985
60636;Thourotte;4798;121;4919
60637;Thury-en-Valois;480;7;487
60638;Thury-sous-Clermont;671;9;680
60639;Tillé;1057;18;1075
60640;Tourly;189;4;193
60641;Tracy-le-Mont;1706;35;1741
60642;Tracy-le-Val;874;25;899
60643;Tricot;1436;24;1460
60644;Trie-Château;1516;19;1535
60645;Trie-la-Ville;335;12;347
60646;Troissereux;1129;48;1177
60647;Trosly-Breuil;2042;58;2100
60648;Troussencourt;332;6;338
60649;Troussures;188;6;194
60650;Trumilly;548;8;556
60651;Ully-Saint-Georges;1883;42;1925
60652;Valdampierre;900;15;915
60653;Valescourt;279;2;281
60654;Vandélicourt;227;5;232
60655;Varesnes;392;18;410
60656;Varinfroy;239;8;247
60657;Vauchelles;307;3;310
60658;Vauciennes;574;13;587
60659;Vaudancourt;163;3;166
60660;Le Vaumain;346;4;350
60661;Vaumoise;838;131;969
60662;Le Vauroux;473;16;489
60663;Velennes;260;3;263
60664;Vendeuil-Caply;433;11;444
60665;Venette;2701;115;2816
60666;Ver-sur-Launette;1143;27;1170
60667;Verberie;3466;95;3561
60668;Verderel-lès-Sauqueuse;764;13;777
60669;Verderonne;503;12;515
60670;Verneuil-en-Halatte;4398;120;4518
60671;Versigny;368;10;378
60672;Vez;323;7;330
60673;Viefvillers;177;0;177
60674;Vieux-Moulin;614;20;634
60675;Vignemont;383;12;395
60676;Ville;767;5;772
60677;Villembray;244;1;245
60678;Villeneuve-les-Sablons;1247;18;1265
60679;La Villeneuve-sous-Thury;173;0;173
60680;Villeneuve-sur-Verberie;688;14;702
60681;Villers-Saint-Barthélemy;465;19;484
60682;Villers-Saint-Frambourg;606;31;637
60683;Villers-Saint-Genest;392;10;402
60684;Villers-Saint-Paul;5864;75;5939
60685;Villers-Saint-Sépulcre;866;22;888
60686;Villers-sous-Saint-Leu;2122;46;2168
60687;Villers-sur-Auchy;339;1;340
60688;Villers-sur-Bonnières;164;5;169
60689;Villers-sur-Coudun;1395;45;1440
60690;Villers-sur-Trie;349;4;353
60691;Villers-Vermont;110;2;112
60692;Villers-Vicomte;153;5;158
60693;Villeselve;391;7;398
60694;Villotran;282;12;294
60695;Vineuil-Saint-Firmin;1517;38;1555
60697;Vrocourt;41;0;41
60698;Wacquemoulin;289;1;290
60699;Wambez;154;1;155
60700;Warluis;1140;36;1176
60701;Wavignies;1069;11;1080
60702;Welles-Pérennes;238;4;242
61214;L' Aigle;8508;253;8761
61001;Alençon;27942;1162;29104
61002;Almenêches;696;13;709
61003;Anceins;220;1;221
61004;Antoigny;113;6;119
61005;Appenai-sous-Bellême;234;3;237
61006;Argentan;14642;590;15232
61422;Les Aspres;676;13;689
61007;Athis-de-l'Orne;2602;68;2670
61008;Aube;1444;58;1502
61009;Aubry-en-Exmes;274;6;280
61010;Aubry-le-Panthou;98;3;101
61011;Aubusson;399;14;413
61012;Auguaise;142;3;145
61013;Aunay-les-Bois;155;3;158
61014;Aunou-le-Faucon;264;17;281
61015;Aunou-sur-Orne;255;11;266
61016;Autheuil;143;1;144
61017;Les Authieux-du-Puits;67;2;69
61018;Avernes-Saint-Gourgon;68;2;70
61019;Avernes-sous-Exmes;70;0;70
61020;Avoine;245;6;251
61021;Avrilly;123;2;125
61483;Bagnoles-de-l'Orne;2541;76;2617
61023;Bailleul;614;21;635
61024;Banvou;601;9;610
61025;La Baroche-sous-Lucé;388;15;403
61026;Barville;193;6;199
61027;Batilly;175;1;176
61028;Bazoches-au-Houlme;412;9;421
61029;Bazoches-sur-Hoëne;917;11;928
61030;La Bazoque;239;10;249
61031;Beauchêne;235;1;236
61032;Beaufai;337;6;343
61033;Beaulandais;151;5;156
61034;Beaulieu;207;7;214
61035;Beauvain;277;11;288
61036;Belfonds;178;4;182
61037;Bellavilliers;164;0;164
61038;Bellême;1576;21;1597
61039;La Bellière;108;6;114
61040;Bellou-en-Houlme;1063;21;1084
61041;Bellou-le-Trichard;242;6;248
61042;Bellou-sur-Huisne;432;10;442
61043;Berd'huis;1073;33;1106
61044;Berjou;475;18;493
61045;Bivilliers;65;0;65
61046;Bizou;126;4;130
61047;Bocquencé;159;2;161
61048;Boëcé;133;1;134
61049;Boissei-la-Lande;121;4;125
61050;Boissy-Maugis;401;10;411
61051;Boitron;324;4;328
61052;Bonnefoi;164;2;166
61053;Bonsmoulins;219;3;222
61054;Le Bosc-Renoult;232;1;233
61055;Boucé;586;11;597
61056;Le Bouillon;144;5;149
61057;Le Bourg-Saint-Léonard;429;18;447
61058;Bréel;135;1;136
61059;Bresolettes;18;2;20
61060;Brethel;123;3;126
61061;Bretoncelles;1408;24;1432
61062;Brieux;94;3;97
61063;Briouze;1600;66;1666
61064;Brullemail;108;6;114
61065;Bubertré;153;2;155
61066;Buré;114;5;119
61067;Bures;174;5;179
61068;Bursard;195;7;202
61069;Cahan;203;1;204
61070;Caligny;847;31;878
61071;Camembert;217;9;226
61072;Canapville;186;2;188
61073;La Carneille;561;11;572
61074;Carrouges;733;15;748
61075;Ceaucé;1206;36;1242
61076;Le Cercueil;147;3;150
61077;Cerisé;747;21;768
61078;Cerisy-Belle-Étoile;748;46;794
61079;Ceton;1926;23;1949
61080;Chahains;99;2;101
61081;Chailloué;522;7;529
61082;Le Chalange;79;0;79
61083;Chambois;414;5;419
61085;Le Champ-de-la-Pierre;29;0;29
61088;Champ-Haut;52;4;56
61084;Champcerie;125;4;129
61086;Les Champeaux;124;6;130
61087;Champeaux-sur-Sarthe;178;6;184
61089;Champosoult;107;0;107
61090;Champs;108;1;109
61091;Champsecret;1032;29;1061
61092;Chandai;643;18;661
61093;Chanu;1276;20;1296
61094;La Chapelle-au-Moine;606;27;633
61095;La Chapelle-Biche;486;20;506
61096;La Chapelle-d'Andaine;1561;63;1624
61097;La Chapelle-Montligeon;654;16;670
61098;La Chapelle-près-Sées;381;34;415
61099;La Chapelle-Souëf;290;4;294
61100;La Chapelle-Viel;260;12;272
61101;Le Château-d'Almenêches;178;5;183
61102;Le Châtellier;380;10;390
61103;Chaumont;161;3;164
61104;La Chaux;58;1;59
61105;Chemilli;241;4;245
61106;Chênedouit;171;5;176
61107;Ciral;426;12;438
61108;Cisai-Saint-Aubin;190;2;192
61109;Clairefougère;109;3;112
61110;La Cochère;153;5;158
61111;Colombiers;340;10;350
61112;Colonard-Corubert;251;11;262
61113;Comblot;72;3;75
61114;Commeaux;139;6;145
61116;Condé-sur-Huisne;1251;26;1277
61117;Condé-sur-Sarthe;2149;83;2232
61115;Condeau;397;10;407
61118;Corbon;132;0;132
61120;Coudehard;84;2;86
61121;Coulimer;284;5;289
61122;Coulmer;91;4;95
61123;Coulonces;206;6;212
61124;La Coulonche;505;3;508
61125;Coulonges-les-Sablons;398;12;410
61126;Coulonges-sur-Sarthe;496;8;504
61127;La Courbe;63;0;63
61128;Courcerault;173;0;173
61129;Courgeon;355;2;357
61130;Courgeoût;455;9;464
61131;Courménil;123;5;128
61133;Courtomer;729;10;739
61135;Couterne;1025;24;1049
61136;Couvains;206;5;211
61137;Craménil;163;2;165
61138;Croisilles;205;4;209
61139;Crouttes;288;6;294
61140;Crulai;924;32;956
61141;Cuissai;408;22;430
61142;Dame-Marie;171;4;175
61143;Damigny;2867;123;2990
61144;Dancé;379;18;397
61145;Domfront;3936;125;4061
61146;Dompierre;335;8;343
61147;Dorceau;410;14;424
61148;Durcet;240;3;243
61149;Échalou;344;6;350
61150;Échauffour;770;9;779
61151;Écorcei;334;7;341
61152;Écorches;97;6;103
61153;Écouché;1389;32;1421
61154;Eperrais;116;2;118
61155;L' Épinay-le-Comte;183;7;190
61156;Essay;517;5;522
61157;Exmes;304;4;308
61158;Faverolles;148;4;152
61159;Fay;61;2;63
61160;Feings;220;7;227
61161;Fel;263;7;270
61162;La Ferrière-au-Doyen;201;8;209
61163;La Ferrière-aux-Étangs;1576;38;1614
61164;La Ferrière-Béchet;208;5;213
61165;La Ferrière-Bochard;696;11;707
61166;Ferrières-la-Verrerie;210;3;213
61167;La Ferté-Frênel;709;8;717
61168;La Ferté-Macé;6102;423;6525
61169;Flers;15808;507;16315
61170;Fleuré;240;13;253
61171;Fontaine-les-Bassets;115;2;117
61172;Fontenai-les-Louvets;248;10;258
61173;Fontenai-sur-Orne;258;12;270
61174;La Forêt-Auvray;198;4;202
61175;Forges;237;11;248
61176;Francheville;123;2;125
61177;Frênes;794;21;815
61178;La Fresnaie-Fayel;55;2;57
61180;Fresnay-le-Samson;110;1;111
61179;La Fresnaye-au-Sauvage;226;1;227
61181;Gacé;2110;70;2180
61182;Gandelain;417;8;425
61183;Gâprée;138;4;142
61184;Gauville;563;14;577
61185;Gémages;114;3;117
61186;Geneslay;268;3;271
61187;Les Genettes;172;6;178
61188;La Genevraie;103;5;108
61189;Giel-Courteilles;506;327;833
61190;Ginai;81;2;83
61191;Glos-la-Ferrière;560;12;572
61192;Godisson;108;1;109
61193;La Gonfrière;283;9;292
61194;Goulet;349;7;356
61195;Le Grais;197;8;205
61196;Le Gué-de-la-Chaîne;754;16;770
61197;Guêprei;142;5;147
61198;Guerquesalles;134;6;140
61199;Habloville;315;9;324
61200;Haleine;258;82;340
61201;La Haute-Chapelle;625;21;646
61202;Hauterive;469;8;477
61203;Héloup;966;35;1001
61204;L' Hermitière;270;7;277
61205;Heugon;222;2;224
61206;L' Hôme-Chamondot;215;3;218
61207;Igé;688;13;701
61208;Irai;535;11;546
61209;Joué-du-Bois;438;5;443
61210;Joué-du-Plain;251;4;255
61211;Juvigny-sous-Andaine;1058;21;1079
61212;Juvigny-sur-Orne;101;2;103
61213;Lalacelle;268;7;275
61215;Laleu;375;5;380
61216;La Lande-de-Goult;134;8;142
61217;La Lande-de-Lougé;54;0;54
61218;La Lande-Patry;1779;38;1817
61219;La Lande-Saint-Siméon;140;3;143
61220;La Lande-sur-Eure;168;12;180
61221;Landigou;484;12;496
61222;Landisacq;753;25;778
61223;Larchamp;292;7;299
61224;Larré;407;14;421
61225;Lignères;31;1;32
61226;Lignerolles;167;4;171
61227;Lignou;137;1;138
61228;Livaie;178;2;180
61229;Loisail;133;2;135
61230;Longny-au-Perche;1625;23;1648
61231;Longuenoë;119;3;122
61232;Lonlay-l'Abbaye;1201;23;1224
61233;Lonlay-le-Tesson;245;8;253
61234;Lonrai;963;38;1001
61235;Loré;159;3;162
61236;Loucé;96;2;98
61237;Lougé-sur-Maire;383;6;389
61238;Louvières-en-Auge;83;3;86
61239;Lucé;93;0;93
61240;Macé;494;9;503
61241;La Madeleine-Bouvet;388;3;391
61242;Le Mage;264;3;267
61243;Magny-le-Désert;1439;45;1484
61244;Mahéru;254;7;261
61245;Maison-Maugis;55;0;55
61246;Mâle;764;19;783
61247;Malétable;102;0;102
61248;Mantilly;613;20;633
61249;Marcei;204;3;207
61250;Marchainville;210;6;216
61251;Marchemaisons;158;3;161
61252;Mardilly;129;1;130
61253;Marmouillé;140;2;142
61255;Mauves-sur-Huisne;638;25;663
61256;Médavy;154;9;163
61257;Méhoudin;110;2;112
61258;Le Mêle-sur-Sarthe;777;11;788
61259;Le Ménil-Bérard;71;3;74
61261;Le Ménil-Broût;180;4;184
61262;Le Ménil-Ciboult;117;6;123
61260;Le Ménil-de-Briouze;512;15;527
61263;Ménil-Erreux;233;1;234
61264;Ménil-Froger;66;0;66
61265;Ménil-Gondouin;174;4;178
61266;Le Ménil-Guyon;86;1;87
61267;Ménil-Hermei;190;4;194
61268;Ménil-Hubert-en-Exmes;114;0;114
61269;Ménil-Hubert-sur-Orne;385;3;388
61270;Ménil-Jean;104;6;110
61271;Le Ménil-Scelleur;112;1;113
61272;Le Ménil-Vicomte;47;0;47
61273;Ménil-Vin;65;0;65
61274;Les Menus;191;3;194
61275;Le Merlerault;915;29;944
61276;Merri;153;3;156
61277;La Mesnière;313;7;320
61278;Messei;1937;66;2003
61279;Mieuxcé;585;21;606
61280;Monceaux-au-Perche;84;1;85
61281;Moncy;228;8;236
61282;Monnai;218;9;227
61289;Mont-Ormel;56;1;57
61283;Montabard;304;7;311
61284;Montchevrel;225;1;226
61285;Montgaroult;347;10;357
61286;Montgaudry;116;2;118
61287;Montilly-sur-Noireau;760;28;788
61288;Montmerrei;426;9;435
61290;Montreuil-au-Houlme;120;4;124
61291;Montreuil-la-Cambe;84;2;86
61292;Montsecret;570;16;586
61293;Mortagne-au-Perche;4156;314;4470
61294;Mortrée;1000;26;1026
61295;La Motte-Fouquet;170;0;170
61296;Moulicent;286;6;292
61297;Moulins-la-Marche;784;8;792
61298;Moulins-sur-Orne;299;18;317
61299;Moussonvilliers;218;7;225
61300;Moutiers-au-Perche;444;13;457
61301;Neauphe-sous-Essai;209;3;212
61302;Neauphe-sur-Dive;134;6;140
61303;Nécy;494;8;502
61304;Neuilly-le-Bisson;253;6;259
61305;Neuilly-sur-Eure;518;15;533
61306;Neuville-près-Sées;119;3;122
61307;Neuville-sur-Touques;245;4;249
61308;Neuvy-au-Houlme;233;5;238
61309;Nocé;779;11;790
61310;Nonant-le-Pin;551;39;590
61311;Normandel;103;1;104
61313;Notre-Dame-du-Rocher;62;0;62
61314;Occagnes;567;18;585
61315;Omméel;110;2;112
61316;Ommoy;115;1;116
61317;Orgères;175;5;180
61318;Origny-le-Butin;114;2;116
61319;Origny-le-Roux;271;12;283
61320;Orville;97;1;98
61321;Pacé;376;7;383
61322;Parfondeval;105;1;106
61323;Le Pas-Saint-l'Homer;115;1;116
61324;Passais;792;28;820
61325;La Perrière;287;8;295
61326;Perrou;396;11;407
61327;Pervenchères;392;6;398
61328;Le Pin-au-Haras;357;8;365
61329;Le Pin-la-Garenne;638;9;647
61330;Planches;182;5;187
61331;Le Plantis;143;0;143
61332;Pointel;384;52;436
61333;Pontchardon;237;2;239
61335;La Poterie-au-Perche;147;2;149
61336;Pouvrai;110;2;112
61337;Préaux-du-Perche;554;24;578
61338;Prépotin;110;3;113
61339;Putanges-Pont-Écrepin;1028;8;1036
61340;Rabodanges;167;2;169
61341;Radon;1003;37;1040
61342;Rai;1628;43;1671
61343;Randonnai;799;9;808
61344;Rânes;1035;22;1057
61345;Rémalard;1263;24;1287
61346;Le Renouard;187;10;197
61347;Résenlieu;188;3;191
61348;Réveillon;353;4;357
61349;Ri;177;2;179
61350;La Roche-Mabile;139;0;139
61351;Roiville;116;1;117
61352;Rônai;161;1;162
61353;Ronfeugerai;303;6;309
61354;Les Rotours;90;2;92
61355;Rouellé;200;4;204
61356;La Rouge;637;16;653
61357;Rouperroux;176;2;178
61358;Sai;200;14;214
61359;Saint-Agnan-sur-Erre;167;4;171
61360;Saint-Agnan-sur-Sarthe;110;3;113
61361;Saint-André-de-Briouze;182;1;183
61362;Saint-André-de-Messei;532;23;555
61363;Saint-Aquilin-de-Corbion;75;2;77
61364;Saint-Aubert-sur-Orne;116;5;121
61365;Saint-Aubin-d'Appenai;412;7;419
61366;Saint-Aubin-de-Bonneval;159;5;164
61367;Saint-Aubin-de-Courteraie;140;10;150
61368;Saint-Aubin-des-Grois;63;0;63
61369;Saint-Bômer-les-Forges;1000;29;1029
61370;Saint-Brice;152;9;161
61371;Saint-Brice-sous-Rânes;166;1;167
61372;Saint-Céneri-le-Gérei;147;2;149
61374;Saint-Christophe-de-Chaulieu;116;3;119
61375;Saint-Christophe-le-Jajolet;235;7;242
61376;Saint-Clair-de-Halouze;865;22;887
61377;Saint-Cornier-des-Landes;695;17;712
61379;Saint-Cyr-la-Rosière;251;3;254
61380;Saint-Denis-de-Villenette;145;7;152
61381;Saint-Denis-sur-Huisne;62;2;64
61382;Saint-Denis-sur-Sarthon;1163;25;1188
61383;Saint-Didier-sous-Écouves;150;2;152
61384;Saint-Ellier-les-Bois;251;5;256
61385;Saint-Evroult-de-Montfort;310;6;316
61386;Saint-Evroult-Notre-Dame-du-Bois;439;29;468
61387;Saint-Fraimbault;622;13;635
61388;Saint-Fulgent-des-Ormes;164;2;166
61390;Saint-Georges-d'Annebecq;158;8;166
61391;Saint-Georges-des-Groseillers;3184;145;3329
61392;Saint-Germain-d'Aunay;170;3;173
61393;Saint-Germain-de-Clairefeuille;162;4;166
61394;Saint-Germain-de-la-Coudre;862;18;880
61396;Saint-Germain-de-Martigny;94;1;95
61395;Saint-Germain-des-Grois;225;11;236
61397;Saint-Germain-du-Corbéis;3631;147;3778
61398;Saint-Germain-le-Vieux;58;2;60
61399;Saint-Gervais-des-Sablons;68;0;68
61400;Saint-Gervais-du-Perron;315;8;323
61401;Saint-Gilles-des-Marais;94;6;100
61402;Saint-Hilaire-de-Briouze;284;3;287
61403;Saint-Hilaire-la-Gérard;106;3;109
61404;Saint-Hilaire-le-Châtel;690;32;722
61405;Saint-Hilaire-sur-Erre;592;14;606
61406;Saint-Hilaire-sur-Risle;315;1;316
61409;Saint-Jean-de-la-Forêt;129;7;136
61410;Saint-Jean-des-Bois;186;9;195
61411;Saint-Jouin-de-Blavou;285;8;293
61412;Saint-Julien-sur-Sarthe;662;10;672
61413;Saint-Lambert-sur-Dive;148;1;149
61414;Saint-Langis-lès-Mortagne;905;25;930
61415;Saint-Léger-sur-Sarthe;335;4;339
61416;Saint-Léonard-des-Parcs;68;5;73
61417;Saint-Loyer-des-Champs;374;4;378
61418;Saint-Mard-de-Réno;433;13;446
61421;Saint-Mars-d'Égrenne;723;21;744
61423;Saint-Martin-d'Écublei;568;11;579
61424;Saint-Martin-des-Landes;193;9;202
61425;Saint-Martin-des-Pézerits;110;3;113
61426;Saint-Martin-du-Vieux-Bellême;632;17;649
61427;Saint-Martin-l'Aiguillon;184;3;187
61428;Saint-Maurice-du-Désert;688;31;719
61429;Saint-Maurice-lès-Charencey;546;24;570
61430;Saint-Maurice-sur-Huisne;71;1;72
61431;Saint-Michel-des-Andaines;318;10;328
61432;Saint-Michel-Tuboeuf;593;18;611
61435;Saint-Nicolas-de-Sommaire;268;5;273
61433;Saint-Nicolas-des-Bois;254;7;261
61434;Saint-Nicolas-des-Laitiers;91;2;93
61437;Saint-Ouen-de-la-Cour;64;2;66
61438;Saint-Ouen-de-Sécherouvre;191;2;193
61439;Saint-Ouen-le-Brisoult;138;7;145
61440;Saint-Ouen-sur-Iton;861;25;886
61441;Saint-Ouen-sur-Maire;109;2;111
61442;Saint-Patrice-du-Désert;181;8;189
61443;Saint-Paul;648;16;664
61444;Saint-Philbert-sur-Orne;131;0;131
61445;Saint-Pierre-d'Entremont;699;24;723
61446;Saint-Pierre-des-Loges;156;4;160
61447;Saint-Pierre-du-Regard;1252;16;1268
61448;Saint-Pierre-la-Bruyère;421;11;432
61449;Saint-Pierre-la-Rivière;171;0;171
61450;Saint-Quentin-de-Blavou;71;3;74
61451;Saint-Quentin-les-Chardonnets;287;8;295
61452;Saint-Roch-sur-Égrenne;203;5;208
61453;Saint-Sauveur-de-Carrouges;259;12;271
61455;Saint-Siméon;269;7;276
61456;Saint-Sulpice-sur-Risle;1650;40;1690
61457;Saint-Symphorien-des-Bruyères;482;21;503
61458;Saint-Victor-de-Réno;202;4;206
61373;Sainte-Céronne-lès-Mortagne;284;15;299
61378;Sainte-Croix-sur-Orne;78;3;81
61389;Sainte-Gauburge-Sainte-Colombe;1156;22;1178
61407;Sainte-Honorine-la-Chardonne;691;21;712
61408;Sainte-Honorine-la-Guillaume;364;8;372
61419;Sainte-Marguerite-de-Carrouges;214;1;215
61420;Sainte-Marie-la-Robert;86;3;89
61436;Sainte-Opportune;221;5;226
61454;Sainte-Scolasse-sur-Sarthe;602;6;608
61459;Saires-la-Verrerie;287;14;301
61460;Le Sap;936;21;957
61461;Le Sap-André;133;3;136
61462;Sarceaux;914;31;945
61463;La Sauvagère;940;9;949
61464;Sées;4582;460;5042
61465;Ségrie-Fontaine;403;8;411
61466;La Selle-la-Forge;1292;48;1340
61467;Semallé;382;18;400
61468;Sentilly;143;15;158
61469;Sept-Forges;286;3;289
61470;Serans;213;9;222
61471;Sérigny;376;14;390
61472;Sévigny;327;13;340
61473;Sevrai;218;8;226
61474;Silly-en-Gouffern;437;10;447
61475;Soligny-la-Trappe;710;22;732
61476;Suré;284;2;286
61477;Survie;152;6;158
61478;Taillebois;157;4;161
61479;Tanques;168;5;173
61480;Tanville;263;3;266
61481;Tellières-le-Plessis;71;0;71
61482;Tessé-Froulay;375;15;390
61484;Le Theil;1920;40;1960
61485;Ticheville;223;9;232
61486;Tinchebray;2642;113;2755
61487;Torchamp;282;0;282
61488;Touquettes;82;2;84
61489;Les Tourailles;75;5;80
61490;Tournai-sur-Dive;313;8;321
61491;Tourouvre;1651;37;1688
61492;Trémont;101;2;103
61493;La Trinité-des-Laitiers;91;0;91
61494;Trun;1325;58;1383
61496;Urou-et-Crennes;691;22;713
61497;Valframbert;1558;65;1623
61498;Vaunoise;110;1;111
61499;Les Ventes-de-Bourse;146;2;148
61500;La Ventrouze;136;1;137
61501;Verrières;413;15;428
61502;Vidai;73;1;74
61503;Vieux-Pont;213;4;217
61504;Villebadin;147;2;149
61505;Villedieu-lès-Bailleul;240;8;248
61506;Villers-en-Ouche;344;3;347
61507;Villiers-sous-Mortagne;324;6;330
61508;Vimoutiers;3918;201;4119
61509;Vingt-Hanaps;430;8;438
61510;Vitrai-sous-Laigle;223;8;231
61511;Vrigny;337;4;341
61512;Les Yveteaux;120;1;121
61513;Yvrandes;164;0;164
62001;Ablain-Saint-Nazaire;1903;28;1931
62002;Ablainzevelle;191;3;194
62003;Acheville;594;9;603
62004;Achicourt;7625;140;7765
62005;Achiet-le-Grand;1053;12;1065
62006;Achiet-le-Petit;326;2;328
62007;Acq;449;17;466
62008;Acquin-Westbécourt;665;12;677
62009;Adinfer;216;1;217
62010;Affringues;219;6;225
62011;Agnez-lès-Duisans;677;28;705
62012;Agnières;216;4;220
62013;Agny;1888;33;1921
62014;Aire-sur-la-Lys;9645;331;9976
62015;Airon-Notre-Dame;197;2;199
62016;Airon-Saint-Vaast;218;8;226
62017;Aix-en-Ergny;148;0;148
62018;Aix-en-Issart;266;2;268
62019;Aix-Noulette;3754;56;3810
62020;Alembon;516;5;521
62021;Alette;311;6;317
62022;Alincthun;355;8;363
62023;Allouagne;3057;75;3132
62024;Alquines;861;13;874
62025;Ambleteuse;1825;33;1858
62026;Ambricourt;114;3;117
62027;Ambrines;207;1;208
62028;Ames;569;6;575
62029;Amettes;502;1;503
62030;Amplier;291;3;294
62031;Andres;1531;13;1544
62032;Angres;4054;75;4129
62033;Annay;4389;30;4419
62034;Annequin;2331;18;2349
62035;Annezin;5481;65;5546
62036;Anvin;832;18;850
62037;Anzin-Saint-Aubin;2692;108;2800
62038;Ardres;4193;74;4267
62039;Arleux-en-Gohelle;824;23;847
62040;Arques;9656;159;9815
62041;Arras;42672;1611;44283
62042;Athies;993;17;1010
62043;Les Attaques;2039;21;2060
62044;Attin;752;8;760
62045;Aubigny-en-Artois;1306;28;1334
62046;Aubin-Saint-Vaast;795;12;807
62047;Aubrometz;147;2;149
62048;Auchel;11225;119;11344
62049;Auchy-au-Bois;433;2;435
62050;Auchy-lès-Hesdin;1756;13;1769
62051;Auchy-les-Mines;4444;42;4486
62052;Audembert;398;9;407
62053;Audincthun;651;15;666
62054;Audinghen;580;9;589
62055;Audrehem;429;5;434
62056;Audresselles;709;2;711
62057;Audruicq;4636;100;4736
62058;Aumerval;191;0;191
62059;Autingues;309;6;315
62060;Auxi-le-Château;2956;64;3020
62061;Averdoingt;265;5;270
62062;Avesnes;35;1;36
62063;Avesnes-le-Comte;2072;33;2105
62064;Avesnes-lès-Bapaume;142;5;147
62065;Avion;17653;166;17819
62066;Avondance;38;0;38
62067;Avroult;531;12;543
62068;Ayette;326;8;334
62069;Azincourt;291;2;293
62070;Bailleul-aux-Cornailles;252;12;264
62071;Bailleul-lès-Pernes;349;8;357
62073;Bailleul-Sir-Berthoult;1269;27;1296
62072;Bailleulmont;242;2;244
62074;Bailleulval;269;6;275
62075;Baincthun;1364;42;1406
62076;Bainghen;155;2;157
62077;Bajus;296;5;301
62078;Balinghem;1024;16;1040
62079;Bancourt;79;1;80
62080;Bapaume;4132;259;4391
62081;Baralle;490;9;499
62082;Barastre;243;5;248
62083;Barlin;7619;46;7665
62084;Barly;245;4;249
62085;Basseux;145;4;149
62086;Bavincourt;351;9;360
62087;Bayenghem-lès-Éperlecques;921;15;936
62088;Bayenghem-lès-Seninghem;332;7;339
62089;Bazinghen;418;13;431
62090;Béalencourt;117;4;121
62091;Beaudricourt;99;3;102
62092;Beaufort-Blavincourt;430;7;437
62093;Beaulencourt;202;2;204
62094;Beaumerie-Saint-Martin;355;9;364
62095;Beaumetz-lès-Aire;220;3;223
62096;Beaumetz-lès-Cambrai;525;11;536
62097;Beaumetz-lès-Loges;1001;15;1016
62099;Beaurains;5066;120;5186
62100;Beaurainville;1931;47;1978
62881;Beauvoir-Wavans;390;8;398
62101;Beauvois;127;2;129
62102;Bécourt;280;3;283
62103;Béhagnies;131;4;135
62105;Belle-et-Houllefort;525;15;540
62104;Bellebrune;332;10;342
62106;Bellonne;257;7;264
62107;Bénifontaine;299;3;302
62108;Berck;15341;460;15801
62109;Bergueneuse;219;7;226
62111;Berlencourt-le-Cauroy;272;114;386
62112;Berles-au-Bois;499;6;505
62113;Berles-Monchel;457;11;468
62114;Bermicourt;152;2;154
62115;Berneville;434;13;447
62116;Bernieulles;199;8;207
62117;Bertincourt;932;21;953
62118;Béthonsart;163;2;165
62119;Béthune;25982;696;26678
62120;Beugin;443;9;452
62121;Beugnâtre;129;3;132
62122;Beugny;329;6;335
62123;Beussent;479;9;488
62124;Beutin;506;10;516
62125;Beuvrequen;414;12;426
62126;Beuvry;9031;172;9203
62127;Bezinghem;330;3;333
62128;Biache-Saint-Vaast;3872;27;3899
62129;Biefvillers-lès-Bapaume;100;1;101
62130;Bienvillers-au-Bois;604;13;617
62131;Bihucourt;358;8;366
62132;Billy-Berclau;4280;45;4325
62133;Billy-Montigny;7964;51;8015
62134;Bimont;123;9;132
62135;Blairville;308;5;313
62137;Blangerval-Blangermont;92;2;94
62138;Blangy-sur-Ternoise;745;13;758
62139;Blendecques;5090;116;5206
62140;Bléquin;343;4;347
62141;Blessy;801;9;810
62142;Blingel;98;7;105
62143;Boffles;46;3;49
62144;Boiry-Becquerelle;409;11;420
62145;Boiry-Notre-Dame;436;6;442
62146;Boiry-Saint-Martin;299;4;303
62147;Boiry-Sainte-Rictrude;363;8;371
62148;Bois-Bernard;822;10;832
62149;Boisdinghem;214;3;217
62150;Boisjean;437;6;443
62151;Boisleux-au-Mont;495;11;506
62152;Boisleux-Saint-Marc;190;2;192
62153;Bomy;603;4;607
62154;Bonnières;615;31;646
62155;Bonningues-lès-Ardres;615;9;624
62156;Bonningues-lès-Calais;606;24;630
62157;Boubers-lès-Hesmond;69;4;73
62158;Boubers-sur-Canche;597;15;612
62661;Bouin-Plumoison;461;10;471
62160;Boulogne-sur-Mer;43840;786;44626
62161;Bouquehault;674;6;680
62162;Bourecq;530;3;533
62163;Bouret-sur-Canche;247;11;258
62164;Bourlon;1211;30;1241
62165;Bournonville;226;3;229
62166;Bours;554;11;565
62167;Boursin;244;5;249
62168;Bourthes;661;8;669
62169;Bouvelinghem;179;7;186
62170;Bouvigny-Boyeffles;2449;94;2543
62171;Boyaval;130;0;130
62172;Boyelles;234;2;236
62173;Brebières;4929;43;4972
62174;Brêmes;1311;22;1333
62175;Brévillers;125;3;128
62176;Bréxent-Énocq;619;18;637
62180;Brias;282;7;289
62177;Brimeux;738;17;755
62178;Bruay-la-Buissière;23804;433;24237
62179;Brunembert;358;1;359
62181;Bucquoy;1416;85;1501
62182;Buire-au-Bois;202;7;209
62183;Buire-le-Sec;793;11;804
62184;Buissy;244;2;246
62185;Bullecourt;242;5;247
62186;Bully-les-Mines;12061;116;12177
62187;Buneville;165;2;167
62188;Burbure;2909;28;2937
62189;Bus;111;1;112
62190;Busnes;1248;44;1292
62191;Caffiers;656;12;668
62192;Cagnicourt;412;8;420
62193;Calais;75293;922;76215
62194;Calonne-Ricouart;5815;66;5881
62195;Calonne-sur-la-Lys;1594;31;1625
62196;La Calotterie;597;27;624
62197;Camblain-Châtelain;1607;21;1628
62199;Camblain-l'Abbé;645;124;769
62198;Cambligneul;332;12;344
62200;Cambrin;1003;14;1017
62201;Camiers;2654;39;2693
62202;Campagne-lès-Boulonnais;566;89;655
62203;Campagne-lès-Guines;454;10;464
62204;Campagne-lès-Hesdin;1757;31;1788
62205;Campagne-lès-Wardrecques;1040;45;1085
62206;Campigneulles-les-Grandes;270;11;281
62207;Campigneulles-les-Petites;587;16;603
62208;Canettemont;60;0;60
62209;Canlers;187;0;187
62210;Canteleux;16;0;16
62211;Capelle-Fermont;184;0;184
62908;La Capelle-lès-Boulogne;1491;48;1539
62212;Capelle-lès-Hesdin;449;16;465
62213;Carency;713;10;723
62214;Carly;540;7;547
62215;Carvin;17485;148;17633
62216;La Cauchie;213;2;215
62217;Cauchy-à-la-Tour;2941;30;2971
62218;Caucourt;315;5;320
62219;Caumont;188;11;199
62220;Cavron-Saint-Martin;462;15;477
62221;Chelers;282;10;292
62222;Chériennes;161;3;164
62223;Chérisy;253;5;258
62224;Chocques;2969;32;3001
62225;Clairmarais;648;17;665
62226;Clarques;262;8;270
62227;Clenleu;172;10;182
62228;Clerques;249;3;252
62229;Cléty;644;18;662
62230;Colembert;730;18;748
62231;Colline-Beaumont;141;2;143
62232;La Comté;835;8;843
62233;Conchil-le-Temple;966;21;987
62234;Conchy-sur-Canche;196;5;201
62235;Condette;2585;80;2665
62236;Contes;313;6;319
62238;Conteville-en-Ternois;79;1;80
62237;Conteville-lès-Boulogne;434;14;448
62239;Coquelles;2349;52;2401
62240;Corbehem;2222;26;2248
62241;Cormont;281;6;287
62242;Couin;129;3;132
62243;Coullemont;109;1;110
62244;Coulogne;5837;234;6071
62245;Coulomby;626;13;639
62246;Coupelle-Neuve;197;3;200
62247;Coupelle-Vieille;510;2;512
62248;Courcelles-le-Comte;459;7;466
62249;Courcelles-lès-Lens;5965;55;6020
62250;Courrières;10362;83;10445
62251;Courset;445;206;651
62252;La Couture;2593;48;2641
62253;Couturelle;95;1;96
62254;Coyecques;581;13;594
62255;Crémarest;686;16;702
62256;Crépy;149;7;156
62257;Créquy;523;7;530
62258;Croisette;308;7;315
62259;Croisilles;1288;16;1304
62260;Croix-en-Ternois;287;0;287
62261;Cucq;5195;93;5288
62262;Cuinchy;1767;26;1793
62263;Dainville;5432;101;5533
62264;Dannes;1305;17;1322
62265;Delettes;1059;16;1075
62266;Denier;44;0;44
62267;Dennebroeucq;356;4;360
62268;Desvres;5095;43;5138
62269;Diéval;710;17;727
62270;Divion;6935;82;7017
62271;Dohem;750;17;767
62272;Douchy-lès-Ayette;317;5;322
62273;Doudeauville;470;12;482
62274;Dourges;5637;43;5680
62275;Douriez;289;6;295
62276;Douvrin;5111;62;5173
62277;Drocourt;2989;31;3020
62278;Drouvin-le-Marais;519;13;532
62279;Duisans;1174;284;1458
62280;Dury;350;13;363
62281;Echinghen;374;7;381
62282;Éclimeux;161;7;168
62283;Écoivres;101;1;102
62284;Écourt-Saint-Quentin;1742;22;1764
62285;Écoust-Saint-Mein;487;11;498
62286;Ecquedecques;476;15;491
62288;Ecques;1930;54;1984
62289;Écuires;782;30;812
62290;Écurie;399;8;407
62291;Éleu-dit-Leauwette;2989;34;3023
62292;Elnes;826;20;846
62293;Embry;227;5;232
62294;Enguinegatte;381;14;395
62295;Enquin-les-Mines;1000;8;1008
62296;Enquin-sur-Baillons;201;5;206
62297;Éperlecques;3135;74;3209
62298;Épinoy;517;0;517
62299;Eps;247;4;251
62300;Équihen-Plage;2944;37;2981
62301;Équirre;57;4;61
62302;Ergny;218;3;221
62303;Érin;185;1;186
62304;Erny-Saint-Julien;286;2;288
62306;Ervillers;388;8;396
62307;Escalles;323;5;328
62308;Escoeuilles;438;10;448
62309;Esquerdes;1584;30;1614
62310;Essars;1645;24;1669
62311;Estevelles;1717;21;1738
62312;Estrée;302;8;310
62313;Estrée-Blanche;919;15;934
62314;Estrée-Cauchy;380;5;385
62316;Estrée-Wamin;156;5;161
62315;Estréelles;324;9;333
62317;Étaing;423;6;429
62318;Étaples;11714;147;11861
62319;Éterpigny;219;6;225
62320;Étrun;328;7;335
62321;Évin-Malmaison;4506;47;4553
62322;Famechon;126;1;127
62323;Fampoux;1090;33;1123
62324;Farbus;540;10;550
62325;Fauquembergues;962;15;977
62326;Favreuil;250;2;252
62327;Febvin-Palfart;501;7;508
62328;Ferfay;954;12;966
62329;Ferques;1892;12;1904
62330;Festubert;1238;29;1267
62331;Feuchy;1062;15;1077
62332;Ficheux;545;14;559
62333;Fiefs;376;5;381
62334;Fiennes;859;17;876
62335;Fillièvres;521;10;531
62336;Fléchin;545;15;560
62337;Flers;179;1;180
62338;Fleurbaix;2682;96;2778
62339;Fleury;95;1;96
62340;Floringhem;836;22;858
62341;Foncquevillers;473;3;476
62345;Fontaine-l'Étalon;123;3;126
62342;Fontaine-lès-Boulans;88;0;88
62343;Fontaine-lès-Croisilles;285;7;292
62344;Fontaine-lès-Hermans;106;1;107
62346;Fortel-en-Artois;208;3;211
62347;Fosseux;136;0;136
62348;Foufflin-Ricametz;121;8;129
62349;Fouquereuil;1164;15;1179
62350;Fouquières-lès-Béthune;1100;24;1124
62351;Fouquières-lès-Lens;6532;59;6591
62352;Framecourt;124;2;126
62353;Frémicourt;312;4;316
62354;Frencq;765;20;785
62355;Fresnes-lès-Montauban;475;13;488
62356;Fresnicourt-le-Dolmen;847;6;853
62357;Fresnoy;74;1;75
62358;Fresnoy-en-Gohelle;249;3;252
62359;Fressin;544;9;553
62360;Fréthun;1240;19;1259
62361;Frévent;3745;113;3858
62362;Frévillers;242;8;250
62363;Frévin-Capelle;414;8;422
62364;Fruges;2533;299;2832
62365;Galametz;172;2;174
62366;Gauchin-Légal;354;6;360
62367;Gauchin-Verloingt;918;23;941
62368;Gaudiempré;177;2;179
62369;Gavrelle;566;10;576
62370;Gennes-Ivergny;125;1;126
62371;Givenchy-en-Gohelle;2093;27;2120
62372;Givenchy-le-Noble;142;4;146
62373;Givenchy-lès-la-Bassée;843;11;854
62374;Gomiécourt;160;1;161
62375;Gommecourt;111;1;112
62376;Gonnehem;2289;34;2323
62377;Gosnay;1078;10;1088
62378;Gouves;191;4;195
62379;Gouy-en-Artois;353;5;358
62381;Gouy-en-Ternois;164;0;164
62382;Gouy-Saint-André;612;6;618
62380;Gouy-Servins;311;9;320
62383;Gouy-sous-Bellonne;1217;25;1242
62384;Graincourt-lès-Havrincourt;615;17;632
62385;Grand-Rullecourt;374;3;377
62386;Grenay;6548;37;6585
62387;Grévillers;368;4;372
62388;Grigny;298;6;304
62389;Grincourt-lès-Pas;42;0;42
62390;Groffliers;1473;45;1518
62391;Guarbecque;1394;24;1418
62392;Guémappe;359;13;372
62393;Guemps;953;8;961
62395;Guigny;156;8;164
62396;Guinecourt;19;0;19
62397;Guînes;5302;73;5375
62398;Guisy;305;8;313
62399;Habarcq;668;12;680
62400;Haillicourt;4963;42;5005
62401;Haisnes;4271;31;4302
62402;Halinghen;287;3;290
62403;Hallines;1365;33;1398
62404;Halloy;228;3;231
62407;Ham-en-Artois;981;15;996
62405;Hamblain-les-Prés;481;10;491
62406;Hamelincourt;264;3;267
62408;Hames-Boucres;1316;16;1332
62409;Hannescamps;183;4;187
62410;Haplincourt;197;6;203
62411;Haravesnes;45;1;46
62412;Hardinghen;1063;15;1078
62413;Harnes;12922;71;12993
62414;Haucourt;224;5;229
62419;Haut-Loquin;151;4;155
62415;Haute-Avesnes;395;6;401
62416;Hautecloque;212;5;217
62418;Hauteville;282;5;287
62421;Havrincourt;356;14;370
62422;Hébuterne;542;6;548
62423;Helfaut;1750;43;1793
62424;Hendecourt-lès-Cagnicourt;321;6;327
62425;Hendecourt-lès-Ransart;124;1;125
62427;Hénin-Beaumont;26031;432;26463
62428;Hénin-sur-Cojeul;443;10;453
62426;Héninel;209;7;216
62429;Henneveux;301;1;302
62430;Hénu;162;3;165
62431;Herbelles;484;19;503
62432;Herbinghen;361;7;368
62433;Héricourt;100;3;103
62434;La Herlière;152;1;153
62436;Herlin-le-Sec;157;7;164
62435;Herlincourt;104;6;110
62437;Herly;324;1;325
62438;Hermaville;527;19;546
62439;Hermelinghen;299;9;308
62440;Hermies;1156;20;1176
62441;Hermin;215;3;218
62442;Hernicourt;451;4;455
62443;Hersin-Coupigny;6310;68;6378
62444;Hervelinghen;239;4;243
62445;Hesdigneul-lès-Béthune;818;14;832
62446;Hesdigneul-lès-Boulogne;681;54;735
62447;Hesdin;2409;57;2466
62448;Hesdin-l'Abbé;1903;34;1937
62449;Hesmond;174;5;179
62450;Hestrus;227;1;228
62451;Heuchin;541;10;551
62452;Heuringhem;1307;44;1351
62453;Hézecques;120;0;120
62454;Hinges;2173;66;2239
62455;Hocquinghen;101;1;102
62456;Houchin;713;11;724
62457;Houdain;7613;91;7704
62458;Houlle;955;15;970
62459;Houvin-Houvigneul;227;3;230
62460;Hubersent;245;0;245
62461;Huby-Saint-Leu;951;14;965
62462;Huclier;113;0;113
62463;Hucqueliers;533;68;601
62464;Hulluch;3161;31;3192
62465;Humbercamps;230;2;232
62466;Humbert;251;3;254
62467;Humeroeuille;147;8;155
62468;Humières;228;12;240
62469;Inchy-en-Artois;550;13;563
62470;Incourt;92;2;94
62471;Inghem;356;4;360
62472;Inxent;155;11;166
62473;Isbergues;9449;118;9567
62474;Isques;1151;20;1171
62475;Ivergny;243;4;247
62476;Izel-lès-Équerchin;896;5;901
62477;Izel-les-Hameaux;687;18;705
62478;Journy;272;3;275
62479;Labeuvrière;1643;19;1662
62480;Labourse;2188;25;2213
62481;Labroye;170;3;173
62483;Lacres;218;2;220
62484;Lagnicourt-Marcel;314;4;318
62485;Laires;308;1;309
62486;Lambres;1041;9;1050
62487;Landrethun-le-Nord;1118;12;1130
62488;Landrethun-lès-Ardres;681;13;694
62489;Lapugnoy;3289;29;3318
62490;Lattre-Saint-Quentin;221;10;231
62491;Laventie;4745;93;4838
62492;Lebiez;240;10;250
62493;Lebucquière;231;6;237
62494;Léchelle;56;1;57
62495;Ledinghem;250;4;254
62496;Lefaux;274;8;282
62497;Leforest;7127;54;7181
62498;Lens;36011;717;36728
62499;Lépine;282;15;297
62500;Lespesses;419;8;427
62501;Lespinoy;206;3;209
62502;Lestrem;3943;84;4027
62503;Leubringhen;315;5;320
62504;Leulinghem;219;6;225
62505;Leulinghen-Bernes;412;5;417
62907;Libercourt;8861;43;8904
62506;Licques;1520;33;1553
62507;Liencourt;288;11;299
62508;Lières;359;5;364
62509;Liettres;291;1;292
62510;Liévin;32174;454;32628
62511;Lignereuil;130;2;132
62512;Ligny-lès-Aire;572;7;579
62514;Ligny-Saint-Flochel;232;5;237
62513;Ligny-sur-Canche;199;3;202
62515;Ligny-Thilloy;548;12;560
62516;Lillers;9875;150;10025
62517;Linghem;214;2;216
62518;Linzeux;148;6;154
62519;Lisbourg;563;7;570
62520;Locon;2427;66;2493
62521;La Loge;191;3;194
62523;Loison-sous-Lens;5507;41;5548
62522;Loison-sur-Créquoise;235;15;250
62524;Longfossé;1272;25;1297
62525;Longuenesse;11120;668;11788
62526;Longueville;140;4;144
62527;Longvilliers;229;7;236
62528;Loos-en-Gohelle;6816;114;6930
62529;Lorgies;1513;27;1540
62530;Lottinghen;511;2;513
62531;Louches;853;13;866
62532;Lozinghem;1161;16;1177
62533;Lugy;137;1;138
62534;Lumbres;3744;127;3871
62535;La Madelaine-sous-Montreuil;169;7;176
62536;Magnicourt-en-Comte;624;7;631
62537;Magnicourt-sur-Canche;104;2;106
62538;Maintenay;377;3;380
62539;Maisnil;243;6;249
62540;Maisnil-lès-Ruitz;1431;10;1441
62541;Maisoncelle;114;3;117
62542;Maizières;162;3;165
62543;Mametz;1899;53;1952
62544;Manin;189;2;191
62545;Maninghem;144;4;148
62546;Maninghen-Henne;304;9;313
62547;Marant;70;1;71
62548;Marck;9123;127;9250
62549;Marconne;1155;74;1229
62550;Marconnelle;1249;14;1263
62551;Marenla;217;7;224
62552;Maresquel-Ecquemicourt;853;20;873
62553;Marest;263;14;277
62554;Maresville;74;2;76
62555;Marles-les-Mines;5766;62;5828
62556;Marles-sur-Canche;296;4;300
62557;Maroeuil;2389;93;2482
62558;Marquay;170;2;172
62559;Marquion;953;26;979
62560;Marquise;5067;60;5127
62561;Martinpuich;200;5;205
62562;Matringhem;177;6;183
62563;Mazingarbe;7505;43;7548
62564;Mazinghem;410;3;413
62565;Mencas;89;1;90
62566;Menneville;671;15;686
62567;Mentque-Nortbécourt;544;6;550
62568;Mercatel;628;11;639
62569;Merck-Saint-Liévin;569;8;577
62570;Méricourt;12087;84;12171
62571;Merlimont;3027;80;3107
62572;Metz-en-Couture;628;10;638
62573;Meurchin;3662;29;3691
62574;Mingoval;202;3;205
62576;Moncheaux-lès-Frévent;136;0;136
62577;Monchel-sur-Canche;59;3;62
62578;Monchiet;97;1;98
62579;Monchy-au-Bois;506;11;517
62580;Monchy-Breton;411;5;416
62581;Monchy-Cayeux;283;9;292
62582;Monchy-le-Preux;571;29;600
62583;Mondicourt;658;11;669
62584;Mont-Bernanchon;1343;31;1374
62589;Mont-Saint-Éloi;1009;38;1047
62585;Montcavrel;347;8;355
62586;Montenescourt;411;11;422
62587;Montigny-en-Gohelle;10338;58;10396
62588;Montreuil;2316;216;2532
62590;Monts-en-Ternois;53;3;56
62591;Morchies;179;3;182
62592;Moringhem;464;8;472
62593;Morval;85;3;88
62594;Mory;342;5;347
62595;Moulle;919;17;936
62596;Mouriez;246;8;254
62597;Moyenneville;281;4;285
62598;Muncq-Nieurlet;614;14;628
62599;Nabringhen;163;2;165
62600;Nédon;160;0;160
62601;Nédonchel;240;2;242
62602;Nempont-Saint-Firmin;199;2;201
62603;Nesles;1047;11;1058
62604;Neufchâtel-Hardelot;3784;111;3895
62605;Neulette;17;1;18
62606;Neuve-Chapelle;1373;16;1389
62607;Neuville-au-Cornet;78;0;78
62608;Neuville-Bourjonval;170;0;170
62609;Neuville-Saint-Vaast;1477;47;1524
62610;Neuville-sous-Montreuil;673;27;700
62611;Neuville-Vitasse;477;10;487
62612;Neuvireuil;458;9;467
62614;Nielles-lès-Ardres;484;11;495
62613;Nielles-lès-Bléquin;819;22;841
62615;Nielles-lès-Calais;225;6;231
62616;Noeux-lès-Auxi;168;4;172
62617;Noeux-les-Mines;12190;144;12334
62618;Nordausques;836;14;850
62619;Noreuil;130;2;132
62620;Norrent-Fontes;1433;29;1462
62622;Nort-Leulinghem;200;4;204
62621;Nortkerque;1619;29;1648
62623;Nouvelle-Église;486;8;494
62630;Noyelle-Vion;248;4;252
62624;Noyelles-Godault;5186;47;5233
62625;Noyelles-lès-Humières;66;0;66
62626;Noyelles-lès-Vermelles;2033;28;2061
62627;Noyelles-sous-Bellonne;718;15;733
62628;Noyelles-sous-Lens;6991;37;7028
62629;Noyellette;181;0;181
62631;Nuncq-Hautecôte;386;14;400
62632;Oblinghem;205;10;215
62633;OEuf-en-Ternois;253;6;259
62634;Offekerque;1043;19;1062
62635;Offin;193;4;197
62636;Offrethun;256;7;263
62637;Oignies;10235;64;10299
62638;Oisy-le-Verger;1285;14;1299
62639;Oppy;383;11;394
62640;Orville;339;6;345
62641;Ostreville;266;18;284
62642;Ourton;766;11;777
62643;Outreau;14307;232;14539
62644;Ouve-Wirquin;536;7;543
62645;Oye-Plage;5638;110;5748
62646;Palluel;564;13;577
62647;Le Parcq;754;15;769
62648;Parenty;417;5;422
62649;Pas-en-Artois;810;14;824
62650;Pelves;718;9;727
62651;Penin;409;4;413
62652;Pernes;1655;29;1684
62653;Pernes-lès-Boulogne;467;13;480
62654;Peuplingues;610;11;621
62655;Pierremont;259;11;270
62656;Pihem;948;35;983
62657;Pihen-lès-Guînes;489;11;500
62658;Pittefaux;126;6;132
62659;Planques;106;8;114
62660;Plouvain;482;7;489
62662;Polincove;714;14;728
62663;Pommera;289;2;291
62664;Pommier;232;0;232
62665;Le Ponchel;224;5;229
62666;Pont-à-Vendin;3132;25;3157
62667;Le Portel;10232;136;10368
62668;Prédefin;189;6;195
62669;Pressy;279;1;280
62670;Preures;524;8;532
62671;Pronville;312;2;314
62672;Puisieux;628;9;637
62673;Quéant;583;15;598
62674;Quelmes;579;17;596
62675;Quercamps;282;3;285
62676;Quernes;453;8;461
62677;Le Quesnoy-en-Artois;354;2;356
62678;Quesques;570;13;583
62679;Questrecques;357;8;365
62680;Quiéry-la-Motte;744;15;759
62681;Quiestède;654;26;680
62682;Quilen;62;2;64
62683;Quoeux-Haut-Maînil;240;3;243
62684;Racquinghem;2247;31;2278
62685;Radinghem;285;139;424
62686;Ramecourt;328;10;338
62688;Rang-du-Fliers;4022;125;4147
62689;Ransart;375;12;387
62690;Raye-sur-Authie;232;4;236
62691;Rebecques;426;12;438
62692;Rebergues;196;3;199
62693;Rebreuve-Ranchicourt;1099;27;1126
62694;Rebreuve-sur-Canche;215;3;218
62695;Rebreuviette;258;0;258
62696;Reclinghem;175;0;175
62697;Récourt;231;13;244
62698;Recques-sur-Course;272;8;280
62699;Recques-sur-Hem;595;13;608
62700;Regnauville;226;3;229
62701;Rely;421;2;423
62702;Remilly-Wirquin;353;5;358
62703;Rémy;242;7;249
62704;Renty;525;11;536
62705;Rety;1917;24;1941
62706;Richebourg;2404;61;2465
62708;Riencourt-lès-Bapaume;33;0;33
62709;Riencourt-lès-Cagnicourt;273;4;277
62710;Rimboval;120;4;124
62711;Rinxent;2768;21;2789
62712;Rivière;1124;30;1154
62713;Robecq;1195;24;1219
62714;Roclincourt;785;18;803
62715;Rocquigny;289;8;297
62716;Rodelinghem;520;8;528
62717;Roëllecourt;628;7;635
62718;Roeux;1387;13;1400
62719;Rollancourt;394;41;435
62720;Rombly;32;0;32
62721;Roquetoire;1739;38;1777
62722;Rougefay;103;0;103
62723;Roussent;196;3;199
62724;Rouvroy;8905;48;8953
62725;Royon;117;7;124
62726;Ruisseauville;146;3;149
62727;Ruitz;1486;31;1517
62728;Rumaucourt;700;8;708
62729;Rumilly;259;7;266
62730;Ruminghem;1464;20;1484
62731;Ruyaulcourt;267;2;269
62732;Sachin;247;7;254
62733;Sailly-au-Bois;269;3;272
62734;Sailly-en-Ostrevent;682;8;690
62735;Sailly-Labourse;2136;17;2153
62736;Sailly-sur-la-Lys;4039;74;4113
62737;Sains-en-Gohelle;6044;60;6104
62738;Sains-lès-Fressin;184;1;185
62739;Sains-lès-Marquion;333;3;336
62740;Sains-lès-Pernes;251;6;257
62741;Saint-Amand;150;6;156
62742;Saint-Aubin;241;13;254
62745;Saint-Denoeux;123;0;123
62746;Saint-Étienne-au-Mont;5068;52;5120
62747;Saint-Floris;456;8;464
62748;Saint-Folquin;2267;61;2328
62749;Saint-Georges;300;7;307
62750;Saint-Hilaire-Cottes;807;10;817
62751;Saint-Inglevert;691;11;702
62752;Saint-Josse;1194;35;1229
62753;Saint-Laurent-Blangy;5531;68;5599
62754;Saint-Léger;404;8;412
62755;Saint-Léonard;3628;59;3687
62757;Saint-Martin-au-Laërt;3823;78;3901
62758;Saint-Martin-Boulogne;11383;254;11637
62759;Saint-Martin-Choquel;440;9;449
62760;Saint-Martin-d'Hardinghem;312;5;317
62761;Saint-Martin-sur-Cojeul;206;6;212
62762;Saint-Michel-sous-Bois;110;4;114
62763;Saint-Michel-sur-Ternoise;932;26;958
62764;Saint-Nicolas;5059;73;5132
62765;Saint-Omer;14848;761;15609
62766;Saint-Omer-Capelle;1016;10;1026
62767;Saint-Pol-sur-Ternoise;5132;217;5349
62768;Saint-Rémy-au-Bois;121;2;123
62769;Saint-Tricat;653;25;678
62770;Saint-Venant;3274;107;3381
62743;Sainte-Austreberthe;384;19;403
62744;Sainte-Catherine;3402;91;3493
62756;Sainte-Marie-Kerque;1531;25;1556
62771;Sallaumines;10466;108;10574
62772;Salperwick;492;8;500
62773;Samer;3457;102;3559
62774;Sangatte;4549;104;4653
62775;Sanghen;263;1;264
62776;Sapignies;196;4;200
62777;Le Sars;176;3;179
62778;Sars-le-Bois;68;0;68
62779;Sarton;173;1;174
62780;Sauchy-Cauchy;399;6;405
62781;Sauchy-Lestrée;452;4;456
62782;Saudemont;432;6;438
62783;Saulchoy;349;6;355
62784;Saulty;689;6;695
62785;Savy-Berlette;956;110;1066
62786;Selles;320;7;327
62787;Sempy;254;4;258
62788;Seninghem;584;13;597
62789;Senlecques;233;3;236
62790;Senlis;190;6;196
62791;Séricourt;52;2;54
62792;Serques;1104;36;1140
62793;Servins;1037;16;1053
62794;Setques;631;17;648
62795;Sibiville;92;5;97
62796;Simencourt;544;12;556
62797;Siracourt;240;10;250
62798;Sombrin;240;5;245
62799;Sorrus;607;23;630
62800;Souastre;339;0;339
62801;Souchez;2330;49;2379
62802;Le Souich;186;3;189
62803;Surques;463;3;466
62804;Sus-Saint-Léger;342;4;346
62805;Tangry;239;2;241
62806;Tardinghen;169;4;173
62807;Tatinghem;1804;42;1846
62808;Teneur;272;2;274
62809;Ternas;135;0;135
62810;Thélus;1182;15;1197
62811;Thérouanne;1054;30;1084
62812;Thiembronne;687;18;705
62813;La Thieuloye;431;6;437
62814;Thièvres;119;1;120
62815;Tigny-Noyelle;161;3;164
62816;Tilloy-lès-Hermaville;211;1;212
62817;Tilloy-lès-Mofflaines;1380;104;1484
62818;Tilly-Capelle;168;6;174
62819;Tilques;1052;33;1085
62820;Tincques;886;4;890
62821;Tingry;315;6;321
62822;Tollent;88;3;91
62823;Torcy;164;5;169
62824;Tortefontaine;231;6;237
62825;Tortequesne;716;10;726
62826;Le Touquet-Paris-Plage;5355;308;5663
62827;Tournehem-sur-la-Hem;1270;18;1288
62828;Tramecourt;56;1;57
62829;Le Transloy;424;8;432
62830;Trescault;185;6;191
62831;Troisvaux;290;7;297
62832;Tubersent;528;12;540
62833;Vacquerie-le-Boucq;85;3;88
62834;Vacqueriette-Erquières;244;5;249
62835;Valhuon;545;9;554
62836;Vaudricourt;890;34;924
62837;Vaudringhem;457;3;460
62838;Vaulx;88;0;88
62839;Vaulx-Vraucourt;1062;13;1075
62840;Vélu;128;3;131
62842;Vendin-le-Vieil;7189;47;7236
62841;Vendin-lès-Béthune;2416;43;2459
62843;Verchin;199;2;201
62844;Verchocq;581;11;592
62845;Verlincthun;366;10;376
62846;Vermelles;4308;41;4349
62847;Verquigneul;1971;37;2008
62848;Verquin;3241;47;3288
62849;Verton;2272;74;2346
62850;Vieil-Hesdin;367;16;383
62853;Vieil-Moutier;386;2;388
62851;Vieille-Chapelle;719;11;730
62852;Vieille-Église;1240;22;1262
62854;Villers-au-Bois;437;15;452
62855;Villers-au-Flos;184;3;187
62856;Villers-Brûlin;304;12;316
62857;Villers-Châtel;118;3;121
62859;Villers-l'Hôpital;270;8;278
62858;Villers-lès-Cagnicourt;230;8;238
62860;Villers-Sir-Simon;135;3;138
62861;Vimy;4468;109;4577
62862;Vincly;149;0;149
62863;Violaines;3682;61;3743
62864;Vis-en-Artois;585;15;600
62865;Vitry-en-Artois;4388;55;4443
62866;Waben;386;4;390
62867;Wacquinghen;235;6;241
62868;Wail;258;2;260
62869;Wailly;1010;23;1033
62870;Wailly-Beaucamp;975;23;998
62871;Wambercourt;216;0;216
62872;Wamin;253;8;261
62873;Wancourt;598;11;609
62874;Wanquetin;687;14;701
62875;Wardrecques;1153;30;1183
62876;Warlencourt-Eaucourt;146;2;148
62877;Warlincourt-lès-Pas;147;3;150
62878;Warlus;364;5;369
62879;Warluzel;247;1;248
62880;Le Wast;196;6;202
62882;Wavrans-sur-l'Aa;1307;25;1332
62883;Wavrans-sur-Ternoise;216;4;220
62885;Westrehem;227;11;238
62886;Wicquinghem;183;4;187
62887;Widehem;259;2;261
62888;Wierre-au-Bois;211;0;211
62889;Wierre-Effroy;782;17;799
62890;Willeman;174;4;178
62891;Willencourt;146;2;148
62892;Willerval;611;15;626
62893;Wimereux;7398;176;7574
62894;Wimille;4367;99;4466
62895;Wingles;8185;67;8252
62896;Wirwignes;704;21;725
62897;Wismes;511;19;530
62898;Wisques;248;3;251
62899;Wissant;1046;22;1068
62900;Witternesse;567;5;572
62901;Wittes;813;10;823
62902;Wizernes;3362;57;3419
62909;Ytres;417;4;421
62903;Zoteux;483;5;488
62904;Zouafques;523;4;527
62905;Zudausques;784;30;814
62906;Zutkerque;1712;22;1734
63001;Aigueperse;2522;32;2554
63002;Aix-la-Fayette;78;0;78
63003;Ambert;7016;307;7323
63004;Les Ancizes-Comps;1789;23;1812
63005;Antoingt;370;15;385
63006;Anzat-le-Luguet;202;2;204
63007;Apchat;194;6;200
63008;Arconsat;659;12;671
63009;Ardes;599;21;620
63010;Arlanc;1890;55;1945
63011;Ars-les-Favets;236;3;239
63012;Artonne;772;19;791
63013;Aubiat;820;23;843
63014;Aubière;10084;206;10290
63015;Aubusson-d'Auvergne;221;6;227
63016;Augerolles;909;17;926
63017;Augnat;143;4;147
63018;Aulhat-Saint-Privat;334;4;338
63019;Aulnat;4308;49;4357
63020;Aurières;306;4;310
63021;Authezat;628;10;638
63022;Auzat-la-Combelle;2037;48;2085
63023;Auzelles;337;17;354
63024;Avèze;211;7;218
63025;Ayat-sur-Sioule;137;4;141
63026;Aydat;1982;30;2012
63027;Baffie;115;1;116
63028;Bagnols;503;8;511
63029;Bansat;243;2;245
63030;Bas-et-Lezat;245;2;247
63031;Beaulieu;411;11;422
63032;Beaumont;11209;299;11508
63033;Beaumont-lès-Randan;239;3;242
63034;Beauregard-l'Évêque;1317;28;1345
63035;Beauregard-Vendon;950;12;962
63036;Bergonne;364;11;375
63037;Bertignat;487;22;509
63038;Besse-et-Saint-Anastaise;1659;25;1684
63039;Beurières;310;16;326
63040;Billom;4619;59;4678
63041;Biollet;334;26;360
63042;Blanzat;3906;78;3984
63043;Blot-l'Église;390;13;403
63044;Bongheat;331;6;337
63045;Bort-l'Étang;526;6;532
63046;Boudes;263;3;266
63047;La Bourboule;2031;72;2103
63048;Bourg-Lastic;955;13;968
63049;Bouzel;687;9;696
63050;Brassac-les-Mines;3275;151;3426
63051;Brenat;544;20;564
63052;Le Breuil-sur-Couze;943;80;1023
63053;Briffons;315;5;320
63054;Le Broc;610;20;630
63055;Bromont-Lamothe;924;17;941
63056;Brousse;363;8;371
63057;Le Brugeron;267;11;278
63058;Bulhon;442;6;448
63059;Busséol;189;0;189
63060;Bussières;108;1;109
63061;Bussières-et-Pruns;402;7;409
63062;Buxières-sous-Montaigut;255;5;260
63063;Cébazat;7784;126;7910
63065;Ceilloux;153;11;164
63064;La Celle;85;4;89
63066;Celles-sur-Durolle;1831;35;1866
63067;La Cellette;164;4;168
63068;Cellule;911;12;923
63069;Le Cendre;4676;75;4751
63070;Ceyrat;5435;197;5632
63071;Ceyssat;610;12;622
63072;Chabreloche;1286;24;1310
63073;Chadeleuf;388;5;393
63074;Chalus;175;1;176
63075;Chamalières;17710;602;18312
63076;Chambon-sur-Dolore;175;4;179
63077;Chambon-sur-Lac;350;6;356
63078;Chaméane;141;3;144
63079;Champagnat-le-Jeune;120;1;121
63080;Champeix;1284;19;1303
63081;Champétières;253;6;259
63082;Champs;296;3;299
63083;Chanat-la-Mouteyre;921;26;947
63084;Chanonat;1602;34;1636
63085;Chapdes-Beaufort;988;29;1017
63086;La Chapelle-Agnon;393;14;407
63087;La Chapelle-Marcousse;67;1;68
63088;La Chapelle-sur-Usson;72;1;73
63089;Chappes;1453;10;1463
63090;Chaptuzat;412;13;425
63091;Charbonnier-les-Mines;867;37;904
63092;Charbonnières-les-Varennes;1438;42;1480
63093;Charbonnières-les-Vieilles;902;32;934
63094;Charensat;505;12;517
63095;Charnat;198;10;208
63096;Chas;378;5;383
63097;Chassagne;98;2;100
63098;Chastreix;250;10;260
63101;Château-sur-Cher;91;1;92
63099;Châteaugay;3090;89;3179
63100;Châteauneuf-les-Bains;298;8;306
63103;Châtel-Guyon;6224;167;6391
63102;Châteldon;752;10;762
63104;La Chaulme;132;3;135
63105;Chaumont-le-Bourg;213;6;219
63106;Chauriat;1502;35;1537
63107;Chavaroux;426;2;428
63108;Le Cheix;603;8;611
63109;Chidrac;473;4;477
63110;Cisternes-la-Forêt;480;6;486
63111;Clémensat;101;3;104
63112;Clerlande;343;7;350
63113;Clermont-Ferrand;139501;3447;142948
63114;Collanges;161;4;165
63115;Combrailles;203;2;205
63116;Combronde;1940;61;2001
63117;Compains;155;0;155
63118;Condat-en-Combraille;495;7;502
63119;Condat-lès-Montboissier;234;5;239
63120;Corent;651;8;659
63121;Coudes;1109;19;1128
63122;Courgoul;63;5;68
63123;Cournols;222;5;227
63124;Cournon-d'Auvergne;18501;475;18976
63125;Courpière;4521;198;4719
63126;Le Crest;1206;28;1234
63127;Creste;55;2;57
63128;Crevant-Laveine;932;28;960
63129;Cros;185;6;191
63130;La Crouzille;281;3;284
63131;Culhat;1067;27;1094
63132;Cunlhat;1328;46;1374
63133;Dallet;1305;24;1329
63134;Dauzat-sur-Vodable;73;2;75
63135;Davayat;565;11;576
63136;Domaize;359;7;366
63137;Doranges;152;10;162
63138;Dorat;664;22;686
63139;Dore-l'Église;647;20;667
63140;Durmignat;201;8;209
63141;Durtol;1961;47;2008
63142;Échandelys;234;7;241
63143;Effiat;939;14;953
63144;Égliseneuve-d'Entraigues;481;24;505
63145;Égliseneuve-des-Liards;144;0;144
63146;Égliseneuve-près-Billom;829;61;890
63147;Églisolles;246;0;246
63148;Ennezat;2266;53;2319
63149;Entraigues;653;9;662
63150;Enval;1450;34;1484
63151;Escoutoux;1258;52;1310
63152;Espinasse;320;5;325
63153;Espinchal;104;0;104
63154;Espirat;322;11;333
63155;Estandeuil;332;12;344
63156;Esteil;78;1;79
63157;Fayet-le-Château;259;5;264
63158;Fayet-Ronaye;115;4;119
63159;Fernoël;131;2;133
63160;Flat;470;11;481
63161;La Forie;349;14;363
63162;Fournols;399;10;409
63163;Gelles;912;91;1003
63164;Gerzat;10030;166;10196
63165;Giat;910;41;951
63166;Gignat;235;13;248
63167;Gimeaux;392;7;399
63168;Glaine-Montaigut;536;14;550
63169;La Godivelle;22;1;23
63170;La Goutelle;531;16;547
63171;Gouttières;366;13;379
63172;Grandeyrolles;62;0;62
63173;Grandrif;186;6;192
63174;Grandval;105;8;113
63175;Herment;280;6;286
63176;Heume-l'Église;115;5;120
63177;Isserteaux;402;8;410
63178;Issoire;13996;477;14473
63179;Job;1064;24;1088
63181;Joserand;394;12;406
63180;Joze;1027;25;1052
63182;Jumeaux;674;10;684
63183;Labessette;76;1;77
63184;Lachaux;290;6;296
63185;Lamontgie;546;9;555
63186;Landogne;202;6;208
63187;Lapeyrouse;575;11;586
63188;Laps;535;14;549
63189;Laqueuille;392;7;399
63190;Larodde;291;3;294
63191;Lastic;115;11;126
63193;Lempdes;8331;356;8687
63194;Lempty;320;7;327
63195;Lezoux;5508;90;5598
63196;Limons;700;12;712
63197;Lisseuil;89;4;93
63198;Loubeyrat;1107;20;1127
63199;Ludesse;435;6;441
63200;Lussat;842;17;859
63201;Luzillat;844;27;871
63202;Madriat;106;3;109
63203;Malauzat;967;26;993
63204;Malintrat;1035;16;1051
63205;Manglieu;433;8;441
63206;Manzat;1218;53;1271
63207;Marat;816;25;841
63208;Marcillat;195;4;199
63209;Mareugheol;175;5;180
63210;Maringues;2635;83;2718
63211;Marsac-en-Livradois;1432;59;1491
63212;Marsat;1196;41;1237
63213;Les Martres-d'Artière;1823;53;1876
63214;Les Martres-de-Veyre;3956;120;4076
63215;Martres-sur-Morge;521;13;534
63216;Mauzun;85;1;86
63218;Mayres;178;5;183
63219;Mazaye;637;16;653
63220;Mazoires;103;7;110
63221;Medeyrolles;114;4;118
63222;Meilhaud;523;14;537
63223;Menat;592;20;612
63224;Ménétrol;1564;30;1594
63225;Messeix;1190;35;1225
63226;Mezel;1758;30;1788
63227;Mirefleurs;2161;72;2233
63228;Miremont;328;8;336
63229;Moissat;974;16;990
63230;Le Monestier;181;5;186
63231;La Monnerie-le-Montel;2084;31;2115
63232;Mons;396;15;411
63236;Mont-Dore;1427;39;1466
63233;Montaigut;1066;34;1100
63234;Montaigut-le-Blanc;728;15;743
63235;Montcel;364;11;375
63237;Montel-de-Gelat;502;10;512
63238;Montfermy;189;4;193
63239;Montmorin;562;9;571
63240;Montpensier;372;7;379
63241;Montpeyroux;355;13;368
63242;Moriat;346;4;350
63243;Moureuille;295;11;306
63244;La Moutade;462;10;472
63245;Mozac;3510;94;3604
63246;Murat-le-Quaire;477;19;496
63247;Murol;552;16;568
63248;Nébouzat;748;13;761
63249;Néronde-sur-Dore;452;19;471
63250;Neschers;794;21;815
63251;Neuf-Église;287;5;292
63252;Neuville;332;16;348
63253;Noalhat;225;5;230
63254;Nohanent;1867;39;1906
63255;Nonette;317;6;323
63256;Novacelles;151;4;155
63257;Olby;607;8;615
63258;Olliergues;849;30;879
63259;Olloix;297;2;299
63260;Olmet;138;3;141
63261;Orbeil;770;14;784
63262;Orcet;2719;57;2776
63263;Orcines;3238;109;3347
63264;Orcival;256;10;266
63265;Orléat;1872;53;1925
63266;Orsonnette;205;5;210
63267;Palladuc;463;16;479
63268;Pardines;185;4;189
63269;Parent;746;19;765
63270;Parentignat;492;33;525
63271;Paslières;1513;32;1545
63272;Pérignat-lès-Sarliève;2730;74;2804
63273;Pérignat-sur-Allier;1340;23;1363
63274;Perpezat;380;12;392
63275;Perrier;822;24;846
63276;Peschadoires;2006;66;2072
63277;Peslières;67;2;69
63278;Pessat-Villeneuve;487;10;497
63279;Picherande;371;20;391
63280;Pignols;276;6;282
63281;Pionsat;1047;23;1070
63282;Plauzat;1353;29;1382
63284;Pont-du-Château;10274;279;10553
63283;Pontaumur;755;118;873
63285;Pontgibaud;760;53;813
63286;Pouzol;261;1;262
63287;Les Pradeaux;317;13;330
63288;Prompsat;403;7;410
63289;Prondines;249;5;254
63290;Pulvérières;355;8;363
63291;Puy-Guillaume;2698;54;2752
63292;Puy-Saint-Gulmier;160;6;166
63293;Le Quartier;217;9;226
63294;Queuille;276;7;283
63295;Randan;1477;69;1546
63296;Ravel;696;16;712
63297;Reignat;309;5;314
63298;La Renaudie;120;7;127
63299;Rentières;111;3;114
63300;Riom;18040;705;18745
63301;Ris;728;12;740
63302;La Roche-Blanche;3194;53;3247
63303;Roche-Charles-la-Mayrand;50;3;53
63304;Roche-d'Agoux;89;2;91
63306;La Roche-Noire;629;8;637
63305;Rochefort-Montagne;899;96;995
63307;Romagnat;8234;275;8509
63308;Royat;4613;93;4706
63309;Saillant;278;12;290
63311;Saint-Agoulin;279;8;287
63312;Saint-Alyre-d'Arlanc;177;3;180
63313;Saint-Alyre-ès-Montagne;165;5;170
63314;Saint-Amant-Roche-Savine;537;21;558
63315;Saint-Amant-Tallende;1800;38;1838
63317;Saint-André-le-Coq;488;20;508
63318;Saint-Angel;396;10;406
63319;Saint-Anthème;768;29;797
63320;Saint-Avit;258;9;267
63321;Saint-Babel;850;24;874
63322;Saint-Beauzire;2073;36;2109
63323;Saint-Bonnet-le-Bourg;143;4;147
63324;Saint-Bonnet-le-Chastel;238;9;247
63325;Saint-Bonnet-lès-Allier;385;5;390
63326;Saint-Bonnet-près-Orcival;435;5;440
63327;Saint-Bonnet-près-Riom;1809;35;1844
63330;Saint-Cirgues-sur-Couze;287;3;290
63332;Saint-Clément-de-Régnat;449;24;473
63331;Saint-Clément-de-Valorgue;221;2;223
63333;Saint-Denis-Combarnazat;213;6;219
63334;Saint-Dier-d'Auvergne;550;48;598
63335;Saint-Diéry;363;3;366
63336;Saint-Donat;241;8;249
63337;Saint-Éloy-la-Glacière;62;4;66
63338;Saint-Éloy-les-Mines;3817;190;4007
63339;Saint-Étienne-des-Champs;145;0;145
63340;Saint-Étienne-sur-Usson;251;3;254
63341;Saint-Ferréol-des-Côtes;544;28;572
63342;Saint-Floret;266;4;270
63343;Saint-Flour;219;6;225
63344;Saint-Gal-sur-Sioule;132;4;136
63345;Saint-Genès-Champanelle;3044;140;3184
63346;Saint-Genès-Champespe;236;3;239
63347;Saint-Genès-du-Retz;483;16;499
63348;Saint-Genès-la-Tourette;185;2;187
63349;Saint-Georges-de-Mons;2187;55;2242
63350;Saint-Georges-sur-Allier;1126;31;1157
63353;Saint-Germain-l'Herm;524;24;548
63352;Saint-Germain-Lembron;1730;25;1755
63351;Saint-Germain-près-Herment;75;1;76
63354;Saint-Gervais-d'Auvergne;1343;126;1469
63355;Saint-Gervais-sous-Meymont;251;7;258
63356;Saint-Gervazy;295;4;299
63357;Saint-Hérent;107;2;109
63360;Saint-Hilaire;202;1;203
63358;Saint-Hilaire-la-Croix;291;7;298
63359;Saint-Hilaire-les-Monges;107;2;109
63362;Saint-Ignat;730;6;736
63363;Saint-Jacques-d'Ambur;295;9;304
63364;Saint-Jean-d'Heurs;576;5;581
63365;Saint-Jean-des-Ollières;451;8;459
63366;Saint-Jean-en-Val;327;9;336
63367;Saint-Jean-Saint-Gervais;95;2;97
63368;Saint-Julien-de-Coppel;1076;26;1102
63369;Saint-Julien-la-Geneste;140;6;146
63370;Saint-Julien-Puy-Lavèze;325;11;336
63371;Saint-Just;145;1;146
63372;Saint-Laure;432;14;446
63373;Saint-Maigner;201;5;206
63376;Saint-Martin-d'Ollières;146;4;150
63374;Saint-Martin-des-Olmes;276;11;287
63375;Saint-Martin-des-Plains;148;1;149
63378;Saint-Maurice;783;18;801
63377;Saint-Maurice-près-Pionsat;376;5;381
63379;Saint-Myon;407;4;411
63380;Saint-Nectaire;719;16;735
63381;Saint-Ours;1540;33;1573
63382;Saint-Pardoux;404;9;413
63383;Saint-Pierre-Colamine;233;8;241
63384;Saint-Pierre-la-Bourlhonne;155;1;156
63385;Saint-Pierre-le-Chastel;364;3;367
63386;Saint-Pierre-Roche;390;10;400
63387;Saint-Priest-Bramefant;811;26;837
63388;Saint-Priest-des-Champs;697;17;714
63389;Saint-Quentin-sur-Sauxillanges;110;1;111
63390;Saint-Quintin-sur-Sioule;312;4;316
63391;Saint-Rémy-de-Blot;204;4;208
63392;Saint-Rémy-de-Chargnat;559;8;567
63393;Saint-Rémy-sur-Durolle;1798;36;1834
63394;Saint-Romain;222;5;227
63395;Saint-Sandoux;829;21;850
63396;Saint-Saturnin;1141;91;1232
63397;Saint-Sauves-d'Auvergne;1140;37;1177
63398;Saint-Sauveur-la-Sagne;109;3;112
63399;Saint-Sulpice;104;1;105
63400;Saint-Sylvestre-Pragoulin;1079;37;1116
63401;Saint-Victor-la-Rivière;225;5;230
63402;Saint-Victor-Montvianeix;275;15;290
63403;Saint-Vincent;403;7;410
63404;Saint-Yvoine;456;12;468
63310;Sainte-Agathe;194;3;197
63328;Sainte-Catherine;60;0;60
63329;Sainte-Christine;140;3;143
63405;Sallèdes;516;8;524
63406;Sardon;274;7;281
63407;Saulzet-le-Froid;251;4;255
63408;Sauret-Besserve;182;7;189
63409;Saurier;222;5;227
63410;Sauvagnat;143;6;149
63411;Sauvagnat-Sainte-Marthe;505;7;512
63412;Sauvessanges;541;7;548
63413;La Sauvetat;639;13;652
63414;Sauviat;515;10;525
63415;Sauxillanges;1133;31;1164
63416;Savennes;108;6;114
63417;Sayat;2270;41;2311
63418;Sermentizon;519;13;532
63419;Servant;558;6;564
63420;Seychalles;563;31;594
63421;Singles;192;9;201
63422;Solignat;438;10;448
63423;Sugères;557;14;571
63424;Surat;498;14;512
63425;Tallende;1526;57;1583
63426;Tauves;787;14;801
63427;Teilhède;404;13;417
63428;Teilhet;299;5;304
63429;Ternant-les-Eaux;45;1;46
63430;Thiers;12196;403;12599
63431;Thiolières;153;3;156
63432;Thuret;743;39;782
63433;Tortebesse;54;0;54
63192;La Tour-d'Auvergne;664;47;711
63434;Tours-sur-Meymont;505;21;526
63435;Tourzel-Ronzières;240;0;240
63436;Tralaigues;83;2;85
63437;Trémouille-Saint-Loup;144;4;148
63438;Trézioux;410;11;421
63439;Usson;255;5;260
63440;Valbeleix;153;2;155
63441;Valcivières;219;4;223
63442;Valz-sous-Châteauneuf;59;0;59
63443;Varennes-sur-Morge;373;6;379
63444;Varennes-sur-Usson;158;12;170
63445;Vassel;216;7;223
63446;Vensat;426;9;435
63447;Vergheas;69;4;73
63448;Vernet-la-Varenne;713;93;806
63449;Le Vernet-Sainte-Marguerite;253;4;257
63450;Verneugheol;266;4;270
63451;Vernines;365;53;418
63452;Verrières;61;1;62
63453;Vertaizon;2876;84;2960
63454;Vertolaye;600;20;620
63455;Veyre-Monton;3335;87;3422
63457;Vic-le-Comte;4607;82;4689
63456;Vichel;283;5;288
63458;Villeneuve;142;10;152
63459;Villeneuve-les-Cerfs;471;14;485
63460;Villosanges;383;6;389
63461;Vinzelles;307;8;315
63462;Virlet;259;6;265
63463;Viscomtat;634;12;646
63464;Vitrac;331;12;343
63465;Viverols;390;7;397
63466;Vodable;195;8;203
63467;Voingt;62;2;64
63468;Vollore-Montagne;347;9;356
63469;Vollore-Ville;710;22;732
63470;Volvic;4606;180;4786
63471;Youx;1011;14;1025
63472;Yronde-et-Buron;583;21;604
63473;Yssac-la-Tourette;351;11;362
64001;Aast;181;2;183
64002;Abère;142;3;145
64003;Abidos;230;7;237
64004;Abitain;102;3;105
64005;Abos;472;6;478
64006;Accous;431;17;448
64007;Agnos;834;56;890
64008;Ahaxe-Alciette-Bascassan;290;8;298
64009;Ahetze;1473;39;1512
64010;Aïcirits-Camou-Suhast;648;15;663
64011;Aincille;124;1;125
64012;Ainharp;151;2;153
64013;Ainhice-Mongelos;168;1;169
64014;Ainhoa;658;15;673
64016;Aldudes;376;4;380
64017;Alos-Sibas-Abense;269;20;289
64015;Alçay-Alçabéhéty-Sunharette;219;8;227
64018;Amendeuix-Oneix;412;12;424
64019;Amorots-Succos;218;5;223
64020;Ance;241;12;253
64021;Andoins;620;20;640
64022;Andrein;129;8;137
64023;Angaïs;803;31;834
64024;Anglet;37934;1345;39279
64025;Angous;100;4;104
64026;Anhaux;285;2;287
64027;Anos;185;2;187
64028;Anoye;144;8;152
64029;Aramits;667;29;696
64031;Arancou;101;1;102
64032;Araujuzon;179;5;184
64033;Araux;123;0;123
64034;Arbérats-Sillègue;322;9;331
64035;Arbonne;1855;33;1888
64036;Arbouet-Sussaute;253;9;262
64037;Arbus;1082;29;1111
64038;Arcangues;3076;99;3175
64039;Aren;189;4;193
64041;Aressy;571;6;577
64040;Arette;1092;43;1135
64042;Argagnon;719;25;744
64043;Argelos;253;9;262
64044;Arget;89;3;92
64045;Arhansus;72;0;72
64046;Armendarits;379;12;391
64047;Arnéguy;271;5;276
64048;Arnos;67;1;68
64049;Aroue-Ithorots-Olhaïby;255;6;261
64050;Arrast-Larrebieu;96;0;96
64051;Arraute-Charritte;324;15;339
64052;Arricau-Bordes;105;4;109
64053;Arrien;121;5;126
64054;Arros-de-Nay;731;12;743
64056;Arrosès;152;2;154
64058;Arthez-d'Asson;502;10;512
64057;Arthez-de-Béarn;1663;45;1708
64059;Artigueloutan;840;29;869
64060;Artiguelouve;1468;37;1505
64061;Artix;3195;58;3253
64062;Arudy;2248;71;2319
64063;Arzacq-Arraziguet;1002;42;1044
64064;Asasp-Arros;520;17;537
64065;Ascain;3669;90;3759
64066;Ascarat;284;8;292
64067;Assat;1645;41;1686
64068;Asson;1875;42;1917
64069;Aste-Béon;262;10;272
64070;Astis;293;7;300
64071;Athos-Aspis;181;8;189
64072;Aubertin;634;15;649
64073;Aubin;228;7;235
64074;Aubous;51;0;51
64075;Audaux;192;120;312
64077;Auga;149;6;155
64078;Auriac;247;7;254
64079;Aurions-Idernes;113;1;114
64080;Aussevielle;686;14;700
64081;Aussurucq;254;3;257
64082;Auterrive;129;5;134
64083;Autevielle-Saint-Martin-Bideren;144;5;149
64084;Aydie;149;0;149
64085;Aydius;102;2;104
64086;Ayherre;956;19;975
64087;Baigts-de-Béarn;799;20;819
64088;Balansun;234;11;245
64089;Baleix;123;5;128
64090;Baliracq-Maumusson;126;0;126
64091;Baliros;374;12;386
64092;Banca;348;12;360
64093;Barcus;736;19;755
64094;Bardos;1553;45;1598
64095;Barinque;562;20;582
64096;Barraute-Camu;150;12;162
64097;Barzun;608;14;622
64098;Bassillon-Vauzé;73;1;74
64100;Bassussarry;2391;96;2487
64099;Bastanès;100;32;132
64289;La Bastide-Clairence;972;27;999
64101;Baudreix;563;84;647
64102;Bayonne;44498;1198;45696
64103;Bédeille;194;6;200
64104;Bedous;530;12;542
64105;Béguios;275;10;285
64106;Béhasque-Lapiste;429;16;445
64107;Béhorléguy;74;2;76
64108;Bellocq;840;34;874
64109;Bénéjacq;1814;42;1856
64111;Bentayou-Sérée;110;2;112
64110;Béost;212;8;220
64112;Bérenx;481;6;487
64113;Bergouey-Viellenave;111;4;115
64114;Bernadets;504;26;530
64115;Berrogain-Laruns;108;6;114
64116;Bescat;258;2;260
64117;Bésingrand;126;4;130
64118;Bétracq;46;3;49
64119;Beuste;538;14;552
64121;Beyrie-en-Béarn;171;7;178
64120;Beyrie-sur-Joyeuse;501;11;512
64122;Biarritz;26828;710;27538
64123;Bidache;1234;25;1259
64124;Bidarray;635;15;650
64125;Bidart;5718;131;5849
64126;Bidos;1182;41;1223
64127;Bielle;462;18;480
64128;Bilhères;147;5;152
64129;Billère;13462;331;13793
64130;Biriatou;969;28;997
64131;Biron;556;19;575
64132;Bizanos;4613;156;4769
64133;Boeil-Bezing;1164;33;1197
64134;Bonloc;343;7;350
64135;Bonnut;668;19;687
64136;Borce;173;0;173
64137;Bordères;656;24;680
64138;Bordes;2281;45;2326
64139;Bosdarros;1026;33;1059
64140;Boucau;7503;165;7668
64141;Boueilh-Boueilho-Lasque;350;13;363
64142;Bougarber;690;17;707
64143;Bouillon;132;1;133
64144;Boumourt;129;2;131
64145;Bourdettes;348;9;357
64146;Bournos;294;5;299
64147;Briscous;2454;62;2516
64148;Bruges-Capbis-Mifaget;875;30;905
64149;Bugnein;236;4;240
64150;Bunus;136;4;140
64151;Burgaronne;94;1;95
64152;Buros;1734;75;1809
64153;Burosse-Mendousse;62;2;64
64154;Bussunarits-Sarrasquette;159;8;167
64155;Bustince-Iriberry;89;7;96
64156;Buziet;424;6;430
64157;Buzy;880;11;891
64158;Cabidos;161;5;166
64159;Cadillon;101;1;102
64160;Cambo-les-Bains;5849;149;5998
64161;Came;789;22;811
64162;Camou-Cihigue;106;7;113
64165;Cardesse;250;5;255
64166;Caro;195;2;197
64167;Carrère;165;6;171
64168;Carresse-Cassaber;535;19;554
64170;Castagnède;202;8;210
64171;Casteide-Cami;221;3;224
64172;Casteide-Candau;204;6;210
64173;Casteide-Doat;131;6;137
64174;Castéra-Loubix;54;0;54
64175;Castet;159;3;162
64176;Castetbon;183;3;186
64177;Castétis;615;15;630
64178;Castetnau-Camblong;405;11;416
64179;Castetner;155;3;158
64180;Castetpugon;177;6;183
64181;Castillon (Canton d'Arthez-de-Béarn);266;10;276
64182;Castillon (Canton de Lembeye);72;2;74
64183;Caubios-Loos;470;15;485
64184;Cescau;509;8;517
64185;Cette-Eygun;80;3;83
64186;Charre;216;3;219
64187;Charritte-de-Bas;239;8;247
64188;Chéraute;1165;163;1328
64189;Ciboure;6396;189;6585
64190;Claracq;211;1;212
64191;Coarraze;2109;134;2243
64192;Conchez-de-Béarn;109;3;112
64193;Corbère-Abères;93;3;96
64194;Coslédaà-Lube-Boast;332;0;332
64195;Coublucq;106;1;107
64196;Crouseilles;148;5;153
64197;Cuqueron;183;7;190
64198;Denguin;1658;35;1693
64199;Diusse;159;3;162
64200;Doazon;176;1;177
64201;Dognen;216;2;218
64202;Domezain-Berraute;477;50;527
64203;Doumy;248;7;255
64204;Eaux-Bonnes;425;8;433
64205;Escos;230;6;236
64206;Escot;127;5;132
64207;Escou;402;6;408
64208;Escoubès;299;5;304
64209;Escout;400;17;417
64210;Escurès;158;6;164
64211;Eslourenties-Daban;219;6;225
64212;Espéchède;153;6;159
64213;Espelette;1945;52;1997
64214;Espès-Undurein;483;19;502
64215;Espiute;113;1;114
64216;Espoey;956;15;971
64217;Esquiule;542;12;554
64218;Estérençuby;369;0;369
64219;Estialescq;246;7;253
64220;Estos;458;22;480
64221;Etcharry;128;1;129
64222;Etchebar;65;1;66
64223;Etsaut;81;2;83
64224;Eysus;674;22;696
64225;Féas;404;21;425
64226;Fichous-Riumayou;151;5;156
64227;Gabaston;599;11;610
64228;Gabat;206;10;216
64229;Gamarthe;114;1;115
64230;Gan;5225;138;5363
64231;Garindein;527;21;548
64232;Garlède-Mondebat;192;4;196
64233;Garlin;1301;41;1342
64234;Garos;212;2;214
64235;Garris;284;8;292
64236;Gayon;66;7;73
64237;Gelos;3681;142;3823
64238;Ger;2035;43;2078
64239;Gerderest;124;3;127
64240;Gère-Bélesten;158;3;161
64241;Géronce;426;8;434
64242;Gestas;68;2;70
64243;Géus-d'Arzacq;165;3;168
64244;Geüs-d'Oloron;205;6;211
64245;Goès;559;15;574
64246;Gomer;201;2;203
64247;Gotein-Libarrenx;491;18;509
64249;Guéthary;1327;47;1374
64250;Guiche;864;24;888
64251;Guinarthe-Parenties;232;16;248
64252;Gurmençon;844;31;875
64253;Gurs;374;48;422
64254;Hagetaubin;516;15;531
64255;Halsou;483;8;491
64256;Hasparren;5839;294;6133
64257;Haut-de-Bosdarros;264;7;271
64258;Haux;102;4;106
64259;Hélette;680;19;699
64260;Hendaye;13969;414;14383
64261;Herrère;366;16;382
64262;Higuères-Souye;266;9;275
64263;L' Hôpital-d'Orion;170;6;176
64264;L' Hôpital-Saint-Blaise;76;0;76
64265;Hosta;80;2;82
64266;Hours;189;4;193
64267;Ibarrolle;97;0;97
64268;Idaux-Mendy;260;7;267
64269;Idron;3733;165;3898
64270;Igon;914;122;1036
64271;Iholdy;453;7;460
64272;Ilharre;133;3;136
64273;Irissarry;826;26;852
64274;Irouléguy;320;8;328
64275;Ispoure;599;16;615
64276;Issor;252;1;253
64277;Isturits;407;5;412
64279;Itxassou;1998;74;2072
64280;Izeste;436;13;449
64281;Jasses;138;0;138
64282;Jatxou;1023;28;1051
64283;Jaxu;149;5;154
64284;Jurançon;6971;270;7241
64285;Juxue;239;0;239
64286;Laà-Mondrans;387;18;405
64287;Laàs;110;3;113
64288;Labastide-Cézéracq;532;9;541
64290;Labastide-Monréjeau;459;14;473
64291;Labastide-Villefranche;319;5;324
64292;Labatmale;250;2;252
64293;Labatut;155;1;156
64294;Labets-Biscay;156;6;162
64295;Labeyrie;92;1;93
64296;Lacadée;121;3;124
64297;Lacarre;131;4;135
64298;Lacarry-Arhan-Charritte-de-Haut;128;2;130
64299;Lacommande;247;3;250
64300;Lacq;694;22;716
64301;Lagor;1214;27;1241
64302;Lagos;472;18;490
64303;Laguinge-Restoue;168;6;174
64304;Lahonce;1964;62;2026
64305;Lahontan;457;9;466
64306;Lahourcade;695;24;719
64307;Lalongue;216;6;222
64308;Lalonquette;283;11;294
64309;Lamayou;186;5;191
64310;Lanne-en-Barétous;506;16;522
64311;Lannecaube;167;3;170
64312;Lanneplaà;290;7;297
64313;Lantabat;294;6;300
64314;Larceveau-Arros-Cibits;397;3;400
64315;Laroin;933;13;946
64316;Larrau;209;2;211
64317;Larressore;1456;42;1498
64318;Larreule;159;2;161
64319;Larribar-Sorhapuru;193;6;199
64320;Laruns;1365;47;1412
64321;Lasclaveries;253;4;257
64322;Lasse;291;3;294
64323;Lasserre;94;3;97
64324;Lasseube;1607;45;1652
64325;Lasseubetat;175;7;182
64326;Lay-Lamidou;117;0;117
64327;Lecumberry;182;3;185
64328;Ledeuix;1008;44;1052
64329;Lée;1142;41;1183
64330;Lées-Athas;291;6;297
64331;Lembeye;767;15;782
64332;Lème;141;2;143
64334;Léren;225;7;232
64335;Lescar;9749;538;10287
64336;Lescun;184;1;185
64337;Lespielle;150;2;152
64338;Lespourcy;152;0;152
64339;Lestelle-Bétharram;801;145;946
64340;Lichans-Sunhar;74;8;82
64341;Lichos;136;2;138
64342;Licq-Athérey;231;6;237
64343;Limendous;422;12;434
64344;Livron;396;4;400
64345;Lohitzun-Oyhercq;204;5;209
64346;Lombia;198;5;203
64348;Lons;11926;365;12291
64347;Lonçon;133;5;138
64349;Loubieng;450;15;465
64350;Louhossoa;813;14;827
64351;Lourdios-Ichère;146;7;153
64352;Lourenties;331;3;334
64353;Louvie-Juzon;1116;18;1134
64354;Louvie-Soubiron;112;10;122
64355;Louvigny;121;3;124
64356;Luc-Armau;106;3;109
64357;Lucarré;50;0;50
64358;Lucgarier;290;8;298
64359;Lucq-de-Béarn;965;36;1001
64360;Lurbe-Saint-Christau;231;3;234
64361;Lussagnet-Lusson;172;3;175
64362;Luxe-Sumberraute;285;32;317
64363;Lys;354;10;364
64364;Macaye;534;8;542
64365;Malaussanne;416;9;425
64366;Mascaraàs-Haron;125;7;132
64367;Maslacq;747;29;776
64368;Masparraute;246;4;250
64369;Maspie-Lalonquère-Juillacq;260;9;269
64370;Maucor;499;25;524
64371;Mauléon-Licharre;3228;228;3456
64372;Maure;107;3;110
64373;Mazères-Lezons;2013;74;2087
64374;Mazerolles;913;33;946
64375;Méharin;259;2;261
64376;Meillon;807;16;823
64377;Mendionde;789;18;807
64378;Menditte;213;118;331
64379;Mendive;195;0;195
64380;Méracq;205;4;209
64381;Méritein;284;1;285
64382;Mesplède;328;15;343
64383;Mialos;90;5;95
64385;Miossens-Lanusse;185;9;194
64386;Mirepeix;1118;11;1129
64387;Momas;513;3;516
64388;Momy;128;3;131
64389;Monassut-Audiracq;293;10;303
64390;Moncaup;155;4;159
64391;Moncayolle-Larrory-Mendibieu;338;18;356
64392;Moncla;101;4;105
64393;Monein;4393;107;4500
64394;Monpezat;88;5;93
64395;Monségur;133;4;137
64396;Mont;977;104;1081
64401;Mont-Disse;80;3;83
64397;Montagut;105;2;107
64398;Montaner;459;9;468
64399;Montardon;2166;257;2423
64400;Montaut;1014;79;1093
64403;Montfort;166;8;174
64404;Montory;335;16;351
64405;Morlaàs;4204;227;4431
64406;Morlanne;504;12;516
64407;Mouguerre;4458;139;4597
64408;Mouhous;36;1;37
64409;Moumour;769;28;797
64410;Mourenx;7549;185;7734
64411;Musculdy;249;6;255
64412;Nabas;109;2;111
64413;Narcastet;577;12;589
64414;Narp;117;0;117
64415;Navailles-Angos;1303;32;1335
64416;Navarrenx;1160;122;1282
64417;Nay;3321;265;3586
64418;Noguères;151;3;154
64419;Nousty;1191;20;1211
64420;Ogenne-Camptort;237;4;241
64421;Ogeu-les-Bains;1143;35;1178
64422;Oloron-Sainte-Marie;11141;682;11823
64423;Oraàs;174;2;176
64424;Ordiarp;537;10;547
64425;Orègue;479;14;493
64426;Orin;196;9;205
64427;Orion;148;6;154
64428;Orriule;126;1;127
64429;Orsanco;95;1;96
64430;Orthez;10338;695;11033
64431;Os-Marsillon;478;16;494
64432;Ossas-Suhare;83;6;89
64433;Osse-en-Aspe;334;8;342
64434;Ossenx;42;2;44
64435;Osserain-Rivareyte;230;9;239
64436;Ossès;812;21;833
64437;Ostabat-Asme;190;5;195
64438;Ouillon;420;11;431
64439;Ousse;1380;37;1417
64440;Ozenx-Montestrucq;351;11;362
64441;Pagolle;263;2;265
64442;Parbayse;243;6;249
64443;Pardies;928;31;959
64444;Pardies-Piétat;440;10;450
64445;Pau;84978;1794;86772
64446;Peyrelongue-Abos;134;6;140
64447;Piets-Plasence-Moustrou;131;1;132
64449;Poey-d'Oloron;184;3;187
64448;Poey-de-Lescar;1593;53;1646
64450;Pomps;225;5;230
64451;Ponson-Debat-Pouts;89;0;89
64452;Ponson-Dessus;256;4;260
64453;Pontacq;2820;64;2884
64454;Pontiacq-Viellepinte;118;4;122
64455;Portet;169;9;178
64456;Pouliacq;36;0;36
64457;Poursiugues-Boucoue;194;8;202
64458;Préchacq-Josbaig;269;14;283
64459;Préchacq-Navarrenx;163;4;167
64460;Précilhon;361;19;380
64461;Puyoô;1150;22;1172
64462;Ramous;452;9;461
64463;Rébénacq;654;14;668
64464;Ribarrouy;81;3;84
64465;Riupeyrous;165;11;176
64466;Rivehaute;232;40;272
64467;Rontignon;732;23;755
64468;Roquiague;124;4;128
64469;Saint-Abit;356;14;370
64470;Saint-Armou;580;7;587
64471;Saint-Boès;369;12;381
64472;Saint-Castin;805;25;830
64474;Saint-Dos;125;4;129
64476;Saint-Esteben;391;8;399
64477;Saint-Étienne-de-Baïgorry;1607;15;1622
64478;Saint-Faust;754;27;781
64479;Saint-Girons-en-Béarn;155;0;155
64480;Saint-Gladie-Arrive-Munein;183;8;191
64481;Saint-Goin;218;5;223
64482;Saint-Jammes;636;19;655
64483;Saint-Jean-de-Luz;13728;513;14241
64484;Saint-Jean-le-Vieux;855;25;880
64485;Saint-Jean-Pied-de-Port;1521;240;1761
64486;Saint-Jean-Poudge;79;1;80
64487;Saint-Just-Ibarre;231;54;285
64488;Saint-Laurent-Bretagne;421;5;426
64489;Saint-Martin-d'Arberoue;295;7;302
64490;Saint-Martin-d'Arrossa;465;10;475
64491;Saint-Médard;187;5;192
64492;Saint-Michel;234;4;238
64493;Saint-Palais;1875;117;1992
64494;Saint-Pé-de-Léren;239;7;246
64495;Saint-Pée-sur-Nivelle;5251;109;5360
64496;Saint-Pierre-d'Irube;4483;130;4613
64498;Saint-Vincent;370;10;380
64473;Sainte-Colome;334;4;338
64475;Sainte-Engrâce;206;9;215
64499;Salies-de-Béarn;4803;193;4996
64500;Salles-Mongiscard;304;6;310
64501;Sallespisse;585;23;608
64502;Sames;578;10;588
64503;Samsons-Lion;74;2;76
64504;Sare;2286;44;2330
64505;Sarpourenx;269;6;275
64506;Sarrance;216;6;222
64507;Saubole;112;2;114
64508;Saucède;117;5;122
64509;Sauguis-Saint-Étienne;174;10;184
64510;Sault-de-Navailles;830;16;846
64511;Sauvagnon;2915;71;2986
64512;Sauvelade;226;4;230
64513;Sauveterre-de-Béarn;1350;98;1448
64514;Séby;174;5;179
64515;Sedze-Maubecq;185;2;187
64516;Sedzère;399;10;409
64517;Séméacq-Blachon;171;8;179
64518;Sendets;826;26;852
64519;Serres-Castet;3501;108;3609
64520;Serres-Morlaàs;685;24;709
64521;Serres-Sainte-Marie;483;13;496
64523;Sévignacq;667;13;680
64522;Sévignacq-Meyracq;484;17;501
64524;Simacourbe;353;6;359
64525;Siros;687;36;723
64526;Soumoulou;1194;45;1239
64527;Souraïde;1177;33;1210
64528;Suhescun;196;5;201
64529;Sus;350;8;358
64530;Susmiou;292;13;305
64531;Tabaille-Usquain;52;4;56
64532;Tadousse-Ussau;68;2;70
64533;Tardets-Sorholus;616;5;621
64534;Taron-Sadirac-Viellenave;185;7;192
64535;Tarsacq;496;4;500
64536;Thèze;779;33;812
64537;Trois-Villes;132;5;137
64538;Uhart-Cize;636;18;654
64539;Uhart-Mixe;216;4;220
64540;Urcuit;2063;58;2121
64541;Urdès;266;8;274
64542;Urdos;66;1;67
64543;Urepel;347;6;353
64544;Urost;59;1;60
64545;Urrugne;7759;209;7968
64546;Urt;2028;65;2093
64547;Ustaritz;5517;289;5806
64548;Uzan;148;8;156
64549;Uzein;1187;17;1204
64550;Uzos;735;22;757
64551;Verdets;270;8;278
64552;Vialer;192;1;193
64554;Viellenave-d'Arthez;164;4;168
64555;Viellenave-de-Navarrenx;153;1;154
64556;Vielleségure;404;2;406
64557;Vignes;404;11;415
64558;Villefranque;2155;40;2195
64559;Viodos-Abense-de-Bas;739;32;771
64560;Viven;168;7;175
65001;Adast;244;8;252
65002;Adé;731;18;749
65003;Adervielle-Pouchergues;98;4;102
65004;Agos-Vidalos;359;12;371
65005;Allier;377;9;386
65006;Ancizan;325;7;332
65007;Andrest;1314;37;1351
65009;Anères;181;5;186
65011;Les Angles;128;8;136
65010;Angos;231;6;237
65012;Anla;73;2;75
65013;Ansost;54;3;57
65014;Antichan;30;0;30
65015;Antin;108;2;110
65016;Antist;132;1;133
65017;Aragnouet;244;9;253
65018;Arbéost;100;5;105
65019;Arcizac-Adour;511;9;520
65020;Arcizac-ez-Angles;247;5;252
65021;Arcizans-Avant;355;13;368
65022;Arcizans-Dessus;106;3;109
65023;Ardengost;16;0;16
65024;Argelès-Bagnères;124;7;131
65025;Argelès-Gazost;3255;205;3460
65026;Aries-Espénan;66;1;67
65027;Armenteule;63;0;63
65028;Arné;191;0;191
65029;Arras-en-Lavedan;525;12;537
65247;Arrayou-Lahitte;100;5;105
65031;Arreau;814;27;841
65032;Arrens-Marsous;773;33;806
65034;Arrodets;26;0;26
65033;Arrodets-ez-Angles;114;1;115
65035;Artagnan;478;15;493
65036;Artalens-Souin;108;2;110
65037;Artiguemy;75;2;77
65038;Artigues;22;1;23
65039;Aspin-Aure;51;1;52
65040;Aspin-en-Lavedan;235;2;237
65041;Asque;118;4;122
65042;Asté;525;12;537
65043;Astugue;310;2;312
65044;Aubarède;240;2;242
65045;Aucun;256;9;265
65046;Aulon;76;1;77
65047;Aureilhan;7616;265;7881
65048;Aurensan;733;21;754
65049;Auriébat;295;11;306
65050;Avajan;76;1;77
65051;Aventignan;179;8;187
65052;Averan;67;1;68
65053;Aveux;54;0;54
65054;Avezac-Prat-Lahitte;563;9;572
65055;Ayros-Arbouix;316;7;323
65056;Ayzac-Ost;400;14;414
65057;Azereix;950;27;977
65058;Azet;161;2;163
65059;Bagnères-de-Bigorre;8016;686;8702
65060;Banios;54;3;57
65061;Barbachen;50;3;53
65062;Barbazan-Debat;3382;95;3477
65063;Barbazan-Dessus;134;5;139
65481;Barèges;233;7;240
65064;Bareilles;63;2;65
65065;Barlest;251;24;275
65066;Barrancoueu;31;0;31
65067;Barry;135;1;136
65068;Barthe;16;1;17
65069;La Barthe-de-Neste;1158;35;1193
65070;Bartrès;462;7;469
65071;Batsère;45;1;46
65072;Bazet;1454;24;1478
65073;Bazillac;353;9;362
65074;Bazordan;129;8;137
65075;Bazus-Aure;132;6;138
65076;Bazus-Neste;41;3;44
65077;Beaucens;437;17;454
65078;Beaudéan;391;10;401
65079;Bégole;170;4;174
65080;Bénac;496;13;509
65081;Benqué;57;1;58
65082;Berbérust-Lias;51;0;51
65083;Bernac-Debat;621;12;633
65084;Bernac-Dessus;311;14;325
65085;Bernadets-Debat;107;2;109
65086;Bernadets-Dessus;134;4;138
65087;Bertren;209;0;209
65088;Betbèze;45;1;46
65089;Betpouey;111;1;112
65090;Betpouy;74;6;80
65091;Bettes;74;0;74
65092;Beyrède-Jumet;204;3;207
65093;Bize;203;5;208
65094;Bizous;113;0;113
65095;Bonnefont;348;6;354
65096;Bonnemazon;69;0;69
65097;Bonrepos;172;5;177
65098;Boô-Silhen;274;6;280
65099;Bordères-Louron;152;6;158
65100;Bordères-sur-l'Échez;4024;187;4211
65101;Bordes;627;33;660
65102;Bouilh-Devant;17;1;18
65103;Bouilh-Péreuilh;95;4;99
65104;Boulin;297;9;306
65105;Bourg-de-Bigorre;209;3;212
65106;Bourisp;146;5;151
65107;Bourréac;92;2;94
65108;Bours;729;21;750
65109;Bramevaque;33;0;33
65110;Bugard;85;2;87
65111;Bulan;68;1;69
65112;Bun;128;1;129
65113;Burg;265;6;271
65114;Buzon;77;0;77
65115;Cabanac;241;6;247
65116;Cadéac;238;9;247
65117;Cadeilhan-Trachère;46;5;51
65118;Caharet;27;1;28
65119;Caixon;393;34;427
65120;Calavanté;228;1;229
65121;Camalès;385;12;397
65122;Camous;24;1;25
65123;Campan;1468;62;1530
65124;Camparan;58;1;59
65125;Campistrous;306;19;325
65126;Campuzan;153;5;158
65482;Cantaous;439;67;506
65127;Capvern;1257;34;1291
65128;Castelbajac;114;5;119
65129;Castelnau-Magnoac;763;18;781
65130;Castelnau-Rivière-Basse;694;10;704
65131;Castelvieilh;213;4;217
65132;Castéra-Lanusse;33;1;34
65133;Castéra-Lou;181;3;184
65134;Casterets;15;1;16
65135;Castillon;89;2;91
65136;Caubous;37;1;38
65137;Caussade-Rivière;85;5;90
65138;Cauterets;1106;51;1157
65139;Cazarilh;38;1;39
65140;Cazaux-Debat;22;2;24
65141;Cazaux-Fréchet-Anéran-Camors;42;0;42
65142;Chelle-Debat;204;6;210
65143;Chelle-Spou;91;1;92
65144;Cheust;86;2;88
65145;Chèze;45;1;46
65146;Chis;287;2;289
65147;Cieutat;563;13;576
65148;Cizos;111;3;114
65149;Clarac;160;9;169
65150;Clarens;442;9;451
65151;Collongues;144;2;146
65153;Coussan;119;5;124
65154;Créchets;36;3;39
65155;Devèze;57;2;59
65156;Dours;222;3;225
65157;Ens;25;0;25
65158;Esbareich;85;0;85
65159;Escala;383;7;390
65160;Escaunets;104;5;109
65161;Escondeaux;243;10;253
65162;Esconnets;26;1;27
65163;Escots;29;0;29
65164;Escoubès-Pouts;104;3;107
65165;Esparros;175;5;180
65166;Espèche;52;0;52
65167;Espieilh;35;1;36
65168;Esquièze-Sère;407;17;424
65169;Estaing;74;5;79
65170;Estampures;82;5;87
65171;Estarvielle;29;1;30
65172;Estensan;39;0;39
65173;Esterre;207;8;215
65174;Estirac;105;0;105
65175;Ferrère;50;1;51
65176;Ferrières;113;4;117
65177;Fontrailles;151;11;162
65178;Fréchède;35;0;35
65179;Fréchendets;32;0;32
65180;Fréchet-Aure;13;0;13
65181;Fréchou-Fréchet;118;7;125
65182;Gaillagos;102;5;107
65183;Galan;751;12;763
65184;Galez;135;6;141
65185;Gardères;415;8;423
65186;Gaudent;47;0;47
65187;Gaussan;114;3;117
65188;Gavarnie;153;2;155
65189;Gayan;266;3;269
65190;Gazave;71;3;74
65191;Gazost;138;1;139
65192;Gèdre;263;3;266
65193;Gembrie;63;6;69
65194;Générest;94;5;99
65195;Génos;151;1;152
65196;Gensac;85;7;92
65197;Ger;170;5;175
65198;Gerde;1148;29;1177
65199;Germ;41;0;41
65200;Germs-sur-l'Oussouet;139;2;141
65201;Geu;159;6;165
65202;Gez;273;10;283
65203;Gez-ez-Angles;21;1;22
65204;Gonez;27;0;27
65205;Gouaux;69;4;73
65206;Goudon;224;10;234
65207;Gourgue;44;0;44
65208;Grailhen;16;2;18
65209;Grézian;91;2;93
65210;Grust;48;0;48
65211;Guchan;145;11;156
65212;Guchen;356;16;372
65213;Guizerix;130;4;134
65214;Hachan;43;0;43
65215;Hagedet;45;0;45
65216;Hauban;84;3;87
65217;Hautaget;43;2;45
65218;Hèches;620;11;631
65219;Hères;108;0;108
65220;Hibarette;220;4;224
65221;Hiis;216;6;222
65222;Hitte;131;0;131
65223;Horgues;1090;69;1159
65224;Houeydets;222;3;225
65225;Hourc;107;4;111
65226;Ibos;2718;181;2899
65228;Ilhet;131;0;131
65229;Ilheu;40;0;40
65230;Izaourt;231;7;238
65231;Izaux;183;6;189
65232;Jacque;56;3;59
65233;Jarret;300;9;309
65234;Jézeau;120;7;127
65235;Juillan;3805;98;3903
65236;Julos;313;5;318
65237;Juncalas;182;6;188
65238;Labassère;261;5;266
65239;Labastide;160;6;166
65240;Labatut-Rivière;342;18;360
65241;Laborde;96;2;98
65242;Lacassagne;194;6;200
65243;Lafitole;454;16;470
65244;Lagarde;492;10;502
65245;Lagrange;216;8;224
65248;Lahitte-Toupière;249;9;258
65249;Lalanne;73;0;73
65250;Lalanne-Trie;126;0;126
65251;Laloubère;1842;91;1933
65252;Lamarque-Pontacq;747;10;757
65253;Lamarque-Rustaing;57;1;58
65254;Laméac;125;2;127
65256;Lanespède;155;5;160
65257;Lanne;584;8;592
65258;Lannemezan;5762;192;5954
65259;Lansac;152;4;156
65255;Lançon;29;0;29
65260;Lapeyre;86;3;89
65261;Laran;41;1;42
65262;Larreule;399;14;413
65263;Larroque;91;6;97
65264;Lascazères;291;31;322
65265;Laslades;337;12;349
65266;Lassales;26;1;27
65267;Lau-Balagnas;490;13;503
65268;Layrisse;166;8;174
65269;Lescurry;169;3;172
65270;Lespouey;195;5;200
65271;Lézignan;373;12;385
65272;Lhez;77;3;80
65273;Liac;174;9;183
65274;Libaros;150;7;157
65275;Lies;76;3;79
65276;Lizos;96;0;96
65277;Lombrès;82;4;86
65278;Lomné;41;1;42
65279;Lortet;194;7;201
65280;Loubajac;386;8;394
65281;Loucrup;210;7;217
65282;Loudenvielle;282;7;289
65283;Loudervielle;51;1;52
65284;Louey;974;22;996
65285;Louit;156;1;157
65286;Lourdes;15254;415;15669
65287;Loures-Barousse;729;13;742
65288;Lubret-Saint-Luc;73;2;75
65289;Luby-Betmont;107;2;109
65290;Luc;153;3;156
65291;Lugagnan;165;9;174
65292;Luquet;337;6;343
65293;Lustar;105;5;110
65294;Lutilhous;206;6;212
65295;Luz-Saint-Sauveur;1050;33;1083
65296;Madiran;462;12;474
65297;Mansan;47;1;48
65298;Marquerie;66;1;67
65299;Marsac;221;2;223
65300;Marsas;61;0;61
65301;Marseillan;187;4;191
65303;Mascaras;364;9;373
65304;Maubourguet;2506;39;2545
65305;Mauléon-Barousse;118;6;124
65306;Mauvezin;225;3;228
65307;Mazères-de-Neste;301;16;317
65308;Mazerolles;121;5;126
65309;Mazouau;15;0;15
65310;Mérilheu;244;10;254
65311;Mingot;86;6;92
65312;Molère;36;1;37
65313;Momères;632;17;649
65314;Monfaucon;213;2;215
65315;Monléon-Magnoac;457;232;689
65316;Monlong;102;3;105
65317;Mont;34;0;34
65318;Montastruc;265;7;272
65319;Montégut;126;4;130
65320;Montgaillard;720;44;764
65321;Montignac;101;3;104
65322;Montoussé;219;9;228
65323;Montsérié;47;2;49
65324;Moulédous;168;3;171
65325;Moumoulous;49;2;51
65326;Mun;105;1;106
65327;Nestier;169;8;177
65328;Neuilh;101;7;108
65329;Nistos;213;2;215
65330;Nouilhan;182;4;186
65331;Odos;3247;143;3390
65332;Oléac-Debat;99;6;105
65333;Oléac-Dessus;93;0;93
65334;Omex;238;7;245
65335;Ordizan;432;18;450
65336;Organ;36;4;40
65337;Orieux;110;5;115
65338;Orignac;230;7;237
65339;Orincles;309;6;315
65340;Orleix;1678;35;1713
65341;Oroix;121;6;127
65342;Osmets;82;4;86
65343;Ossen;181;4;185
65344;Ossun;2263;62;2325
65345;Ossun-ez-Angles;35;0;35
65346;Oueilloux;133;2;135
65347;Ourde;30;2;32
65348;Ourdis-Cotdoussan;49;2;51
65349;Ourdon;7;0;7
65350;Oursbelille;1202;27;1229
65351;Ousté;47;0;47
65352;Ouzous;194;10;204
65353;Ozon;269;9;278
65354;Pailhac;70;3;73
65355;Paréac;68;1;69
65356;Péré;62;4;66
65357;Peyraube;121;1;122
65358;Peyret-Saint-André;58;1;59
65359;Peyriguère;24;0;24
65360;Peyrouse;273;4;277
65361;Peyrun;77;3;80
65362;Pierrefitte-Nestalas;1286;31;1317
65363;Pinas;454;9;463
65364;Pintac;35;1;36
65366;Poueyferré;794;38;832
65367;Poumarous;119;3;122
65368;Pouy;37;1;38
65369;Pouyastruc;622;20;642
65370;Pouzac;1108;24;1132
65371;Préchac;205;5;210
65372;Pujo;607;27;634
65373;Puntous;211;7;218
65374;Puydarrieux;232;9;241
65375;Rabastens-de-Bigorre;1406;19;1425
65376;Recurt;186;6;192
65377;Réjaumont;161;5;166
65378;Ricaud;74;2;76
65379;Ris;9;0;9
65380;Sabalos;137;6;143
65381;Sabarros;34;3;37
65382;Sacoué;67;0;67
65383;Sadournin;182;4;186
65384;Sailhan;137;5;142
65385;Saint-Arroman;99;4;103
65386;Saint-Créac;94;1;95
65387;Saint-Lanne;138;8;146
65388;Saint-Lary-Soulan;1078;29;1107
65389;Saint-Laurent-de-Neste;876;52;928
65390;Saint-Lézer;393;15;408
65392;Saint-Martin;362;9;371
65393;Saint-Pastous;97;3;100
65394;Saint-Paul;260;9;269
65395;Saint-Pé-de-Bigorre;1268;29;1297
65396;Saint-Savin;375;14;389
65397;Saint-Sever-de-Rustan;151;3;154
65391;Sainte-Marie;36;0;36
65398;Saléchan;223;6;229
65399;Saligos;84;1;85
65400;Salles;192;2;194
65401;Salles-Adour;424;8;432
65402;Samuran;17;0;17
65403;Sanous;83;4;87
65404;Sariac-Magnoac;154;6;160
65405;Sarlabous;78;1;79
65406;Sarniguet;244;3;247
65407;Sarp;107;1;108
65408;Sarrancolin;645;22;667
65409;Sarriac-Bigorre;289;3;292
65410;Sarrouilles;571;17;588
65411;Sassis;86;0;86
65412;Sauveterre;167;9;176
65413;Sazos;110;1;111
65414;Ségalas;89;2;91
65415;Ségus;246;4;250
65416;Seich;71;1;72
65417;Séméac;5077;155;5232
65418;Sénac;242;7;249
65419;Sentous;81;5;86
65420;Sère-en-Lavedan;73;0;73
65421;Sère-Lanso;53;2;55
65423;Sère-Rustaing;132;6;138
65422;Séron;270;5;275
65424;Sers;91;1;92
65425;Siarrouy;432;15;447
65426;Sinzos;138;4;142
65427;Siradan;295;10;305
65428;Sireix;68;0;68
65429;Sombrun;213;3;216
65430;Soréac;37;1;38
65431;Sost;101;1;102
65432;Soublecause;175;10;185
65433;Soues;2999;73;3072
65435;Soulom;261;3;264
65436;Souyeaux;275;5;280
65437;Tajan;139;5;144
65438;Talazac;75;4;79
65439;Tarasteix;271;6;277
65440;Tarbes;44973;1986;46959
65441;Thèbe;74;3;77
65442;Thermes-Magnoac;183;4;187
65443;Thuy;14;0;14
65444;Tibiran-Jaunac;250;6;256
65445;Tilhouse;214;10;224
65446;Tostat;431;13;444
65447;Tournay;1252;28;1280
65448;Tournous-Darré;80;2;82
65449;Tournous-Devant;112;9;121
65450;Tramezaïgues;32;1;33
65451;Trébons;655;18;673
65452;Trie-sur-Baïse;1087;22;1109
65453;Troubat;55;0;55
65454;Trouley-Labarthe;85;1;86
65455;Tuzaguet;452;13;465
65456;Uglas;271;7;278
65457;Ugnouas;76;1;77
65458;Uz;36;0;36
65459;Uzer;107;2;109
65460;Vic-en-Bigorre;5104;310;5414
65461;Vidou;89;1;90
65462;Vidouze;256;3;259
65463;Viella;79;4;83
65464;Vielle-Adour;482;11;493
65465;Vielle-Aure;356;13;369
65466;Vielle-Louron;72;0;72
65467;Vier-Bordes;85;6;91
65468;Vieuzos;49;2;51
65469;Viey;31;0;31
65470;Viger;128;2;130
65471;Vignec;202;4;206
65472;Villefranque;82;4;86
65473;Villelongue;329;7;336
65474;Villembits;94;2;96
65475;Villemur;64;1;65
65476;Villenave-près-Béarn;59;1;60
65477;Villenave-près-Marsac;62;1;63
65478;Viscos;45;1;46
65479;Visker;330;13;343
65480;Vizos;32;0;32
66001;L' Albère;74;1;75
66002;Alénya;2846;37;2883
66003;Amélie-les-Bains-Palalda;3683;69;3752
66004;Les Angles;565;10;575
66005;Angoustrine-Villeneuve-des-Escaldes;637;34;671
66006;Ansignan;184;5;189
66007;Arboussols;107;6;113
66008;Argelès-sur-Mer;9998;170;10168
66009;Arles-sur-Tech;2719;45;2764
66010;Ayguatébia-Talau;45;3;48
66011;Bages;3779;53;3832
66012;Baho;2928;46;2974
66013;Baillestavy;90;0;90
66014;Baixas;2433;25;2458
66015;Banyuls-dels-Aspres;1154;23;1177
66016;Banyuls-sur-Mer;4644;89;4733
66017;Le Barcarès;4005;42;4047
66018;La Bastide;103;0;103
66019;Bélesta;214;1;215
66020;Bolquère;798;34;832
66021;Bompas;7149;120;7269
66022;Boule-d'Amont;55;3;58
66023;Bouleternère;777;13;790
66024;Le Boulou;5175;68;5243
66025;Bourg-Madame;1255;102;1357
66026;Brouilla;990;15;1005
66027;La Cabanasse;740;14;754
66028;Cabestany;8395;177;8572
66029;Caixas;112;0;112
66030;Calce;225;9;234
66032;Calmeilles;61;0;61
66033;Camélas;455;8;463
66034;Campôme;106;2;108
66035;Campoussy;41;1;42
66036;Canaveilles;49;2;51
66037;Canet-en-Roussillon;12164;204;12368
66038;Canohès;4831;111;4942
66039;Caramany;140;1;141
66040;Casefabre;35;1;36
66041;Cases-de-Pène;685;5;690
66042;Cassagnes;247;1;248
66043;Casteil;125;3;128
66044;Castelnou;365;8;373
66045;Catllar;693;22;715
66047;Caudiès-de-Conflent;12;1;13
66046;Caudiès-de-Fenouillèdes;586;14;600
66048;Cerbère;1571;10;1581
66049;Céret;7620;218;7838
66050;Claira;3469;55;3524
66051;Clara;241;3;244
66063;Les Cluses;243;2;245
66052;Codalet;389;14;403
66053;Collioure;2944;49;2993
66054;Conat;52;3;55
66055;Corbère;603;3;606
66056;Corbère-les-Cabanes;966;11;977
66057;Corneilla-de-Conflent;466;4;470
66059;Corneilla-del-Vercol;1964;32;1996
66058;Corneilla-la-Rivière;1725;23;1748
66060;Corsavy;201;43;244
66061;Coustouges;116;1;117
66062;Dorres;179;11;190
66064;Égat;459;18;477
66065;Elne;7452;101;7553
66066;Enveitg;623;13;636
66067;Err;621;5;626
66068;Escaro;89;1;90
66070;Espira-de-Conflent;178;2;180
66069;Espira-de-l'Agly;2960;158;3118
66071;Estagel;1902;24;1926
66072;Estavar;470;3;473
66073;Estoher;154;2;156
66074;Eus;400;13;413
66075;Eyne;153;2;155
66076;Felluns;59;0;59
66077;Fenouillet;84;0;84
66078;Fillols;149;2;151
66079;Finestret;149;3;152
66124;Font-Romeu-Odeillo-Via;1992;263;2255
66080;Fontpédrouse;123;3;126
66081;Fontrabiouse;109;3;112
66082;Formiguères;437;21;458
66083;Fosse;40;1;41
66084;Fourques;1003;16;1019
66085;Fuilla;365;6;371
66086;Glorianes;20;0;20
66088;Ille-sur-Têt;5244;81;5325
66089;Joch;222;4;226
66090;Jujols;56;3;59
66091;Lamanère;59;2;61
66092;Lansac;99;1;100
66093;Laroque-des-Albères;1968;36;2004
66094;Latour-Bas-Elne;2057;36;2093
66095;Latour-de-Carol;401;33;434
66096;Latour-de-France;1052;13;1065
66097;Lesquerde;152;0;152
66098;La Llagonne;274;6;280
66099;Llauro;322;7;329
66100;Llo;150;7;157
66101;Llupia;1820;22;1842
66102;Mantet;22;2;24
66103;Marquixanes;532;8;540
66104;Los Masos;661;26;687
66105;Matemale;295;5;300
66106;Maureillas-las-Illas;2594;36;2630
66107;Maury;896;9;905
66108;Millas;3849;59;3908
66109;Molitg-les-Bains;217;3;220
66117;Mont-Louis;284;5;289
66111;Montalba-le-Château;142;4;146
66112;Montauriol;212;3;215
66113;Montbolo;192;0;192
66114;Montescot;1593;23;1616
66115;Montesquieu-des-Albères;1142;18;1160
66116;Montferrer;202;4;206
66118;Montner;311;6;317
66119;Mosset;303;6;309
66120;Nahuja;69;1;70
66121;Néfiach;992;36;1028
66122;Nohèdes;71;2;73
66123;Nyer;178;2;180
66125;Olette;401;6;407
66126;Oms;275;5;280
66127;Opoul-Périllos;755;7;762
66128;Oreilla;15;0;15
66129;Ortaffa;1285;15;1300
66130;Osséja;1480;141;1621
66132;Palau-de-Cerdagne;516;17;533
66133;Palau-del-Vidre;2607;43;2650
66134;Passa;685;12;697
66136;Perpignan;116041;2180;118221
66137;Le Perthus;579;9;588
66138;Peyrestortes;1364;15;1379
66139;Pézilla-de-Conflent;52;2;54
66140;Pézilla-la-Rivière;3083;52;3135
66141;Pia;7134;161;7295
66142;Planès;47;1;48
66143;Planèzes;96;5;101
66144;Pollestres;3904;60;3964
66145;Ponteilla;2642;46;2688
66148;Port-Vendres;4414;94;4508
66146;Porta;134;1;135
66147;Porté-Puymorens;124;6;130
66149;Prades;6356;402;6758
66150;Prats-de-Mollo-la-Preste;1144;23;1167
66151;Prats-de-Sournia;71;1;72
66152;Prugnanes;100;2;102
66153;Prunet-et-Belpuig;58;4;62
66154;Puyvalador;90;4;94
66155;Py;110;1;111
66156;Rabouillet;105;4;109
66157;Railleu;11;0;11
66158;Rasiguères;139;3;142
66159;Réal;42;0;42
66160;Reynès;1248;27;1275
66161;Ria-Sirach;1175;16;1191
66162;Rigarda;320;9;329
66164;Rivesaltes;8625;159;8784
66165;Rodès;597;13;610
66166;Sahorre;361;2;363
66167;Saillagouse;1009;24;1033
66168;Saint-André;2717;33;2750
66169;Saint-Arnac;120;2;122
66171;Saint-Cyprien;10345;134;10479
66172;Saint-Estève;11120;222;11342
66173;Saint-Féliu-d'Amont;727;9;736
66174;Saint-Féliu-d'Avall;2396;37;2433
66175;Saint-Génis-des-Fontaines;2783;42;2825
66176;Saint-Hippolyte;2327;26;2353
66177;Saint-Jean-Lasseille;683;6;689
66178;Saint-Jean-Pla-de-Corts;1965;44;2009
66179;Saint-Laurent-de-Cerdans;1288;14;1302
66180;Saint-Laurent-de-la-Salanque;8488;106;8594
66183;Saint-Marsal;103;2;105
66184;Saint-Martin;54;0;54
66185;Saint-Michel-de-Llotes;304;4;308
66186;Saint-Nazaire;2337;44;2381
66187;Saint-Paul-de-Fenouillet;1966;15;1981
66188;Saint-Pierre-dels-Forcats;233;5;238
66170;Sainte-Colombe-de-la-Commanderie;117;2;119
66181;Sainte-Léocadie;138;3;141
66182;Sainte-Marie;4105;40;4145
66189;Saleilles;4354;72;4426
66190;Salses-le-Château;2827;115;2942
66191;Sansa;19;0;19
66192;Sauto;82;3;85
66193;Serdinya;220;4;224
66194;Serralongue;258;8;266
66195;Le Soler;6630;103;6733
66196;Sorède;2970;35;3005
66197;Souanyas;36;0;36
66198;Sournia;419;8;427
66199;Taillet;81;0;81
66201;Tarerach;57;0;57
66202;Targassonne;200;5;205
66203;Taulis;51;3;54
66204;Taurinya;318;9;327
66205;Tautavel;903;13;916
66206;Le Tech;86;1;87
66207;Terrats;615;18;633
66208;Théza;1343;62;1405
66209;Thuès-Entre-Valls;36;1;37
66210;Thuir;7415;123;7538
66211;Tordères;171;6;177
66212;Torreilles;3092;48;3140
66213;Toulouges;5837;103;5940
66214;Tresserre;753;10;763
66215;Trévillach;111;1;112
66216;Trilla;60;0;60
66217;Trouillas;1554;21;1575
66218;Ur;332;9;341
66219;Urbanya;57;0;57
66220;Valcebollère;39;1;40
66221;Valmanya;27;0;27
66222;Vernet-les-Bains;1480;62;1542
66223;Villefranche-de-Conflent;235;5;240
66224;Villelongue-de-la-Salanque;2912;42;2954
66225;Villelongue-dels-Monts;1327;60;1387
66226;Villemolaque;1120;18;1138
66227;Villeneuve-de-la-Raho;3763;89;3852
66228;Villeneuve-la-Rivière;1309;9;1318
66231;Vingrau;565;3;568
66230;Vinça;1856;35;1891
66232;Vira;33;0;33
66233;Vivès;163;2;165
66234;Le Vivier;84;2;86
67001;Achenheim;2230;40;2270
67002;Adamswiller;376;21;397
67003;Albé;474;8;482
67004;Allenwiller;501;8;509
67005;Alteckendorf;738;5;743
67006;Altenheim;218;3;221
67008;Altorf;1179;15;1194
67009;Altwiller;412;11;423
67010;Andlau;1843;66;1909
67011;Artolsheim;867;19;886
67012;Aschbach;679;9;688
67013;Asswiller;269;3;272
67014;Auenheim;835;8;843
67016;Avolsheim;763;14;777
67017;Baerendorf;299;6;305
67018;Balbronn;649;7;656
67019;Baldenheim;1079;16;1095
67020;Barembach;894;17;911
67021;Barr;6705;191;6896
67022;Bassemberg;273;8;281
67023;Batzendorf;917;15;932
67025;Beinheim;1894;40;1934
67026;Bellefosse;128;0;128
67027;Belmont;162;0;162
67028;Benfeld;5315;91;5406
67029;Berg;404;3;407
67030;Bergbieten;612;13;625
67031;Bernardswiller;1411;39;1450
67032;Bernardvillé;207;10;217
67033;Bernolsheim;548;5;553
67034;Berstett;2131;20;2151
67035;Berstheim;378;5;383
67339;Betschdorf;3971;52;4023
67036;Bettwiller;338;8;346
67037;Biblisheim;367;13;380
67038;Bietlenheim;272;1;273
67039;Bilwisheim;424;2;426
67040;Bindernheim;860;14;874
67041;Birkenwald;285;8;293
67043;Bischheim;17739;229;17968
67044;Bischholtz;274;5;279
67045;Bischoffsheim;3141;68;3209
67046;Bischwiller;12659;100;12759
67047;Bissert;144;3;147
67048;Bitschhoffen;459;5;464
67049;Blaesheim;1299;10;1309
67050;Blancherupt;31;1;32
67051;Blienschwiller;306;8;314
67052;Boersch;2369;60;2429
67053;Boesenbiesen;299;8;307
67054;Bolsenheim;435;4;439
67055;Boofzheim;1213;23;1236
67056;Bootzheim;571;5;576
67057;Bosselshausen;174;3;177
67058;Bossendorf;389;6;395
67059;Bourg-Bruche;454;7;461
67060;Bourgheim;482;6;488
67061;Bouxwiller;3968;95;4063
67062;Breitenau;281;4;285
67063;Breitenbach;700;19;719
67065;Breuschwickersheim;1212;10;1222
67066;La Broque;2761;108;2869
67067;Brumath;9825;114;9939
67069;Buhl;506;5;511
67070;Burbach;321;1;322
67071;Bust;445;7;452
67068;Buswiller;197;3;200
67072;Butten;669;11;680
67073;Châtenois;3876;83;3959
67074;Cleebourg;671;15;686
67075;Climbach;515;5;520
67076;Colroy-la-Roche;477;4;481
67077;Cosswiller;554;19;573
67078;Crastatt;196;2;198
67079;Croettwiller;165;3;168
67080;Dachstein;1485;19;1504
67081;Dahlenheim;678;10;688
67082;Dalhunden;974;7;981
67083;Dambach;753;18;771
67084;Dambach-la-Ville;1924;49;1973
67085;Dangolsheim;627;11;638
67086;Daubensand;370;7;377
67087;Dauendorf;1427;14;1441
67088;Dehlingen;386;8;394
67089;Dettwiller;2596;54;2650
67090;Diebolsheim;596;43;639
67091;Diedendorf;331;12;343
67092;Dieffenbach-au-Val;628;14;642
67093;Dieffenbach-lès-Woerth;346;5;351
67094;Dieffenthal;248;4;252
67095;Diemeringen;1640;31;1671
67096;Dimbsthal;317;6;323
67097;Dingsheim;1315;21;1336
67098;Dinsheim-sur-Bruche;1313;21;1334
67099;Domfessel;297;5;302
67100;Donnenheim;258;9;267
67101;Dorlisheim;2408;28;2436
67102;Dossenheim-Kochersberg;218;3;221
67103;Dossenheim-sur-Zinsel;1097;23;1120
67104;Drachenbronn-Birlenbach;958;8;966
67105;Drulingen;1451;30;1481
67106;Drusenheim;5028;40;5068
67107;Duntzenheim;602;4;606
67108;Duppigheim;1560;12;1572
67109;Durningen;615;11;626
67110;Durrenbach;1058;20;1078
67111;Durstel;400;8;408
67112;Duttlenheim;2818;25;2843
67113;Eberbach-Seltz;388;9;397
67115;Ebersheim;2004;39;2043
67116;Ebersmunster;460;41;501
67117;Eckartswiller;476;12;488
67118;Eckbolsheim;6403;62;6465
67119;Eckwersheim;1424;24;1448
67120;Eichhoffen;511;7;518
67121;Elsenheim;796;14;810
67123;Engwiller;453;21;474
67124;Entzheim;1796;24;1820
67125;Epfig;2130;65;2195
67126;Erckartswiller;243;3;246
67127;Ergersheim;1035;15;1050
67128;Ernolsheim-Bruche;1564;25;1589
67129;Ernolsheim-lès-Saverne;601;10;611
67130;Erstein;9971;154;10125
67131;Eschau;4804;48;4852
67132;Eschbach;916;16;932
67133;Eschbourg;480;4;484
67134;Eschwiller;163;3;166
67135;Ettendorf;811;20;831
67136;Eywiller;267;3;270
67137;Fegersheim;5173;62;5235
67138;Fessenheim-le-Bas;488;2;490
67139;Flexbourg;463;11;474
67140;Forstfeld;692;8;700
67141;Forstheim;536;14;550
67142;Fort-Louis;301;0;301
67143;Fouchy;611;11;622
67144;Fouday;345;4;349
67145;Friedolsheim;229;5;234
67146;Friesenheim;658;3;661
67147;Froeschwiller;522;6;528
67148;Frohmuhl;186;4;190
67149;Furchhausen;378;17;395
67150;Furdenheim;1144;7;1151
67151;Gambsheim;4377;41;4418
67152;Geispolsheim;7067;77;7144
67153;Geiswiller;207;1;208
67154;Gerstheim;3029;28;3057
67155;Gertwiller;891;17;908
67156;Geudertheim;2287;25;2312
67158;Gingsheim;318;9;327
67159;Goerlingen;244;6;250
67160;Goersdorf;1108;8;1116
67161;Gottenhouse;372;14;386
67162;Gottesheim;343;2;345
67163;Gougenheim;494;5;499
67164;Goxwiller;789;17;806
67165;Grandfontaine;385;7;392
67166;Grassendorf;179;6;185
67167;Grendelbruch;1228;63;1291
67168;Gresswiller;1457;24;1481
67169;Gries;2743;25;2768
67172;Griesheim-près-Molsheim;1950;47;1997
67173;Griesheim-sur-Souffel;1127;26;1153
67174;Gumbrechtshoffen;1217;18;1235
67176;Gundershoffen;3458;41;3499
67178;Gungwiller;290;3;293
67177;Gunstett;688;13;701
67179;Haegen;637;14;651
67180;Haguenau;35112;610;35722
67181;Handschuheim;303;3;306
67182;Hangenbieten;1479;14;1493
67183;Harskirchen;877;17;894
67184;Hatten;1986;13;1999
67185;Hattmatt;639;8;647
67186;Hegeney;387;0;387
67187;Heidolsheim;471;4;475
67188;Heiligenberg;626;15;641
67189;Heiligenstein;987;23;1010
67190;Hengwiller;174;1;175
67191;Herbitzheim;1913;43;1956
67192;Herbsheim;814;6;820
67194;Herrlisheim;4566;38;4604
67195;Hessenheim;537;7;544
67196;Hilsenheim;2439;132;2571
67197;Hindisheim;1362;26;1388
67198;Hinsbourg;117;3;120
67199;Hinsingen;88;1;89
67200;Hipsheim;776;39;815
67201;Hirschland;319;12;331
67202;Hochfelden;3061;25;3086
67203;Hochstett;326;3;329
67204;Hoenheim;10544;106;10650
67205;Hoerdt;4429;55;4484
67206;Hoffen;1205;21;1226
67207;Hohatzenheim;212;7;219
67208;Hohengoeft;522;7;529
67209;Hohfrankenheim;259;4;263
67210;Le Hohwald;480;9;489
67212;Holtzheim;3006;21;3027
67213;Hunspach;668;15;683
67214;Hurtigheim;502;6;508
67215;Huttendorf;407;6;413
67216;Huttenheim;2461;41;2502
67217;Ichtratzheim;293;2;295
67218;Illkirch-Graffenstaden;26829;665;27494
67220;Ingenheim;372;5;377
67221;Ingolsheim;286;3;289
67222;Ingwiller;4070;73;4143
67223;Innenheim;1031;11;1042
67225;Issenhausen;95;2;97
67226;Ittenheim;2144;33;2177
67227;Itterswiller;275;5;280
67229;Jetterswiller;177;6;183
67230;Kaltenhouse;2143;7;2150
67231;Kauffenheim;209;1;210
67232;Keffenach;215;5;220
67233;Kertzfeld;1299;9;1308
67234;Keskastel;1541;34;1575
67235;Kesseldorf;428;2;430
67236;Kienheim;576;13;589
67237;Kilstett;2320;11;2331
67238;Kindwiller;561;16;577
67239;Kintzheim;1515;30;1545
67240;Kirchheim;553;4;557
67241;Kirrberg;174;1;175
67242;Kirrwiller;511;10;521
67244;Kleingoeft;133;6;139
67245;Knoersheim;196;3;199
67246;Kogenheim;1079;14;1093
67247;Kolbsheim;825;9;834
67248;Krautergersheim;1611;16;1627
67249;Krautwiller;196;2;198
67250;Kriegsheim;710;10;720
67252;Kurtzenhouse;922;4;926
67253;Kuttolsheim;645;10;655
67254;Kutzenhausen;837;25;862
67255;Lalaye;438;7;445
67256;Lampertheim;3015;62;3077
67257;Lampertsloch;697;11;708
67258;Landersheim;187;5;192
67259;Langensoultzbach;985;22;1007
67260;Laubach;298;4;302
67261;Lauterbourg;2216;47;2263
67263;Lembach;1728;36;1764
67264;Leutenheim;845;8;853
67265;Lichtenberg;559;6;565
67266;Limersheim;584;9;593
67267;Lingolsheim;16954;185;17139
67268;Lipsheim;2484;25;2509
67269;Littenheim;291;1;292
67270;Lixhausen;326;6;332
67271;Lobsann;590;4;594
67272;Lochwiller;388;12;400
67273;Lohr;510;5;515
67274;Lorentzen;207;4;211
67275;Lupstein;774;12;786
67276;Lutzelhouse;1807;35;1842
67277;Mackenheim;693;13;706
67278;Mackwiller;608;9;617
67279;Maennolsheim;173;4;177
67280;Maisonsgoutte;832;14;846
67281;Marckolsheim;4185;54;4239
67282;Marlenheim;3493;47;3540
67283;Marmoutier;2688;62;2750
67285;Matzenheim;1448;146;1594
67286;Meistratzheim;1371;18;1389
67287;Melsheim;585;4;589
67288;Memmelshoffen;323;5;328
67289;Menchhoffen;511;7;518
67290;Merkwiller-Pechelbronn;874;15;889
67291;Mertzwiller;3504;51;3555
67292;Mietesheim;626;13;639
67293;Minversheim;620;3;623
67295;Mittelbergheim;673;10;683
67296;Mittelhausbergen;1750;33;1783
67297;Mittelhausen;554;5;559
67298;Mittelschaeffolsheim;497;1;498
67299;Mollkirch;941;18;959
67300;Molsheim;9331;165;9496
67301;Mommenheim;1825;35;1860
67302;Monswiller;2110;24;2134
67303;Morsbronn-les-Bains;576;6;582
67304;Morschwiller;543;9;552
67305;Mothern;2027;28;2055
67306;Muhlbach-sur-Bruche;636;67;703
67307;Mulhausen;422;8;430
67308;Munchhausen;730;8;738
67309;Mundolsheim;5062;76;5138
67310;Mussig;1138;45;1183
67311;Muttersholtz;1895;30;1925
67312;Mutzenhouse;429;5;434
67313;Mutzig;5924;73;5997
67314;Natzwiller;613;12;625
67315;Neewiller-près-Lauterbourg;661;25;686
67317;Neubois;673;9;682
67228;Neugartheim-Ittlenheim;698;8;706
67319;Neuhaeusel;348;3;351
67320;Neuve-Église;620;17;637
67321;Neuviller-la-Roche;401;9;410
67322;Neuwiller-lès-Saverne;1152;22;1174
67324;Niederbronn-les-Bains;4421;93;4514
67325;Niederhaslach;1450;22;1472
67326;Niederhausbergen;1348;28;1376
67327;Niederlauterbach;919;15;934
67328;Niedermodern;756;13;769
67329;Niedernai;1244;25;1269
67330;Niederroedern;872;20;892
67331;Niederschaeffolsheim;1243;23;1266
67333;Niedersoultzbach;256;5;261
67334;Niedersteinbach;138;3;141
67335;Nordheim;790;12;802
67336;Nordhouse;1577;17;1594
67337;Nothalten;457;8;465
67338;Obenheim;1371;17;1388
67340;Oberbronn;1526;23;1549
67341;Oberdorf-Spachbach;342;6;348
67342;Oberhaslach;1773;25;1798
67343;Oberhausbergen;4546;61;4607
67344;Oberhoffen-lès-Wissembourg;310;15;325
67345;Oberhoffen-sur-Moder;3123;36;3159
67346;Oberlauterbach;520;6;526
67347;Obermodern-Zutzendorf;1559;12;1571
67348;Obernai;10947;472;11419
67349;Oberroedern;490;6;496
67350;Oberschaeffolsheim;2132;30;2162
67352;Obersoultzbach;382;7;389
67353;Obersteinbach;224;3;227
67354;Odratzheim;469;6;475
67355;Oermingen;1230;19;1249
67356;Offendorf;2088;14;2102
67358;Offwiller;827;7;834
67359;Ohlungen;1341;12;1353
67360;Ohnenheim;840;21;861
67361;Olwisheim;487;12;499
67362;Orschwiller;560;14;574
67363;Osthoffen;806;4;810
67364;Osthouse;956;14;970
67365;Ostwald;10761;117;10878
67366;Ottersthal;735;22;757
67367;Otterswiller;1334;41;1375
67368;Ottrott;1636;34;1670
67369;Ottwiller;220;4;224
67370;Petersbach;699;6;705
67371;La Petite-Pierre;604;15;619
67372;Pfaffenhoffen;2762;35;2797
67373;Pfalzweyer;292;8;300
67374;Pfettisheim;792;12;804
67375;Pfulgriesheim;1281;29;1310
67377;Plaine;946;31;977
67378;Plobsheim;3702;40;3742
67379;Preuschdorf;960;17;977
67380;Printzheim;213;0;213
67381;Puberg;342;7;349
67382;Quatzenheim;775;11;786
67383;Rangen;167;3;170
67384;Ranrupt;343;9;352
67385;Ratzwiller;252;1;253
67386;Rauwiller;212;3;215
67387;Reichsfeld;308;5;313
67388;Reichshoffen;5577;115;5692
67389;Reichstett;4512;44;4556
67391;Reinhardsmunster;450;5;455
67392;Reipertswiller;962;11;973
67394;Retschwiller;244;7;251
67395;Reutenbourg;343;5;348
67396;Rexingen;192;5;197
67397;Rhinau;2613;22;2635
67398;Richtolsheim;352;3;355
67400;Riedseltz;1126;27;1153
67401;Rimsdorf;262;6;268
67402;Ringeldorf;84;2;86
67403;Ringendorf;414;7;421
67404;Rittershoffen;922;16;938
67405;Roeschwoog;2103;28;2131
67406;Rohr;278;7;285
67407;Rohrwiller;1611;8;1619
67408;Romanswiller;1318;24;1342
67409;Roppenheim;928;9;937
67410;Rosenwiller;688;17;705
67411;Rosheim;4721;69;4790
67412;Rossfeld;793;12;805
67413;Rosteig;569;10;579
67414;Rothau;1582;24;1606
67415;Rothbach;506;9;515
67416;Rott;477;4;481
67417;Rottelsheim;326;2;328
67418;Rountzenheim;1007;5;1012
67420;Russ;1224;22;1246
67421;Saales;940;12;952
67422;Saasenheim;579;18;597
67423;Saessolsheim;490;8;498
67424;Saint-Blaise-la-Roche;228;1;229
67425;Saint-Jean-Saverne;597;22;619
67426;Saint-Martin;341;13;354
67427;Saint-Maurice;375;15;390
67428;Saint-Nabor;460;18;478
67429;Saint-Pierre;594;6;600
67430;Saint-Pierre-Bois;710;18;728
67431;Salenthal;214;4;218
67432;Salmbach;586;10;596
67433;Sand;1147;11;1158
67434;Sarre-Union;3161;85;3246
67435;Sarrewerden;935;28;963
67436;Saulxures;526;7;533
67437;Saverne;11966;282;12248
67438;Schaeffersheim;806;7;813
67440;Schaffhouse-près-Seltz;532;11;543
67439;Schaffhouse-sur-Zorn;388;14;402
67441;Schalkendorf;305;2;307
67442;Scharrachbergheim-Irmstett;1099;58;1157
67443;Scheibenhard;846;16;862
67444;Scherlenheim;118;1;119
67445;Scherwiller;3009;42;3051
67446;Schillersdorf;442;11;453
67447;Schiltigheim;31729;258;31987
67448;Schirmeck;2453;66;2519
67449;Schirrhein;2145;28;2173
67450;Schirrhoffen;691;6;697
67451;Schleithal;1444;36;1480
67452;Schnersheim;1221;14;1235
67453;Schoenau;532;12;544
67454;Schoenbourg;458;2;460
67455;Schoenenbourg;672;14;686
67456;Schopperten;393;6;399
67458;Schweighouse-sur-Moder;4559;71;4630
67459;Schwenheim;677;9;686
67460;Schwindratzheim;1611;23;1634
67461;Schwobsheim;259;2;261
67351;Seebach;1770;42;1812
67462;Sélestat;19303;353;19656
67463;Seltz;3189;23;3212
67464;Sermersheim;800;10;810
67465;Sessenheim;2026;6;2032
67466;Siegen;518;13;531
67467;Siewiller;411;14;425
67468;Siltzheim;621;7;628
67469;Singrist;338;6;344
67470;Solbach;107;2;109
67471;Souffelweyersheim;6368;65;6433
67472;Soufflenheim;4745;55;4800
67473;Soultz-les-Bains;827;23;850
67474;Soultz-sous-Forêts;2762;50;2812
67475;Sparsbach;251;4;255
67476;Stattmatten;664;2;666
67477;Steige;541;4;545
67478;Steinbourg;1976;20;1996
67479;Steinseltz;628;15;643
67480;Still;1655;29;1684
67481;Stotzheim;1029;28;1057
67482;Strasbourg;272123;3940;276063
67483;Struth;221;6;227
67484;Stundwiller;410;7;417
67485;Stutzheim-Offenheim;1499;30;1529
67486;Sundhouse;1428;18;1446
67487;Surbourg;1583;30;1613
67488;Thal-Drulingen;169;1;170
67489;Thal-Marmoutier;718;17;735
67490;Thanvillé;555;15;570
67491;Tieffenbach;285;4;289
67492;Traenheim;648;11;659
67493;Triembach-au-Val;461;6;467
67494;Trimbach;492;7;499
67495;Truchtersheim;2826;41;2867
67496;Uberach;1165;31;1196
67497;Uhlwiller;696;10;706
67498;Uhrwiller;687;11;698
67499;Urbeis;300;17;317
67500;Urmatt;1437;19;1456
67501;Uttenheim;578;6;584
67502;Uttenhoffen;173;6;179
67503;Uttwiller;172;3;175
67504;Valff;1352;20;1372
67505;La Vancelle;405;18;423
67506;Vendenheim;5646;76;5722
67507;Villé;1736;37;1773
67508;Voellerdingen;429;4;433
67509;Volksberg;357;3;360
67510;Wahlenheim;381;5;386
67511;Walbourg;792;307;1099
67512;La Walck;1169;20;1189
67513;Waldersbach;138;2;140
67514;Waldhambach;666;10;676
67515;Waldolwisheim;538;11;549
67516;Waltenheim-sur-Zorn;720;3;723
67517;Wangen;702;19;721
67122;Wangenbourg-Engenthal;1366;19;1385
67519;La Wantzenau;5859;83;5942
67520;Wasselonne;5571;50;5621
67521;Weinbourg;455;14;469
67522;Weislingen;566;14;580
67523;Weitbruch;2661;46;2707
67524;Weiterswiller;574;21;595
67525;Westhoffen;1610;28;1638
67526;Westhouse;1416;16;1432
67527;Westhouse-Marmoutier;250;3;253
67528;Weyer;586;9;595
67529;Weyersheim;3182;41;3223
67530;Wickersheim-Wilshausen;435;12;447
67531;Wildersbach;318;8;326
67532;Willgottheim;1090;5;1095
67534;Wilwisheim;668;7;675
67535;Wimmenau;1130;19;1149
67536;Windstein;161;3;164
67537;Wingen;455;10;465
67538;Wingen-sur-Moder;1609;34;1643
67539;Wingersheim;1142;10;1152
67540;Wintershouse;787;6;793
67541;Wintzenbach;591;6;597
67542;Wintzenheim-Kochersberg;289;5;294
67543;Wisches;2166;35;2201
67544;Wissembourg;7978;250;8228
67545;Witternheim;524;6;530
67546;Wittersheim;582;10;592
67547;Wittisheim;1957;31;1988
67548;Wiwersheim;719;9;728
67550;Woerth;1814;25;1839
67551;Wolfisheim;3944;54;3998
67552;Wolfskirchen;352;13;365
67553;Wolschheim;310;4;314
67554;Wolxheim;865;21;886
67555;Zehnacker;241;5;246
67556;Zeinheim;186;1;187
67557;Zellwiller;725;11;736
67558;Zinswiller;820;9;829
67559;Zittersheim;255;1;256
67560;Zoebersdorf;183;7;190
68001;Algolsheim;1083;12;1095
68002;Altenach;387;5;392
68004;Altkirch;5644;157;5801
68005;Ammerschwihr;1913;67;1980
68006;Ammerzwiller;321;10;331
68007;Andolsheim;2227;67;2294
68008;Appenwihr;461;8;469
68009;Artzenheim;775;10;785
68010;Aspach;1141;29;1170
68011;Aspach-le-Bas;1307;21;1328
68012;Aspach-le-Haut;1420;36;1456
68013;Attenschwiller;877;20;897
68014;Aubure;407;14;421
68015;Baldersheim;2519;57;2576
68016;Balgau;841;9;850
68017;Ballersdorf;851;12;863
68018;Balschwiller;824;15;839
68019;Baltzenheim;585;9;594
68020;Bantzenheim;1642;22;1664
68021;Bartenheim;3469;50;3519
68022;Battenheim;1283;26;1309
68023;Beblenheim;954;7;961
68024;Bellemagny;195;0;195
68025;Bendorf;228;2;230
68026;Bennwihr;1304;25;1329
68027;Berentzwiller;320;5;325
68028;Bergheim;1860;31;1891
68029;Bergholtz;1061;14;1075
68030;Bergholtzzell;395;4;399
68031;Bernwiller;621;18;639
68032;Berrwiller;1113;26;1139
68033;Bettendorf;476;9;485
68034;Bettlach;326;4;330
68035;Biederthal;348;2;350
68036;Biesheim;2299;37;2336
68037;Biltzheim;365;3;368
68038;Bischwihr;939;22;961
68039;Bisel;569;10;579
68040;Bitschwiller-lès-Thann;2164;52;2216
68041;Blodelsheim;1624;24;1648
68042;Blotzheim;3785;104;3889
68043;Bollwiller;3565;53;3618
68044;Le Bonhomme;841;21;862
68045;Bourbach-le-Bas;627;7;634
68046;Bourbach-le-Haut;424;6;430
68049;Bouxwiller;458;15;473
68050;Bréchaumont;393;8;401
68051;Breitenbach-Haut-Rhin;874;17;891
68052;Bretten;175;4;179
68054;Brinckheim;346;6;352
68055;Bruebach;1031;28;1059
68056;Brunstatt;6179;145;6324
68057;Buethwiller;277;7;284
68058;Buhl;3238;46;3284
68059;Burnhaupt-le-Bas;1512;22;1534
68060;Burnhaupt-le-Haut;1598;42;1640
68061;Buschwiller;950;19;969
68062;Carspach;1816;74;1890
68063;Cernay;11118;248;11366
68064;Chalampé;878;18;896
68065;Chavannes-sur-l'Étang;540;10;550
68066;Colmar;66560;1154;67714
68067;Courtavon;350;7;357
68068;Dannemarie;2324;46;2370
68069;Dessenheim;1169;14;1183
68070;Didenheim;1670;38;1708
68071;Diefmatten;262;5;267
68072;Dietwiller;1315;22;1337
68073;Dolleren;423;10;433
68074;Durlinsdorf;477;13;490
68075;Durmenach;915;13;928
68076;Durrenentzen;892;12;904
68077;Eglingen;324;3;327
68078;Eguisheim;1572;39;1611
68079;Elbach;269;3;272
68080;Emlingen;241;5;246
68082;Ensisheim;6967;102;7069
68083;Eschbach-au-Val;390;5;395
68084;Eschentzwiller;1394;41;1435
68085;Eteimbes;306;4;310
68086;Falkwiller;198;1;199
68087;Feldbach;447;13;460
68088;Feldkirch;941;14;955
68089;Fellering;1711;38;1749
68090;Ferrette;999;24;1023
68091;Fessenheim;2250;41;2291
68092;Fislis;409;7;416
68093;Flaxlanden;1465;28;1493
68094;Folgensbourg;749;20;769
68095;Fortschwihr;1182;41;1223
68096;Franken;332;4;336
68097;Fréland;1397;23;1420
68098;Friesen;550;11;561
68099;Froeningen;600;10;610
68100;Fulleren;335;3;338
68101;Galfingue;775;10;785
68102;Geishouse;481;8;489
68103;Geispitzen;415;14;429
68104;Geiswasser;326;8;334
68105;Gildwiller;280;8;288
68106;Goldbach-Altenbach;297;15;312
68107;Gommersdorf;366;9;375
68108;Grentzingen;551;4;555
68109;Griesbach-au-Val;756;15;771
68110;Grussenheim;847;12;859
68111;Gueberschwihr;836;24;860
68112;Guebwiller;11658;358;12016
68113;Guémar;1356;20;1376
68114;Guevenatten;134;5;139
68115;Guewenheim;1191;19;1210
68116;Gundolsheim;710;12;722
68117;Gunsbach;916;21;937
68118;Habsheim;4744;85;4829
68119;Hagenbach;687;14;701
68120;Hagenthal-le-Bas;1056;21;1077
68121;Hagenthal-le-Haut;583;10;593
68122;Hartmannswiller;661;11;672
68123;Hattstatt;839;30;869
68124;Hausgauen;449;11;460
68125;Hecken;452;11;463
68126;Hégenheim;3005;75;3080
68127;Heidwiller;622;16;638
68128;Heimersdorf;652;14;666
68129;Heimsbrunn;1419;24;1443
68130;Heiteren;884;18;902
68131;Heiwiller;187;5;192
68132;Helfrantzkirch;838;15;853
68133;Henflingen;190;3;193
68134;Herrlisheim-près-Colmar;1687;32;1719
68135;Hésingue;2370;34;2404
68136;Hettenschlag;328;3;331
68137;Hindlingen;599;5;604
68138;Hirsingue;2132;43;2175
68139;Hirtzbach;1259;21;1280
68140;Hirtzfelden;1099;8;1107
68141;Hochstatt;2078;51;2129
68142;Hohrod;343;9;352
68143;Holtzwihr;1304;31;1335
68144;Hombourg;1009;9;1018
68145;Horbourg-Wihr;5005;136;5141
68146;Houssen;1652;38;1690
68147;Hunawihr;612;21;633
68148;Hundsbach;292;1;293
68149;Huningue;6376;112;6488
68150;Husseren-les-Châteaux;501;4;505
68151;Husseren-Wesserling;1017;25;1042
68152;Illfurth;2282;47;2329
68153;Illhaeusern;728;8;736
68154;Illzach;14889;328;15217
68155;Ingersheim;4583;87;4670
68156;Issenheim;3418;44;3462
68157;Jebsheim;1092;16;1108
68158;Jettingen;510;4;514
68159;Jungholtz;915;5;920
68160;Kappelen;511;9;520
68161;Katzenthal;544;10;554
68162;Kaysersberg;2720;51;2771
68163;Kembs;4284;69;4353
68164;Kientzheim;786;25;811
68165;Kiffis;286;2;288
68166;Kingersheim;13159;209;13368
68167;Kirchberg;821;18;839
68168;Knoeringue;323;14;337
68169;Koestlach;502;1;503
68170;Koetzingue;553;5;558
68171;Kruth;1019;21;1040
68172;Kunheim;1769;27;1796
68173;Labaroche;2202;81;2283
68174;Landser;1573;33;1606
68175;Lapoutroie;2049;79;2128
68176;Largitzen;288;4;292
68177;Lautenbach;1570;29;1599
68178;Lautenbachzell;1017;22;1039
68179;Lauw;985;22;1007
68180;Leimbach;829;22;851
68181;Levoncourt;247;3;250
68182;Leymen;1120;33;1153
68183;Liebenswiller;195;2;197
68184;Liebsdorf;338;4;342
68185;Lièpvre;1741;23;1764
68186;Ligsdorf;342;6;348
68187;Linsdorf;311;8;319
68188;Linthal;617;18;635
68189;Logelheim;828;15;843
68190;Lucelle;41;0;41
68191;Luemschwiller;706;16;722
68193;Luttenbach-près-Munster;816;19;835
68194;Lutter;298;6;304
68195;Lutterbach;5989;134;6123
68196;Magny;284;2;286
68197;Magstatt-le-Bas;469;6;475
68198;Magstatt-le-Haut;276;2;278
68199;Malmerspach;524;6;530
68200;Manspach;528;9;537
68201;Masevaux;3234;49;3283
68202;Mertzen;207;6;213
68203;Merxheim;1276;22;1298
68204;Metzeral;1095;19;1114
68205;Meyenheim;1219;11;1230
68206;Michelbach;321;3;324
68207;Michelbach-le-Bas;715;23;738
68208;Michelbach-le-Haut;474;10;484
68209;Mittelwihr;780;25;805
68210;Mittlach;314;3;317
68211;Mitzach;416;7;423
68212;Moernach;542;9;551
68213;Mollau;424;5;429
68214;Montreux-Jeune;325;4;329
68215;Montreux-Vieux;850;10;860
68217;Moosch;1815;35;1850
68216;Mooslargue;393;1;394
68218;Morschwiller-le-Bas;3126;78;3204
68219;Mortzwiller;310;9;319
68221;Muespach;869;11;880
68222;Muespach-le-Haut;951;19;970
68223;Muhlbach-sur-Munster;761;14;775
68224;Mulhouse;111394;1741;113135
68225;Munchhouse;1569;17;1586
68226;Munster;4990;93;5083
68227;Muntzenheim;1060;28;1088
68228;Munwiller;492;8;500
68229;Murbach;136;1;137
68230;Nambsheim;555;11;566
68231;Neuf-Brisach;2134;23;2157
68232;Neuwiller;523;11;534
68233;Niederbruck;442;10;452
68234;Niederentzen;363;8;371
68235;Niederhergheim;972;12;984
68237;Niedermorschwihr;569;26;595
68238;Niffer;896;9;905
68239;Oberbruck;443;10;453
68240;Oberdorf;558;8;566
68241;Oberentzen;525;7;532
68242;Oberhergheim;1185;27;1212
68243;Oberlarg;149;3;152
68244;Obermorschwihr;379;23;402
68245;Obermorschwiller;439;15;454
68246;Obersaasheim;1017;11;1028
68247;Oderen;1320;18;1338
68248;Oltingue;736;13;749
68249;Orbey;3631;100;3731
68250;Orschwihr;979;30;1009
68251;Osenbach;882;29;911
68252;Ostheim;1564;23;1587
68253;Ottmarsheim;1894;22;1916
68254;Petit-Landau;696;16;712
68255;Pfaffenheim;1336;20;1356
68256;Pfastatt;8413;142;8555
68257;Pfetterhouse;1035;23;1058
68258;Pulversheim;2819;23;2842
68259;Raedersdorf;501;9;510
68260;Raedersheim;1115;19;1134
68261;Rammersmatt;218;5;223
68262;Ranspach;853;12;865
68263;Ranspach-le-Bas;649;13;662
68264;Ranspach-le-Haut;551;8;559
68265;Rantzwiller;794;17;811
68266;Réguisheim;1736;23;1759
68267;Reiningue;1705;20;1725
68268;Retzwiller;650;7;657
68269;Ribeauvillé;4916;190;5106
68270;Richwiller;3374;55;3429
68271;Riedisheim;12092;349;12441
68272;Riedwihr;375;8;383
68273;Riespach;700;40;740
68274;Rimbach-près-Guebwiller;244;3;247
68275;Rimbach-près-Masevaux;502;6;508
68276;Rimbachzell;220;2;222
68277;Riquewihr;1271;38;1309
68278;Rixheim;13103;289;13392
68279;Roderen;867;32;899
68280;Rodern;327;7;334
68281;Roggenhouse;489;4;493
68282;Romagny;200;1;201
68283;Rombach-le-Franc;905;8;913
68284;Roppentzwiller;753;4;757
68285;Rorschwihr;389;12;401
68286;Rosenau;1988;30;2018
68287;Rouffach;4664;249;4913
68288;Ruederbach;328;12;340
68289;Ruelisheim;2451;60;2511
68291;Rumersheim-le-Haut;1065;12;1077
68290;Rustenhart;780;10;790
68292;Saint-Amarin;2464;35;2499
68081;Saint-Bernard;462;4;466
68293;Saint-Cosme;83;3;86
68296;Saint-Hippolyte;1049;15;1064
68297;Saint-Louis;19995;387;20382
68299;Saint-Ulrich;306;8;314
68294;Sainte-Croix-aux-Mines;2073;30;2103
68295;Sainte-Croix-en-Plaine;2552;40;2592
68298;Sainte-Marie-aux-Mines;5570;143;5713
68300;Sausheim;5280;85;5365
68301;Schlierbach;1070;33;1103
68302;Schweighouse-Thann;723;10;733
68303;Schwoben;266;10;276
68304;Sentheim;1525;18;1543
68305;Seppois-le-Bas;1080;13;1093
68306;Seppois-le-Haut;519;9;528
68307;Sewen;525;10;535
68308;Sickert;327;5;332
68309;Sierentz;2625;31;2656
68310;Sigolsheim;1212;24;1236
68311;Sondernach;651;15;666
68312;Sondersdorf;345;12;357
68313;Soppe-le-Bas;728;8;736
68314;Soppe-le-Haut;571;18;589
68315;Soultz-Haut-Rhin;7131;115;7246
68316;Soultzbach-les-Bains;650;8;658
68317;Soultzeren;1165;24;1189
68318;Soultzmatt;2244;48;2292
68319;Spechbach-le-Bas;764;23;787
68320;Spechbach-le-Haut;622;8;630
68321;Staffelfelden;3600;48;3648
68322;Steinbach;1301;37;1338
68323;Steinbrunn-le-Bas;643;19;662
68324;Steinbrunn-le-Haut;607;9;616
68325;Steinsoultz;743;10;753
68326;Sternenberg;163;2;165
68327;Stetten;297;6;303
68328;Storckensohn;253;2;255
68329;Stosswihr;1398;35;1433
68330;Strueth;321;8;329
68331;Sundhoffen;1939;55;1994
68332;Tagolsheim;668;12;680
68333;Tagsdorf;325;8;333
68334;Thann;7973;166;8139
68335;Thannenkirch;501;12;513
68336;Traubach-le-Bas;479;7;486
68337;Traubach-le-Haut;524;13;537
68338;Turckheim;3731;86;3817
68340;Ueberstrass;348;6;354
68341;Uffheim;859;17;876
68342;Uffholtz;1559;38;1597
68343;Ungersheim;1991;25;2016
68344;Urbès;480;13;493
68345;Urschenheim;670;16;686
68192;Valdieu-Lutran;364;1;365
68347;Vieux-Ferrette;561;19;580
68348;Vieux-Thann;2894;61;2955
68349;Village-Neuf;3529;50;3579
68350;Voegtlinshoffen;539;19;558
68351;Vogelgrun;599;8;607
68352;Volgelsheim;2322;41;2363
68353;Wahlbach;413;8;421
68354;Walbach;902;30;932
68355;Waldighofen;1412;15;1427
68356;Walheim;886;19;905
68357;Waltenheim;561;14;575
68358;Wasserbourg;490;10;500
68359;Wattwiller;1721;50;1771
68360;Weckolsheim;596;6;602
68361;Wegscheid;331;3;334
68362;Wentzwiller;696;10;706
68363;Werentzhouse;587;11;598
68364;Westhalten;915;16;931
68365;Wettolsheim;1701;60;1761
68366;Wickerschwihr;747;17;764
68367;Widensolen;1238;11;1249
68368;Wihr-au-Val;1186;21;1207
68370;Wildenstein;197;4;201
68371;Willer;328;5;333
68372;Willer-sur-Thur;1916;30;1946
68373;Winkel;371;6;377
68374;Wintzenheim;7610;361;7971
68375;Wittelsheim;10606;157;10763
68376;Wittenheim;14451;170;14621
68377;Wittersdorf;808;16;824
68378;Wolfersdorf;383;0;383
68379;Wolfgantzen;1037;15;1052
68380;Wolschwiller;470;15;485
68381;Wuenheim;811;35;846
68382;Zaessingue;301;5;306
68383;Zellenberg;403;10;413
68384;Zillisheim;2549;76;2625
68385;Zimmerbach;879;24;903
68386;Zimmersheim;1010;30;1040
69001;Affoux;314;10;324
69002;Aigueperse;245;4;249
69003;Albigny-sur-Saône;2744;34;2778
69004;Alix;679;8;687
69005;Ambérieux;542;8;550
69006;Amplepuis;5070;130;5200
69007;Ampuis;2541;62;2603
69008;Ancy;546;7;553
69009;Anse;5033;147;5180
69010;L' Arbresle;5994;156;6150
69012;Les Ardillats;539;13;552
69013;Arnas;3212;68;3280
69014;Aveize;1062;33;1095
69015;Avenas;127;3;130
69016;Azolette;119;2;121
69017;Bagnols;735;18;753
69018;Beaujeu;1997;26;2023
69019;Belleville;7289;174;7463
69020;Belmont-d'Azergues;651;12;663
69021;Bessenay;2180;64;2244
69022;Bibost;466;6;472
69023;Blacé;1339;31;1370
69024;Le Bois-d'Oingt;2016;49;2065
69025;Bourg-de-Thizy;2626;72;2698
69026;Le Breuil;437;5;442
69027;Brignais;11612;155;11767
69028;Brindas;5341;149;5490
69029;Bron;38833;582;39415
69030;Brullioles;725;14;739
69031;Brussieu;1019;61;1080
69032;Bully;2003;37;2040
69033;Cailloux-sur-Fontaines;2339;50;2389
69034;Caluire-et-Cuire;41010;554;41564
69035;Cenves;388;11;399
69036;Cercié;1011;18;1029
69037;Chambost-Allières;770;26;796
69038;Chambost-Longessaigne;816;23;839
69039;Chamelet;680;16;696
69040;Champagne-au-Mont-d'Or;4962;73;5035
69041;La Chapelle-de-Mardore;201;4;205
69042;La Chapelle-sur-Coise;498;17;515
69270;Chaponnay;3519;56;3575
69043;Chaponost;7972;227;8199
69044;Charbonnières-les-Bains;4782;146;4928
69045;Charentay;1061;68;1129
69046;Charly;4246;127;4373
69047;Charnay;1067;21;1088
69048;Chassagny;1203;19;1222
69049;Chasselay;2691;42;2733
69271;Chassieu;9371;133;9504
69050;Châtillon;2093;63;2156
69051;Chaussan;949;21;970
69052;Chazay-d'Azergues;3906;99;4005
69053;Chénas;469;6;475
69054;Chénelette;330;10;340
69055;Les Chères;1235;13;1248
69056;Chessy;1529;42;1571
69057;Chevinay;533;20;553
69058;Chiroubles;354;15;369
69059;Civrieux-d'Azergues;1409;17;1426
69060;Claveisolles;609;103;712
69061;Cogny;990;26;1016
69062;Coise;706;24;730
69063;Collonges-au-Mont-d'Or;3849;103;3952
69299;Colombier-Saugnieu;2261;33;2294
69272;Communay;3917;44;3961
69064;Condrieu;3694;77;3771
69273;Corbas;9450;100;9550
69065;Corcelles-en-Beaujolais;713;10;723
69066;Cours-la-Ville;3937;99;4036
69067;Courzieu;1159;20;1179
69068;Couzon-au-Mont-d'Or;2564;37;2601
69069;Craponne;8727;173;8900
69070;Cublize;1215;23;1238
69071;Curis-au-Mont-d'Or;994;34;1028
69072;Dardilly;8414;488;8902
69073;Dareizé;441;14;455
69275;Décines-Charpieu;24952;355;25307
69074;Denicé;1254;56;1310
69075;Dième;164;2;166
69076;Dommartin;2662;85;2747
69077;Dracé;916;9;925
69078;Duerne;751;16;767
69080;Échalas;1369;13;1382
69081;Écully;17959;293;18252
69082;Émeringes;225;7;232
69083;Éveux;973;21;994
69276;Feyzin;9357;74;9431
69084;Fleurie;1234;30;1264
69085;Fleurieu-sur-Saône;1302;41;1343
69086;Fleurieux-sur-l'Arbresle;2111;39;2150
69087;Fontaines-Saint-Martin;2698;57;2755
69088;Fontaines-sur-Saône;6310;114;6424
69089;Francheville;11708;234;11942
69090;Frontenas;786;26;812
69277;Genas;11531;127;11658
69278;Genay;4802;105;4907
69091;Givors;19345;116;19461
69092;Gleizé;7766;289;8055
69093;Grandris;1222;23;1245
69094;Grézieu-la-Varenne;4751;109;4860
69095;Grézieu-le-Marché;748;28;776
69096;Grigny;8563;118;8681
69097;Les Haies;727;18;745
69098;Les Halles;456;9;465
69099;Haute-Rivoire;1295;29;1324
69100;Irigny;8270;117;8387
69101;Jarnioux;534;15;549
69279;Jonage;5767;73;5840
69280;Jons;1275;20;1295
69102;Joux;663;17;680
69103;Juliénas;804;40;844
69104;Jullié;412;10;422
69105;Lacenas;862;36;898
69106;Lachassagne;888;20;908
69107;Lamure-sur-Azergues;1055;108;1163
69108;Lancié;719;14;733
69109;Lantignié;713;22;735
69110;Larajasse;1674;49;1723
69111;Légny;519;12;531
69112;Lentilly;5174;90;5264
69113;Létra;820;26;846
69114;Liergues;1696;41;1737
69115;Limas;4386;114;4500
69116;Limonest;3011;157;3168
69117;Lissieu;3234;45;3279
69118;Loire-sur-Rhône;2328;27;2355
69119;Longes;833;12;845
69120;Longessaigne;588;18;606
69121;Lozanne;2269;37;2306
69122;Lucenay;1581;42;1623
69381;Lyon 1er Arrondissement;28126;919;29045
69382;Lyon 2e  Arrondissement;29875;625;30500
69383;Lyon 3e  Arrondissement;90490;1282;91772
69384;Lyon 4e  Arrondissement;34496;548;35044
69385;Lyon 5e  Arrondissement;47012;1269;48281
69386;Lyon 6e  Arrondissement;49683;993;50676
69387;Lyon 7e  Arrondissement;69232;804;70036
69388;Lyon 8e  Arrondissement;76303;1125;77428
69389;Lyon 9e  Arrondissement;47113;765;47878
69124;Marchampt;435;8;443
69125;Marcilly-d'Azergues;879;19;898
69126;Marcy;646;18;664
69127;Marcy-l'Étoile;3199;60;3259
69128;Mardore;504;12;516
69281;Marennes;1615;21;1636
69129;Marnand;615;16;631
69130;Meaux-la-Montagne;206;1;207
69131;Messimy;3174;54;3228
69132;Meys;674;28;702
69282;Meyzieu;29014;366;29380
69133;Millery;3475;74;3549
69283;Mions;11397;117;11514
69134;Moiré;200;8;208
69135;Monsols;990;17;1007
69136;Montagny;2460;71;2531
69284;Montanay;2682;90;2772
69137;Montmelas-Saint-Sorlin;356;10;366
69138;Montromant;403;9;412
69139;Montrottier;1388;74;1462
69140;Morancé;2005;28;2033
69141;Mornant;5279;183;5462
69142;La Mulatière;6540;121;6661
69143;Neuville-sur-Saône;7127;81;7208
69144;Nuelles;608;11;619
69145;Odenas;747;27;774
69146;Oingt;585;14;599
69147;Les Olmes;717;26;743
69148;Orliénas;2182;29;2211
69149;Oullins;25605;404;26009
69150;Ouroux;339;28;367
69151;Le Perréon;1394;28;1422
69152;Pierre-Bénite;9953;82;10035
69153;Poleymieux-au-Mont-d'Or;1187;24;1211
69154;Pollionnay;1858;42;1900
69155;Pomeys;945;83;1028
69156;Pommiers;2149;74;2223
69158;Pont-Trambouze;490;8;498
69157;Pontcharra-sur-Turdine;2466;51;2517
69159;Pouilly-le-Monial;842;31;873
69160;Poule-les-Écharmeaux;973;26;999
69161;Propières;457;68;525
69285;Pusignan;3482;50;3532
69162;Quincié-en-Beaujolais;1170;32;1202
69163;Quincieux;2899;54;2953
69164;Ranchal;316;6;322
69165;Régnié-Durette;971;38;1009
69286;Rillieux-la-Pape;29546;439;29985
69166;Riverie;277;4;281
69167;Rivolet;542;18;560
69168;Rochetaillée-sur-Saône;1299;13;1312
69169;Ronno;598;21;619
69170;Rontalon;1077;25;1102
69171;Sain-Bel;2153;35;2188
69179;Saint-Andéol-le-Château;1536;22;1558
69180;Saint-André-la-Côte;268;4;272
69181;Saint-Appolinaire;151;3;154
69287;Saint-Bonnet-de-Mure;6090;91;6181
69182;Saint-Bonnet-des-Bruyères;372;11;383
69183;Saint-Bonnet-le-Troncy;306;6;312
69185;Saint-Christophe;232;8;240
69186;Saint-Clément-de-Vers;217;3;220
69187;Saint-Clément-les-Places;643;12;655
69188;Saint-Clément-sur-Valsonne;682;8;690
69191;Saint-Cyr-au-Mont-d'Or;5385;132;5517
69192;Saint-Cyr-le-Chatoux;124;4;128
69193;Saint-Cyr-sur-le-Rhône;1145;44;1189
69194;Saint-Didier-au-Mont-d'Or;6342;197;6539
69195;Saint-Didier-sous-Riverie;1179;29;1208
69196;Saint-Didier-sur-Beaujeu;542;4;546
69197;Saint-Étienne-des-Oullières;1768;24;1792
69198;Saint-Étienne-la-Varenne;669;21;690
69199;Saint-Fons;16964;126;17090
69200;Saint-Forgeux;1358;48;1406
69203;Saint-Genis-l'Argentière;978;28;1006
69204;Saint-Genis-Laval;20313;693;21006
69205;Saint-Genis-les-Ollières;4655;100;4755
69206;Saint-Georges-de-Reneins;4135;84;4219
69207;Saint-Germain-au-Mont-d'Or;2555;39;2594
69208;Saint-Germain-sur-l'Arbresle;1329;31;1360
69209;Saint-Igny-de-Vers;598;7;605
69210;Saint-Jacques-des-Arrêts;112;2;114
69211;Saint-Jean-d'Ardières;2749;105;2854
69213;Saint-Jean-de-Touslas;712;16;728
69212;Saint-Jean-des-Vignes;396;9;405
69214;Saint-Jean-la-Bussière;953;37;990
69215;Saint-Julien;818;20;838
69216;Saint-Julien-sur-Bibost;530;8;538
69217;Saint-Just-d'Avray;713;64;777
69218;Saint-Lager;939;19;958
69219;Saint-Laurent-d'Agny;1991;104;2095
69222;Saint-Laurent-d'Oingt;803;34;837
69220;Saint-Laurent-de-Chamousset;1856;99;1955
69288;Saint-Laurent-de-Mure;4914;69;4983
69221;Saint-Laurent-de-Vaux;250;8;258
69223;Saint-Loup;969;21;990
69224;Saint-Mamert;64;2;66
69225;Saint-Marcel-l'Éclairé;532;11;543
69227;Saint-Martin-en-Haut;3889;134;4023
69228;Saint-Maurice-sur-Dargoire;2190;64;2254
69229;Saint-Nizier-d'Azergues;685;28;713
69289;Saint-Pierre-de-Chandieu;4407;57;4464
69231;Saint-Pierre-la-Palud;2199;64;2263
69290;Saint-Priest;40917;390;41307
69233;Saint-Romain-au-Mont-d'Or;1069;66;1135
69234;Saint-Romain-de-Popey;1398;82;1480
69235;Saint-Romain-en-Gal;1634;96;1730
69236;Saint-Romain-en-Gier;483;5;488
69237;Saint-Sorlin;681;31;712
69291;Saint-Symphorien-d'Ozon;5217;54;5271
69238;Saint-Symphorien-sur-Coise;3428;74;3502
69239;Saint-Vérand;1090;22;1112
69240;Saint-Vincent-de-Reins;679;10;689
69184;Sainte-Catherine;926;39;965
69189;Sainte-Colombe;1923;42;1965
69190;Sainte-Consorce;1829;70;1899
69201;Sainte-Foy-l'Argentière;1233;30;1263
69202;Sainte-Foy-lès-Lyon;22151;473;22624
69230;Sainte-Paule;284;11;295
69172;Salles-Arbuissonnas-en-Beaujolais;746;24;770
69173;Sarcey;849;20;869
69292;Sathonay-Camp;4167;53;4220
69293;Sathonay-Village;1870;38;1908
69174;Les Sauvages;627;15;642
69175;Savigny;1917;47;1964
69294;Sérézin-du-Rhône;2461;67;2528
69295;Simandres;1509;13;1522
69296;Solaize;2687;29;2716
69176;Soucieu-en-Jarrest;3594;72;3666
69177;Sourcieux-les-Mines;1887;51;1938
69178;Souzy;658;18;676
69241;Taluyers;1997;40;2037
69242;Taponas;833;12;845
69243;Tarare;10677;192;10869
69244;Tassin-la-Demi-Lune;18278;317;18595
69245;Ternand;727;12;739
69297;Ternay;5018;58;5076
69246;Theizé;1043;76;1119
69247;Thel;299;3;302
69248;Thizy;2442;98;2540
69249;Thurins;2762;48;2810
69250;La Tour-de-Salvagny;3476;85;3561
69298;Toussieu;2367;27;2394
69251;Trades;105;3;108
69252;Trèves;692;18;710
69253;Tupin-et-Semons;601;12;613
69254;Valsonne;820;23;843
69255;Vaugneray;4677;118;4795
69256;Vaulx-en-Velin;40626;511;41137
69257;Vaux-en-Beaujolais;977;18;995
69258;Vauxrenard;306;13;319
69259;Vénissieux;56935;572;57507
69260;Vernaison;4365;55;4420
69261;Vernay;115;4;119
69265;Ville-sur-Jarnioux;753;14;767
69263;Villechenève;747;18;765
69264;Villefranche-sur-Saône;33840;468;34308
69266;Villeurbanne;138151;1613;139764
69267;Villié-Morgon;1792;89;1881
69268;Vourles;3045;75;3120
69269;Yzeron;984;26;1010
70001;Abelcourt;319;10;329
70002;Aboncourt-Gesincourt;253;4;257
70003;Achey;70;0;70
70004;Adelans-et-le-Val-de-Bithaine;316;9;325
70005;Aillevans;138;2;140
70006;Aillevillers-et-Lyaumont;1653;78;1731
70007;Ailloncourt;278;3;281
70008;Ainvelle;168;5;173
70009;Aisey-et-Richecourt;111;5;116
70010;Alaincourt;96;1;97
70011;Amage;348;10;358
70012;Amance;684;21;705
70013;Ambiévillers;85;4;89
70014;Amblans-et-Velotte;355;2;357
70015;Amoncourt;315;9;324
70016;Amont-et-Effreney;182;3;185
70017;Anchenoncourt-et-Chazel;237;3;240
70018;Ancier;459;14;473
70019;Andelarre;119;3;122
70020;Andelarrot;220;9;229
70021;Andornay;189;6;195
70022;Angirey;128;5;133
70023;Anjeux;165;9;174
70024;Apremont;412;9;421
70025;Arbecey;242;7;249
70026;Arc-lès-Gray;2650;64;2714
70027;Argillières;70;1;71
70028;Aroz;150;2;152
70029;Arpenans;217;4;221
70030;Arsans;40;1;41
70031;Athesans-Étroitefontaine;594;14;608
70032;Attricourt;37;1;38
70035;Augicourt;174;5;179
70036;Aulx-lès-Cromary;151;1;152
70037;Autet;284;31;315
70038;Authoison;273;5;278
70039;Autoreille;294;4;298
70042;Autrey-le-Vay;59;5;64
70040;Autrey-lès-Cerre;248;0;248
70041;Autrey-lès-Gray;458;6;464
70043;Auvet-et-la-Chapelotte;269;10;279
70044;Auxon;415;11;426
70045;Avrigney-Virey;380;9;389
70046;Les Aynans;299;4;303
70047;Baignes;97;3;100
70048;Bard-lès-Pesmes;121;6;127
70049;Barges;110;4;114
70050;La Barre;99;0;99
70051;La Basse-Vaivre;45;1;46
70052;Bassigney;120;0;120
70053;Les Bâties;84;0;84
70054;Battrans;231;6;237
70055;Baudoncourt;536;12;548
70056;Baulay;324;6;330
70057;Bay;121;1;122
70058;Beaujeu-Saint-Vallier-Pierrejux-et-Quitteur;987;15;1002
70059;Beaumotte-Aubertans;477;10;487
70060;Beaumotte-lès-Pin;255;5;260
70061;Belfahy;68;0;68
70062;Belmont;108;6;114
70063;Belonchamp;229;3;232
70064;Belverne;121;3;124
70065;Besnans;78;0;78
70066;Betaucourt;154;2;156
70067;Betoncourt-lès-Brotte;72;2;74
70069;Betoncourt-Saint-Pancras;45;0;45
70070;Betoncourt-sur-Mance;44;1;45
70071;Beulotte-Saint-Laurent;68;0;68
70072;Beveuge;94;2;96
70074;Blondefontaine;234;4;238
70075;Bonboillon;149;3;152
70076;Bonnevent-Velloreille;343;2;345
70077;Borey;214;3;217
70078;Bougey;85;1;86
70079;Bougnon;487;22;509
70080;Bouhans-et-Feurg;258;9;267
70081;Bouhans-lès-Lure;270;2;272
70082;Bouhans-lès-Montbozon;98;6;104
70083;Bouligney;434;11;445
70084;Boulot;532;6;538
70085;Boult;521;7;528
70086;Bourbévelle;78;1;79
70087;Bourguignon-lès-Conflans;120;1;121
70088;Bourguignon-lès-la-Charité;145;1;146
70089;Bourguignon-lès-Morey;47;3;50
70090;Boursières;93;0;93
70091;Bousseraucourt;53;3;56
70092;Bresilley;160;1;161
70093;Breuches;768;57;825
70094;Breuchotte;310;9;319
70095;Breurey-lès-Faverney;522;13;535
70096;Brevilliers;620;15;635
70097;Briaucourt;246;8;254
70098;Brotte-lès-Luxeuil;211;2;213
70099;Brotte-lès-Ray;60;0;60
70101;Broye-Aubigney-Montseugny;457;10;467
70100;Broye-les-Loups-et-Verfontaine;97;5;102
70102;Brussey;243;3;246
70103;La Bruyère;203;2;205
70104;Bucey-lès-Gy;643;17;660
70105;Bucey-lès-Traves;98;4;102
70106;Buffignécourt;117;2;119
70107;Bussières;279;3;282
70109;Buthiers;314;10;324
70111;Calmoutier;229;1;230
70112;Cemboing;204;2;206
70113;Cenans;145;1;146
70114;Cendrecourt;221;7;228
70115;Cerre-lès-Noroy;198;7;205
70116;Chagey;673;6;679
70117;Châlonvillars;1247;53;1300
70118;Chambornay-lès-Bellevaux;156;1;157
70119;Chambornay-lès-Pin;359;10;369
70120;Champagney;3601;53;3654
70121;Champey;834;14;848
70122;Champlitte;1868;32;1900
70124;Champtonnay;91;1;92
70125;Champvans;214;5;219
70126;Chancey;146;6;152
70127;Chantes;106;0;106
70128;La Chapelle-lès-Luxeuil;419;8;427
70129;La Chapelle-Saint-Quillain;136;2;138
70130;Charcenne;354;10;364
70132;Chargey-lès-Gray;690;67;757
70133;Chargey-lès-Port;247;6;253
70134;Chariez;213;3;216
70135;Charmes-Saint-Valbert;48;3;51
70136;Charmoille;426;14;440
70137;Chassey-lès-Montbozon;228;11;239
70138;Chassey-lès-Scey;94;2;96
70140;Châteney;54;0;54
70141;Châtenois;131;6;137
70142;Chaumercenne;148;5;153
70143;Chauvirey-le-Châtel;124;1;125
70144;Chauvirey-le-Vieil;32;2;34
70145;Chaux-la-Lotière;337;6;343
70146;Chaux-lès-Port;142;3;145
70147;Chavanne;227;3;230
70148;Chemilly;79;2;81
70149;Chenebier;687;24;711
70150;Chenevrey-et-Morogne;248;5;253
70151;Chevigney;31;4;35
70152;Choye;355;54;409
70153;Cintrey;120;5;125
70154;Cirey;319;4;323
70155;Citers;827;19;846
70156;Citey;88;0;88
70157;Clairegoutte;434;10;444
70158;Clans;125;2;127
70159;Cognières;108;4;112
70160;Coisevaux;301;6;307
70162;Colombe-lès-Vesoul;496;20;516
70163;Colombier;374;14;388
70164;Colombotte;53;0;53
70165;Combeaufontaine;542;43;585
70166;Comberjon;176;8;184
70167;Conflandey;414;8;422
70168;Conflans-sur-Lanterne;653;7;660
70169;Confracourt;210;3;213
70170;Contréglise;99;4;103
70171;Corbenay;1335;26;1361
70172;La Corbière;106;4;110
70174;Cordonnet;120;1;121
70175;Cornot;151;7;158
70176;Corravillers;196;8;204
70177;Corre;597;13;610
70178;La Côte;501;7;508
70179;Coulevon;193;7;200
70180;Courchaton;448;8;456
70181;Courcuire;127;3;130
70182;Courmont;104;3;107
70183;Courtesoult-et-Gatey;62;1;63
70184;Couthenans;784;30;814
70185;Cresancey;177;9;186
70186;La Creuse;71;3;74
70187;Crevans-et-la-Chapelle-lès-Granges;284;5;289
70188;Creveney;55;2;57
70189;Cromary;222;5;227
70190;Cubry-lès-Faverney;106;4;110
70192;Cugney;169;12;181
70193;Cult;206;7;213
70194;Cuve;152;2;154
70195;Dambenoît-lès-Colombe;256;3;259
70196;Dampierre-lès-Conflans;263;5;268
70197;Dampierre-sur-Linotte;725;27;752
70198;Dampierre-sur-Salon;1234;24;1258
70199;Dampvalley-lès-Colombe;113;3;116
70200;Dampvalley-Saint-Pancras;45;0;45
70201;Delain;189;4;193
70202;Demangevelle;334;13;347
70203;La Demie;78;0;78
70204;Denèvre;167;2;169
70205;Échavanne;202;10;212
70206;Échenans-sous-Mont-Vaudois;504;11;515
70207;Échenoz-la-Méline;3006;84;3090
70208;Échenoz-le-Sec;316;9;325
70210;Écromagny;177;3;180
70211;Écuelle;87;4;91
70213;Éhuns;257;7;264
70214;Équevilley;128;6;134
70215;Errevet;240;11;251
70216;Esboz-Brest;471;14;485
70217;Esmoulières;101;1;102
70218;Esmoulins;148;2;150
70219;Esprels;700;16;716
70220;Essertenne-et-Cecey;396;6;402
70221;Étobon;288;5;293
70222;Étrelles-et-la-Montbleuse;76;1;77
70224;Étuz;653;15;668
70225;Fahy-lès-Autrey;122;1;123
70226;Fallon;321;7;328
70227;Faucogney-et-la-Mer;606;17;623
70228;Faverney;1046;25;1071
70229;Faymont;257;6;263
70230;Fédry;113;3;116
70231;Ferrières-lès-Ray;50;0;50
70232;Ferrières-lès-Scey;160;2;162
70233;Les Fessey;124;2;126
70234;Filain;227;5;232
70235;Flagy;146;9;155
70236;Fleurey-lès-Faverney;397;3;400
70237;Fleurey-lès-Lavoncourt;115;3;118
70238;Fleurey-lès-Saint-Loup;160;7;167
70239;Fondremand;189;0;189
70240;Fontaine-lès-Luxeuil;1485;48;1533
70242;Fontenois-la-Ville;153;3;156
70243;Fontenois-lès-Montbozon;301;5;306
70244;Fouchécourt;119;4;123
70245;Fougerolles;3852;187;4039
70247;Fouvent-Saint-Andoche;244;5;249
70248;Frahier-et-Chatebier;1122;29;1151
70252;Framont;192;2;194
70249;Francalmont;127;3;130
70250;Franchevelle;369;2;371
70251;Francourt;100;2;102
70253;Frasne-le-Château;262;47;309
70254;Frédéric-Fontaine;258;1;259
70255;Fresne-Saint-Mamès;475;15;490
70256;Fresse;713;18;731
70257;Fretigney-et-Velloreille;660;7;667
70258;Froideconche;1992;75;2067
70259;Froideterre;377;18;395
70260;Frotey-lès-Lure;606;25;631
70261;Frotey-lès-Vesoul;1305;45;1350
70262;Genevreuille;159;3;162
70263;Genevrey;226;8;234
70264;Georfans;61;0;61
70265;Germigney;183;2;185
70267;Gevigney-et-Mercey;460;7;467
70268;Gézier-et-Fontenelay;184;6;190
70269;Girefontaine;44;0;44
70271;Gouhenans;444;7;451
70272;Gourgeon;241;5;246
70273;Grammont;74;0;74
70443;La Grande-Résie;89;5;94
70274;Grandecourt;34;2;36
70275;Grandvelle-et-le-Perrenot;334;3;337
70276;Granges-la-Ville;233;0;233
70277;Granges-le-Bourg;357;11;368
70278;Grattery;190;8;198
70279;Gray;6175;403;6578
70280;Gray-la-Ville;989;38;1027
70281;Greucourt;88;3;91
70282;Gy;1036;33;1069
70283;Haut-du-Them-Château-Lambert;512;10;522
70284;Hautevelle;252;5;257
70285;Héricourt;10457;221;10678
70286;Hugier;125;5;130
70287;Hurecourt;63;0;63
70288;Hyet;95;6;101
70289;Igny;181;3;184
70290;Jasney;214;2;216
70291;Jonvelle;147;5;152
70292;Jussey;1783;50;1833
70293;Lambrey;76;3;79
70294;Lantenot;330;11;341
70295;La Lanterne-et-les-Armonts;173;5;178
70296;Larians-et-Munans;214;2;216
70297;Larret;51;1;52
70298;Lavigney;122;3;125
70299;Lavoncourt;317;7;324
70301;Lieffrans;51;3;54
70302;Lieucourt;74;1;75
70303;Liévans;130;3;133
70304;Linexert;135;6;141
70305;Loeuilley;119;1;120
70306;Lomont;380;7;387
70307;Longevelle;113;4;117
70308;La Longine;255;3;258
70309;Loulans-Verchamp;469;6;475
70310;Lure;8263;261;8524
70311;Luxeuil-les-Bains;7543;419;7962
70312;Luze;727;20;747
70313;Lyoffans;374;6;380
70314;Magnivray;163;3;166
70315;Magnoncourt;439;18;457
70316;Le Magnoray;102;1;103
70317;Les Magny;132;3;135
70318;Magny-Danigon;437;8;445
70319;Magny-Jobert;95;5;100
70320;Magny-lès-Jussey;93;3;96
70321;Magny-Vernois;1211;19;1230
70322;Mailleroncourt-Charette;301;8;309
70323;Mailleroncourt-Saint-Pancras;214;4;218
70324;Mailley-et-Chazelot;579;34;613
70325;Maizières;290;72;362
70326;La Malachère;260;2;262
70327;Malans;127;7;134
70328;Malbouhans;383;10;393
70329;Malvillers;77;1;78
70330;Mandrevillars;211;6;217
70331;Mantoche;501;15;516
70332;Marast;43;0;43
70334;Marnay;1433;24;1457
70335;Maussans;83;0;83
70336;Mélecey;176;7;183
70337;Melin;66;0;66
70338;Melincourt;258;8;266
70339;Mélisey;1730;42;1772
70340;Membrey;240;52;292
70341;Menoux;277;8;285
70342;Mercey-sur-Saône;141;0;141
70343;Mersuay;260;2;262
70344;Meurcourt;314;13;327
70345;Miellin;87;2;89
70347;Mignavillers;314;3;317
70348;Moffans-et-Vacheresse;588;10;598
70349;Moimay;220;5;225
70350;Molay;59;0;59
70351;Mollans;248;3;251
70367;Mont-le-Vernois;145;2;147
70369;Mont-Saint-Léger;67;1;68
70352;La Montagne;36;2;38
70353;Montagney;467;10;477
70355;Montarlot-lès-Rioz;264;4;268
70356;Montboillon;258;1;259
70357;Montbozon;496;54;550
70358;Montcey;216;7;223
70359;Montcourt;74;0;74
70360;Montdoré;70;2;72
70361;Montessaux;150;8;158
70362;Montigny-lès-Cherlieu;169;3;172
70363;Montigny-lès-Vesoul;632;29;661
70364;Montjustin-et-Velotte;133;8;141
70368;Montot;121;1;122
70371;Montureux-et-Prantigny;250;4;254
70372;Montureux-lès-Baulay;168;2;170
70374;Motey-Besuche;110;1;111
70375;Motey-sur-Saône;26;0;26
70376;Nantilly;517;13;530
70378;Navenne;1783;63;1846
70380;Neurey-en-Vaux;159;7;166
70381;Neurey-lès-la-Demie;338;4;342
70383;Neuvelle-lès-Cromary;279;5;284
70384;Neuvelle-lès-la-Charité;228;2;230
70385;La Neuvelle-lès-Lure;322;6;328
70386;La Neuvelle-lès-Scey;198;1;199
70387;Noidans-le-Ferroux;600;17;617
70388;Noidans-lès-Vesoul;2094;61;2155
70389;Noiron;72;0;72
70390;Noroy-le-Bourg;486;15;501
70392;Oigney;50;1;51
70393;Oiselay-et-Grachaux;388;14;402
70394;Onay;74;2;76
70395;Oppenans;52;1;53
70396;Oricourt;31;2;33
70397;Ormenans;63;0;63
70398;Ormoiche;71;0;71
70399;Ormoy;231;2;233
70400;Ouge;119;1;120
70401;Ovanches;116;1;117
70402;Oyrières;426;4;430
70403;Palante;172;5;177
70404;Passavant-la-Rochère;726;23;749
70405;Pennesières;169;4;173
70406;Percey-le-Grand;94;4;98
70407;Perrouse;208;3;211
70408;Pesmes;1113;31;1144
70409;Pierrecourt;132;4;136
70410;Pin;706;7;713
70411;La Pisseure;41;1;42
70412;Plainemont;56;3;59
70413;Plancher-Bas;1834;38;1872
70414;Plancher-les-Mines;1089;15;1104
70415;Polaincourt-et-Clairefontaine;759;23;782
70416;Pomoy;172;8;180
70418;Le Pont-de-Planches;222;4;226
70419;Pont-du-Bois;122;3;125
70420;Pont-sur-l'Ognon;60;3;63
70417;Pontcey;250;17;267
70421;Port-sur-Saône;2948;75;3023
70422;Poyans;132;2;134
70423;Preigney;138;4;142
70425;La Proiselière-et-Langle;170;3;173
70426;Provenchère;268;11;279
70427;Purgerot;368;7;375
70428;Pusey;1433;24;1457
70429;Pusy-et-Épenoux;528;19;547
70430;La Quarte;81;0;81
70431;Quenoche;168;3;171
70432;Quers;351;3;354
70433;Quincey;1205;50;1255
70435;Raddon-et-Chapendu;890;25;915
70436;Raincourt;141;3;144
70437;Ranzevelle;12;0;12
70438;Ray-sur-Saône;214;4;218
70439;Raze;320;7;327
70440;Recologne;37;1;38
70441;Recologne-lès-Rioz;207;4;211
70442;Renaucourt;108;1;109
70444;La Résie-Saint-Martin;141;2;143
70445;Rignovelle;95;3;98
70446;Rigny;609;14;623
70447;Rioz;1728;90;1818
70448;Roche-et-Raucourt;149;3;152
70373;La Roche-Morey;299;12;311
70449;Roche-sur-Linotte-et-Sorans-les-Cordiers;73;0;73
70450;La Rochelle;47;2;49
70451;Ronchamp;2901;35;2936
70452;Rosey;233;6;239
70453;La Rosière;99;5;104
70454;Rosières-sur-Mance;80;2;82
70455;Roye;1235;30;1265
70456;Ruhans;138;1;139
70457;Rupt-sur-Saône;122;6;128
70459;Saint-Barthélemy;1110;25;1135
70460;Saint-Bresson;429;7;436
70461;Saint-Broing;134;3;137
70462;Saint-Ferjeux;66;1;67
70463;Saint-Gand;130;1;131
70464;Saint-Germain;1297;42;1339
70466;Saint-Loup-Nantouard;120;3;123
70467;Saint-Loup-sur-Semouse;3714;123;3837
70468;Saint-Marcel;114;3;117
70472;Saint-Remy;692;17;709
70473;Saint-Sauveur;2169;54;2223
70474;Saint-Sulpice;116;1;117
70475;Saint-Valbert;216;12;228
70469;Sainte-Marie-en-Chanois;198;4;202
70470;Sainte-Marie-en-Chaux;164;6;170
70471;Sainte-Reine;34;0;34
70476;Saponcourt;60;1;61
70477;Saulnot;718;15;733
70478;Saulx;828;20;848
70479;Sauvigney-lès-Gray;105;0;105
70480;Sauvigney-lès-Pesmes;172;2;174
70481;Savoyeux;211;4;215
70482;Scey-sur-Saône-et-Saint-Albin;1644;38;1682
70483;Scye;113;3;116
70484;Secenans;148;2;150
70485;Selles;246;12;258
70486;Semmadon;125;2;127
70487;Senargent-Mignafans;290;11;301
70488;Senoncourt;212;8;220
70489;Servance;900;23;923
70490;Servigney;98;1;99
70491;Seveux;435;6;441
70492;Soing-Cubry-Charentenay;447;12;459
70493;Sorans-lès-Breurey;389;3;392
70494;Sornay;294;5;299
70496;Tartécourt;39;0;39
70497;Tavey;403;6;409
70498;Ternuay-Melay-et-Saint-Hilaire;522;15;537
70499;Theuley;81;2;83
70500;Thieffrans;165;4;169
70501;Thiénans;80;3;83
70502;Tincey-et-Pontrebeau;79;4;83
70503;Traitiéfontaine;140;3;143
70504;Traves;357;6;363
70505;Le Tremblois;170;2;172
70506;Trémoins;337;6;343
70507;Trésilley;199;0;199
70509;Tromarey;102;5;107
70510;Vadans;127;4;131
70511;Vaite;218;6;224
70512;La Vaivre;216;4;220
70513;Vaivre-et-Montoille;2339;95;2434
70515;Le Val-de-Gouhenans;63;2;65
70518;Le Val-Saint-Éloi;116;4;120
70514;Valay;654;10;664
70516;Vallerois-le-Bois;262;2;264
70517;Vallerois-Lorioz;342;14;356
70519;Vandelans;110;3;113
70520;Vanne;105;3;108
70521;Vantoux-et-Longevelle;152;7;159
70522;Varogne;138;2;140
70523;Vars;203;4;207
70524;Vauchoux;124;3;127
70525;Vauconcourt-Nervezain;220;4;224
70526;Vauvillers;695;18;713
70527;Vaux-le-Moncelot;77;2;79
70528;Velesmes-Échevanne;463;16;479
70529;Velet;432;17;449
70536;Velle-le-Châtel;139;2;141
70530;Vellechevreux-et-Courbenans;161;3;164
70531;Velleclaire;70;2;72
70532;Vellefaux;470;18;488
70533;Vellefrey-et-Vellefrange;98;1;99
70534;Vellefrie;117;1;118
70535;Velleguindry-et-Levrecey;158;2;160
70537;Velleminfroy;275;2;277
70538;Vellemoz;93;2;95
70539;Vellexon-Queutrey-et-Vaudey;504;6;510
70540;Velloreille-lès-Choye;74;0;74
70541;Velorcey;185;2;187
70542;Venère;156;3;159
70545;Venisey;130;4;134
70546;Vereux;243;33;276
70544;La Vergenne;107;3;110
70547;Verlans;140;2;142
70548;Vernois-sur-Mance;179;3;182
70549;La Vernotte;69;3;72
70550;Vesoul;16329;897;17226
70551;Vezet;186;3;189
70552;Villafans;188;6;194
70553;Villargent;106;1;107
70554;Villars-le-Pautel;151;6;157
70555;La Villedieu-en-Fontenette;176;1;177
70557;Villefrancon;137;3;140
70558;La Villeneuve-Bellenoye-et-la-Maize;129;6;135
70559;Villeparois;195;3;198
70560;Villers-Bouton;156;2;158
70366;Villers-Chemin-et-Mont-lès-Étrelles;115;3;118
70562;Villers-la-Ville;159;0;159
70563;Villers-le-Sec;530;19;549
70564;Villers-lès-Luxeuil;359;5;364
70565;Villers-Pater;41;0;41
70566;Villers-sur-Port;205;4;209
70567;Villers-sur-Saulnot;157;4;161
70568;Villers-Vaudey;60;0;60
70561;Villersexel;1423;119;1542
70569;Vilory;90;2;92
70571;Visoncourt;34;0;34
70572;Vitrey-sur-Mance;263;2;265
70573;La Voivre;131;6;137
70574;Volon;70;0;70
70575;Voray-sur-l'Ognon;859;21;880
70576;Vougécourt;150;3;153
70577;Vouhenans;405;15;420
70578;Vregille;175;6;181
70580;Vy-le-Ferroux;170;4;174
70583;Vy-lès-Filain;72;1;73
70581;Vy-lès-Lure;614;22;636
70582;Vy-lès-Rupt;101;2;103
70579;Vyans-le-Val;438;14;452
71001;L' Abergement-de-Cuisery;702;14;716
71002;L' Abergement-Sainte-Colombe;1057;34;1091
71003;Allerey-sur-Saône;752;17;769
71004;Allériot;928;24;952
71005;Aluze;244;5;249
71006;Amanzé;210;13;223
71007;Ameugny;135;10;145
71008;Anglure-sous-Dun;168;0;168
71009;Anost;678;20;698
71010;Antully;805;18;823
71011;Anzy-le-Duc;441;69;510
71012;Artaix;397;4;401
71013;Authumes;213;2;215
71014;Autun;15069;1241;16310
71015;Auxy;993;25;1018
71016;Azé;1006;29;1035
71017;Ballore;82;6;88
71018;Bantanges;561;12;573
71019;Barizey;130;2;132
71020;Barnay;102;2;104
71021;Baron;274;9;283
71022;Baudemont;691;17;708
71023;Baudrières;860;14;874
71024;Baugy;486;12;498
71025;Beaubery;349;12;361
71026;Beaumont-sur-Grosne;307;3;310
71027;Beaurepaire-en-Bresse;595;14;609
71028;Beauvernois;89;3;92
71029;Bellevesvre;274;7;281
71030;Bergesserin;247;14;261
71032;Berzé-la-Ville;513;16;529
71031;Berzé-le-Châtel;65;0;65
71033;Bey;760;14;774
71034;Bissey-sous-Cruchaud;360;15;375
71035;Bissy-la-Mâconnaise;182;3;185
71036;Bissy-sous-Uxelles;70;2;72
71037;Bissy-sur-Fley;95;4;99
71038;Les Bizots;426;16;442
71039;Blanot;160;0;160
71040;Blanzy;6771;268;7039
71041;Bois-Sainte-Marie;197;1;198
71042;Bonnay;291;10;301
71043;Les Bordes;97;1;98
71044;Bosjean;308;7;315
71045;Bouhans;154;8;162
71046;La Boulaye;117;5;122
71047;Bourbon-Lancy;5401;117;5518
71048;Bourg-le-Comte;209;9;218
71050;Bourgvilain;332;9;341
71051;Bouzeron;151;2;153
71052;Boyer;675;18;693
71054;Bragny-sur-Saône;574;8;582
71055;Brandon;286;2;288
71056;Branges;2319;42;2361
71057;Bray;118;7;125
71058;Bresse-sur-Grosne;200;3;203
71059;Le Breuil;3537;107;3644
71060;Briant;217;6;223
71061;Brienne;386;10;396
71062;Brion;346;19;365
71063;Broye;829;17;846
71064;Bruailles;920;26;946
71065;Buffières;265;7;272
71066;Burgy;102;1;103
71067;Burnand;113;4;117
71068;Burzy;65;6;71
71069;Bussières;570;19;589
71070;Buxy;2160;114;2274
71509;La Celle-en-Morvan;451;16;467
71071;Céron;287;7;294
71072;Cersot;117;1;118
71073;Chagny;5391;161;5552
71074;Chaintré;530;20;550
71075;Chalmoux;730;8;738
71076;Chalon-sur-Saône;46676;1782;48458
71077;Chambilly;526;6;532
71078;Chamilly;121;4;125
71079;Champagnat;506;5;511
71080;Champagny-sous-Uxelles;78;1;79
71081;Champforgeuil;2269;62;2331
71082;Champlecy;234;8;242
71084;Chânes;523;29;552
71085;Change;232;2;234
71086;Changy;439;15;454
71087;Chapaize;148;5;153
71088;La Chapelle-au-Mans;269;7;276
71089;La Chapelle-de-Bragny;237;6;243
71090;La Chapelle-de-Guinchay;3446;79;3525
71091;La Chapelle-du-Mont-de-France;166;3;169
71092;La Chapelle-Naude;504;19;523
71093;La Chapelle-Saint-Sauveur;692;24;716
71094;La Chapelle-sous-Brancion;125;6;131
71095;La Chapelle-sous-Dun;425;12;437
71096;La Chapelle-sous-Uchon;192;10;202
71097;La Chapelle-Thècle;483;16;499
71098;Charbonnat;238;1;239
71099;Charbonnières;338;16;354
71100;Chardonnay;169;8;177
71101;Charette-Varennes;372;9;381
71102;La Charmée;667;26;693
71103;Charmoy;254;8;262
71104;Charnay-lès-Chalon;178;6;184
71105;Charnay-lès-Mâcon;6831;392;7223
71106;Charolles;2829;287;3116
71107;Charrecey;302;9;311
71108;Chasselas;161;1;162
71109;Chassey-le-Camp;312;4;316
71110;Chassigny-sous-Dun;588;20;608
71111;Chassy;354;11;365
71112;Château;216;18;234
71113;Châteauneuf;97;1;98
71115;Châtel-Moron;75;2;77
71116;Châtenay;166;7;173
71117;Châtenoy-en-Bresse;924;18;942
71118;Châtenoy-le-Royal;5982;183;6165
71119;Chaudenay;962;29;991
71120;Chauffailles;3980;95;4075
71121;La Chaux;296;3;299
71122;Cheilly-lès-Maranges;491;10;501
71123;Chenay-le-Châtel;397;11;408
71124;Chenôves;218;6;224
71125;Chérizet;31;3;34
71126;Chevagny-les-Chevrières;583;29;612
71127;Chevagny-sur-Guye;72;2;74
71128;Chiddes;67;0;67
71129;Chissey-en-Morvan;300;8;308
71130;Chissey-lès-Mâcon;241;5;246
71131;Ciel;684;19;703
71132;Ciry-le-Noble;2411;64;2475
71133;La Clayette;1919;70;1989
71134;Clermain;217;0;217
71135;Clessé;815;22;837
71136;Clessy;265;13;278
71137;Cluny;4585;287;4872
71138;Clux;103;1;104
71139;Collonge-en-Charollais;120;0;120
71140;Collonge-la-Madeleine;60;1;61
71141;Colombier-en-Brionnais;286;5;291
71142;La Comelle;185;6;191
71143;Condal;413;7;420
71144;Cordesse;196;5;201
71145;Cormatin;513;13;526
71146;Cortambert;206;8;214
71147;Cortevaix;262;1;263
71148;Coublanc;886;31;917
71149;Couches;1486;28;1514
71150;Crêches-sur-Saône;2826;94;2920
71151;Créot;77;2;79
71152;Cressy-sur-Somme;230;5;235
71153;Le Creusot;23793;557;24350
71154;Crissey;2311;80;2391
71155;Cronat;573;11;584
71156;Cruzille;232;69;301
71157;Cuiseaux;1766;42;1808
71158;Cuisery;1618;60;1678
71159;Culles-les-Roches;184;7;191
71160;Curbigny;308;10;318
71161;Curdin;318;7;325
71162;Curgy;1122;42;1164
71163;Curtil-sous-Buffières;78;1;79
71164;Curtil-sous-Burnand;127;2;129
71165;Cussy-en-Morvan;460;12;472
71166;Cuzy;137;4;141
71167;Damerey;541;9;550
71168;Dampierre-en-Bresse;157;0;157
71169;Davayé;685;81;766
71170;Demigny;1736;41;1777
71171;Dennevy;326;5;331
71172;Dettey;99;1;100
71173;Devrouze;272;7;279
71174;Dezize-lès-Maranges;199;7;206
71175;Diconne;289;0;289
71176;Digoin;8493;325;8818
71177;Dommartin-lès-Cuiseaux;743;12;755
71178;Dompierre-les-Ormes;851;19;870
71179;Dompierre-sous-Sanvignes;74;1;75
71180;Donzy-le-National;184;9;193
71181;Donzy-le-Pertuis;161;2;163
71182;Dracy-le-Fort;1323;67;1390
71183;Dracy-lès-Couches;173;9;182
71184;Dracy-Saint-Loup;552;29;581
71185;Dyo;334;12;346
71186;Écuelles;208;2;210
71187;Écuisses;1682;42;1724
71188;Épertully;57;0;57
71189;Épervans;1605;36;1641
71190;Épinac;2398;51;2449
71191;Essertenne;428;24;452
71192;Étang-sur-Arroux;1941;118;2059
71193;Étrigny;436;16;452
71194;Farges-lès-Chalon;724;29;753
71195;Farges-lès-Mâcon;165;12;177
71196;Le Fay;600;9;609
71198;Flacey-en-Bresse;364;5;369
71199;Flagy;170;5;175
71591;Fleurville;472;12;484
71200;Fleury-la-Montagne;614;13;627
71201;Fley;246;1;247
71202;Fontaines;1997;337;2334
71203;Fontenay;41;1;42
71204;Fragnes;1004;41;1045
71205;Frangy-en-Bresse;601;10;611
71206;La Frette;205;3;208
71207;Fretterans;293;7;300
71208;Frontenard;228;7;235
71209;Frontenaud;723;20;743
71210;Fuissé;326;7;333
71212;Génelard;1452;56;1508
71213;La Genête;549;7;556
71214;Genouilly;419;15;434
71215;Gergy;2478;61;2539
71216;Germagny;157;2;159
71217;Germolles-sur-Grosne;135;4;139
71218;Gibles;653;24;677
71219;Gigny-sur-Saône;519;18;537
71220;Gilly-sur-Loire;487;15;502
71221;Givry;3678;175;3853
71222;Gourdon;881;36;917
71223;La Grande-Verrière;541;13;554
71224;Grandvaux;83;4;87
71225;Granges;489;10;499
71226;Grevilly;36;1;37
71227;Grury;558;7;565
71228;Guerfand;159;0;159
71229;Les Guerreaux;259;7;266
71230;Gueugnon;7826;308;8134
71231;La Guiche;630;14;644
71232;Hautefond;214;12;226
71233;L' Hôpital-le-Mercier;300;5;305
71234;Huilly-sur-Seille;290;1;291
71235;Hurigny;1768;98;1866
71236;Igé;866;27;893
71237;Igornay;502;7;509
71238;Iguerande;1015;36;1051
71239;Issy-l'Évêque;865;26;891
71240;Jalogny;312;13;325
71241;Jambles;492;17;509
71242;Joncy;516;7;523
71243;Joudes;411;11;422
71244;Jouvençon;419;9;428
71245;Jugy;296;3;299
71246;Juif;251;3;254
71247;Jully-lès-Buxy;341;9;350
71248;Lacrost;567;23;590
71249;Laives;1002;31;1033
71250;Laizé;981;34;1015
71251;Laizy;644;26;670
71252;Lalheue;354;11;365
71253;Lans;882;31;913
71254;Lays-sur-le-Doubs;122;3;125
71255;Lesme;178;6;184
71256;Lessard-en-Bresse;484;5;489
71257;Lessard-le-National;636;22;658
71258;Leynes;485;28;513
71259;Ligny-en-Brionnais;347;18;365
71261;Loisy;556;12;568
71262;Longepierre;174;2;176
71263;Louhans;6420;424;6844
71264;Lournand;345;11;356
71265;La Loyère;486;13;499
71266;Lucenay-l'Évêque;389;7;396
71267;Lugny;901;95;996
71268;Lugny-lès-Charolles;324;11;335
71269;Lux;1673;50;1723
71270;Mâcon;33865;1175;35040
71271;Mailly;177;4;181
71272;Malay;253;7;260
71273;Maltat;283;13;296
71274;Mancey;377;11;388
71275;Marcigny;1885;47;1932
71276;Marcilly-la-Gueurce;128;4;132
71277;Marcilly-lès-Buxy;587;14;601
71278;Marigny;134;3;137
71279;Marizy;461;17;478
71280;Marly-sous-Issy;103;3;106
71281;Marly-sur-Arroux;350;14;364
71282;Marmagne;1268;39;1307
71283;Marnay;464;8;472
71284;Martailly-lès-Brancion;114;3;117
71285;Martigny-le-Comte;431;9;440
71286;Mary;210;3;213
71287;Massilly;372;14;386
71288;Massy;56;0;56
71289;Matour;1074;13;1087
71290;Mazille;408;46;454
71291;Melay;844;6;850
71292;Mellecey;1197;50;1247
71293;Ménetreuil;351;4;355
71294;Mercurey;1313;181;1494
71295;Mervans;1341;15;1356
71296;Messey-sur-Grosne;723;25;748
71297;Mesvres;836;19;855
71299;Milly-Lamartine;304;25;329
71300;Le Miroir;537;13;550
71301;Mont;190;2;192
71315;Mont-lès-Seurre;151;0;151
71320;Mont-Saint-Vincent;319;11;330
71302;Montagny-lès-Buxy;218;8;226
71303;Montagny-près-Louhans;442;8;450
71304;Montagny-sur-Grosne;87;2;89
71305;Montbellet;764;27;791
71306;Montceau-les-Mines;19548;510;20058
71307;Montceaux-l'Étoile;257;15;272
71308;Montceaux-Ragny;39;11;50
71309;Montcenis;2188;62;2250
71310;Montchanin;5505;102;5607
71311;Montcony;271;5;276
71312;Montcoy;277;2;279
71313;Monthelon;381;13;394
71314;Montjay;191;6;197
71316;Montmelard;316;10;326
71317;Montmort;178;4;182
71318;Montpont-en-Bresse;1027;33;1060
71319;Montret;697;7;704
71321;Morey;188;2;190
71322;Morlet;57;2;59
71323;Mornay;130;6;136
71324;Moroges;573;20;593
71325;La Motte-Saint-Jean;1203;46;1249
71326;Mouthier-en-Bresse;403;7;410
71327;Mussy-sous-Dun;372;9;381
71328;Nanton;566;15;581
71329;Navilly;417;5;422
71330;Neuvy-Grandchamp;807;25;832
71331;Nochize;101;2;103
71332;Ormes;496;8;504
71333;Oslon;1260;30;1290
71334;Oudry;382;8;390
71335;Ouroux-sous-le-Bois-Sainte-Marie;69;2;71
71336;Ouroux-sur-Saône;2846;53;2899
71337;Oyé;292;11;303
71338;Ozenay;218;7;225
71339;Ozolles;439;18;457
71340;Palinges;1504;41;1545
71341;Palleau;184;2;186
71342;Paray-le-Monial;9138;462;9600
71343;Paris-l'Hôpital;207;13;220
71344;Passy;68;0;68
71345;Péronne;508;15;523
71346;Perrecy-les-Forges;1715;35;1750
71347;Perreuil;439;6;445
71348;Perrigny-sur-Loire;148;1;149
71349;La Petite-Verrière;54;0;54
71351;Pierre-de-Bresse;1967;60;2027
71350;Pierreclos;936;25;961
71352;Le Planois;96;0;96
71353;Plottes;590;15;605
71354;Poisson;578;20;598
71355;Pontoux;220;6;226
71356;Pouilloux;963;25;988
71357;Pourlans;207;4;211
71358;Pressy-sous-Dondin;94;2;96
71359;Préty;550;40;590
71360;Prissé;1729;53;1782
71361;Prizy;65;1;66
71362;Pruzilly;234;9;243
71363;Le Puley;102;2;104
71364;La Racineuse;148;2;150
71365;Rancy;543;9;552
71366;Ratenelle;362;9;371
71367;Ratte;380;6;386
71368;Reclesne;305;13;318
71369;Remigny;432;9;441
71370;Rigny-sur-Arroux;609;15;624
71371;La Roche-Vineuse;1401;64;1465
71372;Romanèche-Thorins;1780;53;1833
71373;Romenay;1587;22;1609
71374;Rosey;159;6;165
71375;Le Rousset;253;7;260
71376;Roussillon-en-Morvan;284;4;288
71377;Royer;123;7;130
71378;Rully;1578;34;1612
71379;Sagy;1207;17;1224
71380;Saillenard;686;5;691
71381;Sailly;80;0;80
71382;Saint-Agnan;664;13;677
71383;Saint-Albain;524;18;542
71384;Saint-Ambreuil;534;17;551
71385;Saint-Amour-Bellevue;533;8;541
71386;Saint-André-en-Bresse;101;1;102
71387;Saint-André-le-Désert;268;4;272
71388;Saint-Aubin-en-Charollais;426;13;439
71389;Saint-Aubin-sur-Loire;308;6;314
71390;Saint-Berain-sous-Sanvignes;1027;41;1068
71391;Saint-Bérain-sur-Dheune;561;8;569
71392;Saint-Boil;455;12;467
71393;Saint-Bonnet-de-Cray;404;18;422
71394;Saint-Bonnet-de-Joux;814;31;845
71395;Saint-Bonnet-de-Vieille-Vigne;193;4;197
71396;Saint-Bonnet-en-Bresse;457;18;475
71398;Saint-Christophe-en-Bresse;936;13;949
71399;Saint-Christophe-en-Brionnais;486;23;509
71400;Saint-Clément-sur-Guye;127;10;137
71402;Saint-Cyr;658;30;688
71403;Saint-Denis-de-Vaux;258;7;265
71404;Saint-Désert;895;44;939
71405;Saint-Didier-en-Bresse;161;6;167
71406;Saint-Didier-en-Brionnais;146;1;147
71407;Saint-Didier-sur-Arroux;250;8;258
71408;Saint-Edmond;360;5;365
71409;Saint-Émiland;308;5;313
71410;Saint-Étienne-en-Bresse;812;22;834
71411;Saint-Eugène;175;7;182
71412;Saint-Eusèbe;1088;32;1120
71413;Saint-Firmin;759;20;779
71414;Saint-Forgeot;515;17;532
71416;Saint-Gengoux-de-Scissé;587;13;600
71417;Saint-Gengoux-le-National;1053;35;1088
71419;Saint-Germain-du-Bois;1890;64;1954
71420;Saint-Germain-du-Plain;2069;51;2120
71421;Saint-Germain-en-Brionnais;179;5;184
71422;Saint-Germain-lès-Buxy;266;6;272
71423;Saint-Gervais-en-Vallière;369;6;375
71424;Saint-Gervais-sur-Couches;197;3;200
71425;Saint-Gilles;316;4;320
71427;Saint-Huruge;68;0;68
71428;Saint-Igny-de-Roche;641;14;655
71431;Saint-Jean-de-Trézy;301;9;310
71430;Saint-Jean-de-Vaux;380;8;388
71433;Saint-Julien-de-Civry;514;20;534
71434;Saint-Julien-de-Jonzy;273;13;286
71435;Saint-Julien-sur-Dheune;232;1;233
71436;Saint-Laurent-d'Andenay;1061;16;1077
71437;Saint-Laurent-en-Brionnais;370;25;395
71438;Saint-Léger-du-Bois;535;27;562
71439;Saint-Léger-lès-Paray;588;17;605
71440;Saint-Léger-sous-Beuvray;488;9;497
71441;Saint-Léger-sous-la-Bussière;266;9;275
71442;Saint-Léger-sur-Dheune;1480;38;1518
71444;Saint-Loup-de-Varennes;1128;31;1159
71443;Saint-Loup-Géanges;1465;36;1501
71445;Saint-Marcel;5669;245;5914
71446;Saint-Marcelin-de-Cray;151;1;152
71447;Saint-Mard-de-Vaux;277;18;295
71448;Saint-Martin-Belle-Roche;1302;27;1329
71449;Saint-Martin-d'Auxy;84;3;87
71450;Saint-Martin-de-Commune;114;0;114
71451;Saint-Martin-de-Lixy;94;2;96
71452;Saint-Martin-de-Salencey;94;1;95
71453;Saint-Martin-du-Lac;260;12;272
71454;Saint-Martin-du-Mont;166;3;169
71455;Saint-Martin-du-Tartre;165;5;170
71456;Saint-Martin-en-Bresse;1833;52;1885
71457;Saint-Martin-en-Gâtinois;120;3;123
71458;Saint-Martin-la-Patrouille;52;1;53
71459;Saint-Martin-sous-Montaigu;342;19;361
71460;Saint-Maurice-de-Satonnay;416;10;426
71461;Saint-Maurice-des-Champs;59;4;63
71462;Saint-Maurice-en-Rivière;540;11;551
71463;Saint-Maurice-lès-Châteauneuf;574;16;590
71464;Saint-Maurice-lès-Couches;193;4;197
71465;Saint-Micaud;240;7;247
71466;Saint-Nizier-sur-Arroux;116;2;118
71468;Saint-Pierre-de-Varennes;829;32;861
71469;Saint-Pierre-le-Vieux;332;14;346
71470;Saint-Point;329;15;344
71471;Saint-Privé;83;0;83
71472;Saint-Prix;223;9;232
71473;Saint-Racho;176;5;181
71475;Saint-Rémy;5805;219;6024
71477;Saint-Romain-sous-Gourdon;497;23;520
71478;Saint-Romain-sous-Versigny;117;8;125
71479;Saint-Sernin-du-Bois;1781;38;1819
71480;Saint-Sernin-du-Plain;612;13;625
71481;Saint-Symphorien-d'Ancelles;965;28;993
71482;Saint-Symphorien-de-Marmagne;869;20;889
71483;Saint-Symphorien-des-Bois;409;18;427
71484;Saint-Usuge;1104;18;1122
71485;Saint-Vallerin;257;10;267
71486;Saint-Vallier;9100;270;9370
71487;Saint-Vérand;183;9;192
71490;Saint-Vincent-Bragny;928;42;970
71488;Saint-Vincent-des-Prés;114;5;119
71489;Saint-Vincent-en-Bresse;457;16;473
71491;Saint-Yan;1115;31;1146
71492;Saint-Ythaire;120;3;123
71397;Sainte-Cécile;279;11;290
71401;Sainte-Croix;544;9;553
71415;Sainte-Foy;134;6;140
71426;Sainte-Hélène;425;13;438
71474;Sainte-Radegonde;179;1;180
71493;Saisy;316;11;327
71494;La Salle;484;26;510
71495;Salornay-sur-Guye;808;25;833
71496;Sampigny-lès-Maranges;162;8;170
71497;Sancé;1850;86;1936
71498;Santilly;138;0;138
71499;Sanvignes-les-Mines;4377;89;4466
71500;Sarry;124;8;132
71501;Sassangy;154;6;160
71502;Sassenay;1495;50;1545
71503;Saules;126;5;131
71504;Saunières;80;2;82
71505;Savianges;66;1;67
71506;Savigny-en-Revermont;1109;38;1147
71507;Savigny-sur-Grosne;170;9;179
71508;Savigny-sur-Seille;396;4;400
71510;Semur-en-Brionnais;634;25;659
71512;Sennecey-le-Grand;2988;52;3040
71513;Senozan;1106;27;1133
71514;Sens-sur-Seille;326;6;332
71515;Sercy;97;3;100
71516;Serley;530;3;533
71517;Sermesse;204;4;208
71518;Serrières;292;13;305
71519;Serrigny-en-Bresse;167;2;169
71520;Sevrey;1449;35;1484
71521;Sigy-le-Châtel;100;0;100
71522;Simandre;1535;23;1558
71523;Simard;1081;10;1091
71524;Sivignon;183;7;190
71525;Sologny;480;23;503
71526;Solutré-Pouilly;379;16;395
71527;Sommant;197;5;202
71528;Sornay;1895;64;1959
71529;Suin;287;11;298
71530;Sully;572;13;585
71531;La Tagnière;264;9;273
71532;Taizé;179;5;184
71533;Tancon;577;13;590
71534;Le Tartre;116;1;117
71535;Tavernay;519;8;527
71537;Thil-sur-Arroux;144;1;145
71538;Thurey;381;5;386
71539;Tintry;84;1;85
71540;Torcy;3035;66;3101
71541;Torpes;387;10;397
71542;Toulon-sur-Arroux;1587;30;1617
71543;Tournus;5941;354;6295
71544;Toutenant;183;3;186
71545;Tramayes;958;37;995
71546;Trambly;398;23;421
71547;Trivy;290;3;293
71548;Tronchy;220;4;224
71549;La Truchère;223;0;223
71550;Uchizy;786;24;810
71551;Uchon;96;4;100
71552;Uxeau;528;17;545
71553;Vareilles;209;5;214
71554;Varenne-l'Arconce;129;2;131
71557;Varenne-Saint-Germain;652;24;676
71555;Varennes-le-Grand;2297;28;2325
71556;Varennes-lès-Mâcon;530;23;553
71558;Varennes-Saint-Sauveur;1165;21;1186
71559;Varennes-sous-Dun;620;27;647
71561;Vauban;235;13;248
71562;Vaudebarrier;236;36;272
71563;Vaux-en-Pré;107;1;108
71564;Vendenesse-lès-Charolles;779;14;793
71565;Vendenesse-sur-Arroux;614;1;615
71566;Verdun-sur-le-Doubs;1143;14;1157
71567;Vergisson;240;11;251
71568;Vérissey;52;1;53
71570;Verjux;481;10;491
71571;Verosvres;486;115;601
71572;Vers;178;8;186
71573;Versaugues;199;3;202
71574;Verzé;702;25;727
71576;Le Villars;246;8;254
71577;Villegaudin;164;0;164
71578;La Villeneuve;219;6;225
71579;Villeneuve-en-Montagne;136;4;140
71580;Vincelles;409;5;414
71581;Vindecy;259;8;267
71582;La Vineuse;292;8;300
71583;Vinzelles;747;34;781
71584;Viré;1070;50;1120
71585;Virey-le-Grand;1315;79;1394
71586;Viry;244;10;254
71588;Vitry-en-Charollais;1090;52;1142
71587;Vitry-lès-Cluny;64;1;65
71589;Vitry-sur-Loire;442;2;444
71590;Volesvres;605;31;636
72001;Aigné;1528;26;1554
72002;Aillières-Beauvoir;226;6;232
72003;Allonnes;11152;149;11301
72004;Amné;447;10;457
72005;Ancinnes;898;33;931
72007;Ardenay-sur-Mérize;436;12;448
72008;Arnage;5177;251;5428
72009;Arthezé;354;6;360
72006;Arçonnay;1907;165;2072
72010;Asnières-sur-Vègre;426;14;440
72011;Assé-le-Boisne;877;17;894
72012;Assé-le-Riboul;478;5;483
72013;Aubigné-Racan;2077;34;2111
72015;Les Aulneaux;99;1;100
72016;Auvers-le-Hamon;1510;40;1550
72017;Auvers-sous-Montfaucon;231;1;232
72018;Avesnes-en-Saosnois;106;2;108
72019;Avessé;363;3;366
72020;Avezé;774;23;797
72021;Avoise;526;9;535
72022;Le Bailleul;1138;15;1153
72023;Ballon;1297;18;1315
72024;La Bazoge;3570;78;3648
72025;Bazouges-sur-le-Loir;1189;64;1253
72026;Beaufay;1317;26;1343
72028;Beaumont-Pied-de-Boeuf;496;16;512
72027;Beaumont-sur-Dême;339;9;348
72029;Beaumont-sur-Sarthe;2139;23;2162
72031;Beillé;501;2;503
72032;Berfay;379;7;386
72033;Bernay-en-Champagne;456;43;499
72034;Bérus;414;16;430
72035;Bessé-sur-Braye;2443;60;2503
72036;Béthon;310;6;316
72037;Blèves;103;3;106
72038;Boëssé-le-Sec;647;5;652
72039;Bonnétable;4143;38;4181
72040;La Bosse;125;3;128
72041;Bouër;250;5;255
72042;Bouloire;1989;72;2061
72043;Bourg-le-Roi;320;8;328
72044;Bousse;430;1;431
72045;Brains-sur-Gée;606;8;614
72046;Le Breil-sur-Mérize;1390;24;1414
72047;Brette-les-Pins;1993;104;2097
72048;Briosne-lès-Sables;481;3;484
72049;La Bruère-sur-Loir;263;53;316
72050;Brûlon;1445;33;1478
72051;Cérans-Foulletourte;3077;49;3126
72052;Chahaignes;793;8;801
72053;Challes;1166;23;1189
72054;Champagné;3576;88;3664
72056;Champfleur;1373;32;1405
72057;Champrond;117;4;121
72058;Changé;5735;203;5938
72059;Chantenay-Villedieu;880;7;887
72060;La Chapelle-aux-Choux;283;9;292
72061;La Chapelle-d'Aligné;1401;21;1422
72062;La Chapelle-du-Bois;878;21;899
72063;La Chapelle-Gaugain;321;6;327
72064;La Chapelle-Huon;519;15;534
72065;La Chapelle-Saint-Aubin;2164;75;2239
72066;La Chapelle-Saint-Fray;388;7;395
72067;La Chapelle-Saint-Rémy;872;15;887
72068;La Chartre-sur-le-Loir;1484;30;1514
72069;Chassé;177;4;181
72070;Chassillé;219;6;225
72071;Château-du-Loir;4730;219;4949
72072;Château-l'Hermitage;209;2;211
72073;Chaufour-Notre-Dame;1050;17;1067
72074;Chemiré-en-Charnie;198;2;200
72075;Chemiré-le-Gaudin;931;15;946
72076;Chenay;168;3;171
72077;Chenu;455;43;498
72078;Chérancé;384;5;389
72079;Chérisay;255;3;258
72080;Cherré;1613;58;1671
72081;Cherreau;812;34;846
72082;Le Chevain;651;22;673
72083;Chevillé;388;10;398
72084;Clermont-Créans;1157;9;1166
72085;Cogners;198;6;204
72086;Commerveil;136;4;140
72087;Conflans-sur-Anille;589;5;594
72088;Congé-sur-Orne;301;11;312
72089;Conlie;1795;17;1812
72090;Connerré;2872;30;2902
72091;Contilly;153;3;156
72093;Cormes;858;37;895
72094;Coudrecieux;603;15;618
72095;Coulaines;7429;187;7616
72096;Coulans-sur-Gée;1356;92;1448
72097;Coulombiers;416;6;422
72098;Coulongé;581;6;587
72099;Courceboeufs;576;2;578
72100;Courcelles-la-Forêt;425;8;433
72101;Courcemont;655;12;667
72102;Courcival;81;2;83
72103;Courdemanche;634;6;640
72104;Courgains;593;8;601
72105;Courgenard;462;9;471
72106;Courtillers;828;12;840
72107;Crannes-en-Champagne;353;7;360
72108;Cré;803;13;816
72109;Crissé;528;5;533
72110;Crosmières;906;25;931
72111;Cures;534;14;548
72112;Dangeul;526;12;538
72113;Degré;703;14;717
72114;Dehault;271;5;276
72115;Dissay-sous-Courcillon;982;12;994
72116;Dissé-sous-Ballon;128;1;129
72117;Dissé-sous-le-Lude;564;11;575
72118;Dollon;1382;32;1414
72119;Domfront-en-Champagne;968;23;991
72120;Doucelles;228;3;231
72121;Douillet;303;7;310
72122;Duneau;955;16;971
72123;Dureil;68;0;68
72124;Écommoy;4621;64;4685
72125;Écorpain;336;10;346
72126;Épineu-le-Chevreuil;278;6;284
72127;Étival-lès-le-Mans;2100;28;2128
72128;Évaillé;372;7;379
72129;Fatines;731;12;743
72130;Fay;590;6;596
72131;Fercé-sur-Sarthe;612;4;616
72132;La Ferté-Bernard;9251;343;9594
72133;Fillé;1504;24;1528
72154;La Flèche;15258;1071;16329
72134;Flée;568;10;578
72135;La Fontaine-Saint-Martin;549;3;552
72136;Fontenay-sur-Vègre;319;3;322
72138;Fresnay-sur-Sarthe;2228;32;2260
72137;La Fresnaye-sur-Chédouet;908;19;927
72139;Fyé;1007;64;1071
72141;Gesnes-le-Gandelin;971;21;992
72143;Le Grand-Lucé;2039;24;2063
72142;Grandchamp;168;4;172
72144;Gréez-sur-Roc;406;5;411
72145;Le Grez;399;16;415
72146;Guécélard;2679;43;2722
72147;La Guierche;1125;17;1142
72148;Jauzé;94;3;97
72149;Joué-en-Charnie;603;3;606
72150;Joué-l'Abbé;1161;14;1175
72151;Juigné-sur-Sarthe;1182;45;1227
72152;Juillé;448;7;455
72153;Jupilles;581;15;596
72155;Laigné-en-Belin;2178;54;2232
72156;Lamnay;866;20;886
72157;Lavardin;788;15;803
72158;Lavaré;831;5;836
72159;Lavenay;361;9;370
72160;Lavernat;616;8;624
72161;Lhomme;963;12;975
72162;Lignières-la-Carelle;375;8;383
72163;Ligron;453;8;461
72164;Livet-en-Saosnois;75;0;75
72165;Lombron;1944;24;1968
72166;Longnes;352;4;356
72167;Louailles;729;5;734
72168;Loué;2105;39;2144
72169;Louplande;1485;21;1506
72170;Louvigny;172;5;177
72171;Louzes;104;2;106
72172;Le Luart;1271;32;1303
72174;Lucé-sous-Ballon;101;2;103
72173;Luceau;1202;39;1241
72175;Luché-Pringé;1634;23;1657
72176;Le Lude;4074;82;4156
72177;Maigné;346;8;354
72178;Maisoncelles;198;6;204
72179;Malicorne-sur-Sarthe;1943;28;1971
72180;Mamers;5679;198;5877
72181;Le Mans;144164;4176;148340
72182;Mansigné;1540;24;1564
72184;Mareil-en-Champagne;319;17;336
72185;Mareil-sur-Loir;585;8;593
72186;Maresché;896;15;911
72187;Marigné-Laillé;1523;84;1607
72189;Marolles-les-Braults;2179;77;2256
72190;Marolles-lès-Saint-Calais;271;14;285
72188;Marollette;123;9;132
72183;Marçon;1011;24;1035
72191;Mayet;3187;48;3235
72192;Les Mées;98;2;100
72193;Melleray;490;9;499
72194;Meurcé;277;10;287
72195;Mézeray;1696;25;1721
72197;Mézières-sous-Lavardin;581;9;590
72196;Mézières-sur-Ponthouin;672;3;675
72198;La Milesse;2476;65;2541
72199;Moitron-sur-Sarthe;214;7;221
72200;Moncé-en-Belin;3245;51;3296
72201;Moncé-en-Saosnois;270;4;274
72202;Monhoudou;199;4;203
72211;Mont-Saint-Jean;640;16;656
72203;Montabon;777;21;798
72204;Montaillé;544;2;546
72205;Montbizot;1579;21;1600
72241;Montfort-le-Gesnois;3074;53;3127
72207;Montigny;44;3;47
72208;Montmirail;418;4;422
72209;Montreuil-le-Chétif;307;3;310
72210;Montreuil-le-Henri;249;10;259
72212;Moulins-le-Carbonnel;730;26;756
72213;Mulsanne;4566;69;4635
72214;Nauvay;19;2;21
72215;Neufchâtel-en-Saosnois;929;14;943
72216;Neuvillalais;553;7;560
72217;Neuville-sur-Sarthe;2274;51;2325
72218;Neuvillette-en-Charnie;282;5;287
72219;Neuvy-en-Champagne;373;4;377
72220;Nogent-le-Bernard;876;63;939
72221;Nogent-sur-Loir;373;5;378
72232;Notre-Dame-du-Pé;526;2;528
72222;Nouans;258;0;258
72223;Noyen-sur-Sarthe;2533;34;2567
72224;Nuillé-le-Jalais;418;10;428
72225;Oisseau-le-Petit;689;17;706
72226;Oizé;1039;10;1049
72227;Panon;34;1;35
72228;Parcé-sur-Sarthe;2023;35;2058
72229;Parennes;543;2;545
72231;Parigné-l'Évêque;4678;76;4754
72230;Parigné-le-Pôlin;1034;94;1128
72233;Peray;54;0;54
72234;Pezé-le-Robert;364;6;370
72235;Piacé;361;19;380
72236;Pincé;197;9;206
72237;Pirmil;448;7;455
72238;Pizieux;89;0;89
72239;Poillé-sur-Vègre;660;16;676
72240;Poncé-sur-le-Loir;394;12;406
72243;Pontvallain;1558;18;1576
72244;Précigné;2868;55;2923
72245;Préval;627;16;643
72246;Prévelles;184;3;187
72248;Pruillé-l'Éguillé;703;9;712
72247;Pruillé-le-Chétif;1263;24;1287
72249;La Quinte;798;6;804
72250;Rahay;198;13;211
72251;René;362;3;365
72252;Requeil;1112;16;1128
72253;Roézé-sur-Sarthe;2616;43;2659
72254;Rouessé-Fontaine;223;0;223
72255;Rouessé-Vassé;788;15;803
72256;Rouez;792;9;801
72257;Rouillon;2145;171;2316
72258;Roullée;255;1;256
72259;Rouperroux-le-Coquet;325;9;334
72260;Ruaudin;3322;60;3382
72261;Ruillé-en-Champagne;322;8;330
72262;Ruillé-sur-Loir;1202;87;1289
72264;Sablé-sur-Sarthe;12579;541;13120
72265;Saint-Aignan;240;8;248
72266;Saint-Aubin-de-Locquenay;686;9;695
72267;Saint-Aubin-des-Coudrais;956;23;979
72268;Saint-Biez-en-Belin;684;14;698
72269;Saint-Calais;3595;209;3804
72270;Saint-Calez-en-Saosnois;171;3;174
72271;Saint-Célerin;653;8;661
72273;Saint-Christophe-du-Jambet;188;3;191
72274;Saint-Christophe-en-Champagne;195;5;200
72275;Saint-Corneille;1026;17;1043
72276;Saint-Cosme-en-Vairais;1971;38;2009
72278;Saint-Denis-d'Orques;875;14;889
72277;Saint-Denis-des-Coudrais;118;0;118
72279;Saint-Georges-de-la-Couée;182;7;189
72280;Saint-Georges-du-Bois;1783;34;1817
72281;Saint-Georges-du-Rosay;403;9;412
72282;Saint-Georges-le-Gaultier;561;14;575
72283;Saint-Germain-d'Arcé;366;1;367
72284;Saint-Germain-sur-Sarthe;494;10;504
72286;Saint-Gervais-de-Vic;384;12;396
72287;Saint-Gervais-en-Belin;1865;73;1938
72288;Saint-Hilaire-le-Lierru;140;0;140
72290;Saint-Jean-d'Assé;1364;22;1386
72291;Saint-Jean-de-la-Motte;935;20;955
72292;Saint-Jean-des-Échelles;258;6;264
72293;Saint-Jean-du-Bois;610;8;618
72294;Saint-Léonard-des-Bois;523;4;527
72295;Saint-Longis;489;15;504
72296;Saint-Maixent;754;10;764
72297;Saint-Marceau;458;6;464
72299;Saint-Mars-d'Outillé;2198;37;2235
72298;Saint-Mars-de-Locquenay;524;3;527
72300;Saint-Mars-la-Brière;2400;41;2441
72301;Saint-Mars-sous-Ballon;830;10;840
72302;Saint-Martin-des-Monts;171;5;176
72303;Saint-Michel-de-Chavaignes;765;11;776
72305;Saint-Ouen-de-Mimbré;822;11;833
72306;Saint-Ouen-en-Belin;1274;11;1285
72307;Saint-Ouen-en-Champagne;178;4;182
72308;Saint-Paterne;1591;252;1843
72309;Saint-Paul-le-Gaultier;279;8;287
72310;Saint-Pavace;1847;76;1923
72311;Saint-Pierre-de-Chevillé;357;10;367
72312;Saint-Pierre-des-Bois;198;2;200
72313;Saint-Pierre-des-Ormes;225;7;232
72314;Saint-Pierre-du-Lorouër;369;6;375
72315;Saint-Rémy-de-Sillé;764;25;789
72316;Saint-Rémy-des-Monts;687;18;705
72317;Saint-Rémy-du-Val;561;13;574
72318;Saint-Rigomer-des-Bois;416;13;429
72320;Saint-Saturnin;2271;71;2342
72321;Saint-Symphorien;550;10;560
72322;Saint-Ulphace;216;7;223
72323;Saint-Victeur;366;12;378
72324;Saint-Vincent-des-Prés;480;6;486
72325;Saint-Vincent-du-Lorouër;904;19;923
72272;Sainte-Cérotte;324;8;332
72289;Sainte-Jamme-sur-Sarthe;2019;19;2038
72304;Sainte-Osmane;188;3;191
72319;Sainte-Sabine-sur-Longève;627;12;639
72326;Saosnes;190;6;196
72327;Sarcé;286;9;295
72328;Sargé-lès-le-Mans;3605;87;3692
72329;Savigné-l'Évêque;4043;94;4137
72330;Savigné-sous-le-Lude;438;10;448
72331;Sceaux-sur-Huisne;581;13;594
72332;Ségrie;598;8;606
72333;Semur-en-Vallon;476;11;487
72334;Sillé-le-Guillaume;2358;76;2434
72335;Sillé-le-Philippe;1057;21;1078
72336;Solesmes;1349;60;1409
72337;Sougé-le-Ganelon;976;15;991
72338;Souillé;579;9;588
72339;Souligné-Flacé;736;13;749
72340;Souligné-sous-Ballon;1174;20;1194
72341;Soulitré;665;6;671
72342;Souvigné-sur-Même;177;8;185
72343;Souvigné-sur-Sarthe;620;13;633
72344;Spay;2602;44;2646
72345;Surfonds;292;10;302
72346;La Suze-sur-Sarthe;3999;73;4072
72347;Tassé;300;4;304
72348;Tassillé;133;1;134
72349;Teillé;522;13;535
72350;Teloché;3040;48;3088
72351;Tennie;1009;23;1032
72352;Terrehault;106;0;106
72353;Théligny;203;4;207
72354;Thoigné;164;2;166
72355;Thoiré-sous-Contensor;85;1;86
72356;Thoiré-sur-Dinan;420;10;430
72357;Thorée-les-Pins;663;21;684
72358;Thorigné-sur-Dué;1601;38;1639
72359;Torcé-en-Vallée;1149;7;1156
72360;Trangé;1413;26;1439
72361;Tresson;473;5;478
72362;Le Tronchet;135;4;139
72363;Tuffé;1544;24;1568
72364;Vaas;1647;87;1734
72366;Valennes;356;4;360
72367;Vallon-sur-Gée;791;8;799
72368;Vancé;347;8;355
72369;Verneil-le-Chétif;705;65;770
72370;Vernie;335;6;341
72372;Vezot;65;7;72
72373;Vibraye;2631;34;2665
72374;Villaines-la-Carelle;175;6;181
72375;Villaines-la-Gonais;487;15;502
72376;Villaines-sous-Lucé;691;15;706
72377;Villaines-sous-Malicorne;962;17;979
72378;Vion;1339;24;1363
72379;Viré-en-Champagne;232;6;238
72380;Vivoin;906;17;923
72381;Voivres-lès-le-Mans;1134;16;1150
72382;Volnay;741;11;752
72383;Vouvray-sur-Huisne;140;4;144
72384;Vouvray-sur-Loir;825;21;846
72386;Yvré-l'Évêque;4406;141;4547
72385;Yvré-le-Pôlin;1870;13;1883
73001;Aiguebelette-le-Lac;224;9;233
73002;Aiguebelle;1080;11;1091
73003;Aigueblanche;2963;85;3048
73004;Aillon-le-Jeune;435;10;445
73005;Aillon-le-Vieux;173;3;176
73006;Aime;3366;111;3477
73007;Aiton;1704;16;1720
73008;Aix-les-Bains;27267;656;27923
73010;Albens;3104;61;3165
73011;Albertville;17814;869;18683
73012;Albiez-le-Jeune;104;3;107
73013;Albiez-Montrond;362;12;374
73014;Allondaz;210;4;214
73015;Les Allues;1854;56;1910
73017;Apremont;949;24;973
73018;Arbin;757;11;768
73019;Argentine;857;19;876
73020;Arith;373;8;381
73021;Arvillard;821;17;838
73022;Attignat-Oncin;541;13;554
73023;Aussois;663;23;686
73024;Les Avanchers-Valmorel;767;21;788
73025;Avressieux;454;9;463
73026;Avrieux;373;18;391
73027;Ayn;333;7;340
73028;La Balme;227;4;231
73029;Barberaz;4722;133;4855
73030;Barby;3284;80;3364
73031;Bassens;3815;134;3949
73032;La Bâthie;2115;81;2196
73033;La Bauche;303;6;309
73034;Beaufort;2218;72;2290
73036;Bellecombe-en-Bauges;615;16;631
73038;Bellentre;938;28;966
73039;Belmont-Tramonet;524;13;537
73040;Bessans;337;10;347
73041;Betton-Bettonet;269;2;271
73042;Billième;251;2;253
73043;La Biolle;2143;52;2195
73045;Le Bois;316;16;332
73046;Bonneval;114;1;115
73047;Bonneval-sur-Arc;244;8;252
73048;Bonvillard;333;16;349
73049;Bonvillaret;99;1;100
73050;Bourdeau;509;14;523
73054;Bourg-Saint-Maurice;7681;380;8061
73051;Le Bourget-du-Lac;4155;84;4239
73052;Bourget-en-Huile;130;5;135
73053;Bourgneuf;598;2;600
73055;Bozel;1992;56;2048
73056;Bramans;381;14;395
73057;Brides-les-Bains;575;19;594
73058;La Bridoire;1167;28;1195
73059;Brison-Saint-Innocent;2116;63;2179
73061;Césarches;381;3;384
73062;Cessens;397;9;406
73063;Cevins;664;22;686
73064;Challes-les-Eaux;4920;241;5161
73065;Chambéry;57420;1689;59109
73067;La Chambre;1149;32;1181
73068;Chamousset;524;14;538
73069;Chamoux-sur-Gelon;814;18;832
73072;Champ-Laurent;29;0;29
73070;Champagneux;500;7;507
73071;Champagny-en-Vanoise;664;25;689
73073;Chanaz;493;11;504
73074;La Chapelle;312;7;319
73075;La Chapelle-Blanche;567;13;580
73076;La Chapelle-du-Mont-du-Chat;238;3;241
73078;La Chapelle-Saint-Martin;129;5;134
73077;Les Chapelles;487;11;498
73079;Châteauneuf;715;14;729
73080;Le Châtel;186;10;196
73081;Le Châtelard;608;49;657
73082;La Chavanne;573;13;586
73083;Les Chavannes-en-Maurienne;220;0;220
73084;Chignin;767;16;783
73085;Chindrieux;1198;32;1230
73086;Cléry;386;6;392
73087;Cognin;5857;166;6023
73088;Cohennoz;155;2;157
73089;Coise-Saint-Jean-Pied-Gauthier;1137;10;1147
73090;La Compôte;218;6;224
73091;Conjux;197;3;200
73092;Corbel;133;3;136
73093;La Côte-d'Aime;869;12;881
73094;Crest-Voland;401;20;421
73095;La Croix-de-la-Rochette;248;6;254
73096;Cruet;1043;26;1069
73097;Curienne;646;31;677
73098;Les Déserts;773;11;784
73099;Détrier;389;13;402
73100;Domessin;1496;52;1548
73101;Doucy-en-Bauges;83;2;85
73103;Drumettaz-Clarafond;2315;72;2387
73104;Dullin;383;13;396
73105;Les Échelles;1232;26;1258
73106;École;249;1;250
73107;Entremont-le-Vieux;582;11;593
73108;Épersy;305;22;327
73109;Épierre;661;10;671
73110;Esserts-Blay;711;14;725
73111;Étable;343;17;360
73112;Feissons-sur-Isère;549;8;557
73113;Feissons-sur-Salins;194;2;196
73114;Flumet;877;15;892
73115;Fontaine-le-Puits;136;7;143
73116;Fontcouverte-la-Toussuire;567;17;584
73117;Fourneaux;797;14;811
73118;Francin;834;19;853
73119;Freney;117;1;118
73120;Fréterive;443;7;450
73121;Frontenex;1669;60;1729
73122;Gerbaix;402;6;408
73123;La Giettaz;454;12;466
73124;Gilly-sur-Isère;2798;115;2913
73126;Granier;369;2;371
73127;Gresin;337;9;346
73128;Grésy-sur-Aix;3644;79;3723
73129;Grésy-sur-Isère;1255;28;1283
73130;Grignon;1960;52;2012
73131;Hautecour;296;8;304
73132;Hauteluce;896;22;918
73133;Hauteville;300;5;305
73135;Hermillon;532;14;546
73137;Jacob-Bellecombette;3929;74;4003
73138;Jarrier;464;14;478
73139;Jarsy;285;10;295
73140;Jongieux;300;6;306
73141;Laissaud;593;4;597
73142;Landry;718;24;742
73143;Lanslebourg-Mont-Cenis;599;22;621
73144;Lanslevillard;450;18;468
73187;La Léchère;1906;35;1941
73145;Lépin-le-Lac;356;11;367
73146;Lescheraines;744;9;753
73147;Loisieux;169;4;173
73149;Lucey;288;7;295
73150;Mâcot-la-Plagne;1780;41;1821
73151;Les Marches;2471;44;2515
73152;Marcieux;168;4;172
73153;Marthod;1364;35;1399
73154;Mercury;2710;89;2799
73155;Méry;1287;30;1317
73156;Meyrieux-Trouet;285;6;291
73157;Modane;3754;142;3896
73158;Mognard;399;8;407
73159;Les Mollettes;646;16;662
73160;Montagnole;749;9;758
73161;Montagny;589;13;602
73162;Montailleur;588;19;607
73163;Montaimont;153;1;154
73164;Montcel;833;80;913
73166;Montendry;48;1;49
73167;Montgellafrey;67;4;71
73168;Montgilbert;114;2;116
73169;Montgirod;433;6;439
73170;Monthion;440;17;457
73171;Montmélian;3933;100;4033
73173;Montricher-Albanne;709;17;726
73175;Montsapey;70;0;70
73176;Montvalezan;676;18;694
73177;Montvernier;205;9;214
73178;La Motte-en-Bauges;425;8;433
73179;La Motte-Servolex;11423;552;11975
73180;Motz;384;11;395
73181;Moûtiers;3893;415;4308
73182;Mouxy;1888;54;1942
73183;Myans;1039;33;1072
73184;Nances;416;9;425
73186;Notre-Dame-de-Bellecombe;500;22;522
73188;Notre-Dame-des-Millières;897;23;920
73189;Notre-Dame-du-Cruet;184;4;188
73190;Notre-Dame-du-Pré;276;15;291
73191;Novalaise;1712;58;1770
73192;Le Noyer;167;2;169
73193;Ontex;80;0;80
73194;Orelle;408;4;412
73196;Pallud;643;19;662
73197;Peisey-Nancroix;645;14;659
73198;La Perrière;432;6;438
73200;Planaise;412;11;423
73201;Planay;427;4;431
73202;Plancherine;377;9;386
73204;Le Pont-de-Beauvoisin;1879;30;1909
73203;Pontamafrey-Montpascal;344;16;360
73205;Le Pontet;118;1;119
73206;Pralognan-la-Vanoise;735;18;753
73207;Presle;442;3;445
73208;Pugny-Chatenod;845;41;886
73210;Puygros;349;11;360
73211;Queige;845;16;861
73212;Randens;814;22;836
73213;La Ravoire;7010;526;7536
73214;Rochefort;202;3;205
73215;La Rochette;3258;86;3344
73216;Rognaix;423;13;436
73217;Rotherens;277;7;284
73218;Ruffieux;788;15;803
73219;Saint-Alban-de-Montbel;569;15;584
73220;Saint-Alban-des-Hurtières;293;18;311
73221;Saint-Alban-des-Villards;72;0;72
73222;Saint-Alban-Leysse;5560;191;5751
73223;Saint-André;465;11;476
73224;Saint-Avre;778;14;792
73225;Saint-Baldoph;2936;74;3010
73226;Saint-Béron;1450;37;1487
73227;Saint-Bon-Tarentaise;1913;46;1959
73228;Saint-Cassin;764;26;790
73229;Saint-Christophe;491;7;498
73230;Saint-Colomban-des-Villards;182;1;183
73231;Saint-Etienne-de-Cuines;1194;54;1248
73233;Saint-Franc;165;5;170
73234;Saint-François-de-Sales;139;4;143
73235;Saint-François-Longchamp;213;1;214
73236;Saint-Genix-sur-Guiers;2133;38;2171
73237;Saint-Georges-des-Hurtières;269;3;272
73238;Saint-Germain-la-Chambotte;445;8;453
73239;Saint-Girod;550;10;560
73242;Saint-Jean-d'Arves;243;10;253
73243;Saint-Jean-d'Arvey;1422;68;1490
73244;Saint-Jean-de-Belleville;496;5;501
73245;Saint-Jean-de-Chevelu;706;11;717
73246;Saint-Jean-de-Couz;244;9;253
73247;Saint-Jean-de-la-Porte;851;59;910
73248;Saint-Jean-de-Maurienne;8633;491;9124
73249;Saint-Jeoire-Prieuré;973;24;997
73250;Saint-Julien-Mont-Denis;1609;71;1680
73252;Saint-Léger;219;5;224
73253;Saint-Marcel;695;11;706
73256;Saint-Martin-d'Arc;356;7;363
73257;Saint-Martin-de-Belleville;2846;67;2913
73258;Saint-Martin-de-la-Porte;705;17;722
73259;Saint-Martin-sur-la-Chambre;452;21;473
73260;Saint-Maurice-de-Rotherens;165;5;170
73261;Saint-Michel-de-Maurienne;2770;247;3017
73262;Saint-Nicolas-la-Chapelle;409;38;447
73263;Saint-Offenge-Dessous;565;14;579
73264;Saint-Offenge-Dessus;263;6;269
73265;Saint-Ours;510;8;518
73266;Saint-Oyen;209;7;216
73267;Saint-Pancrace;294;25;319
73269;Saint-Paul;573;8;581
73268;Saint-Paul-sur-Isère;506;96;602
73270;Saint-Pierre-d'Albigny;3678;87;3765
73271;Saint-Pierre-d'Alvey;261;3;264
73274;Saint-Pierre-d'Entremont;422;21;443
73272;Saint-Pierre-de-Belleville;152;4;156
73273;Saint-Pierre-de-Curtille;424;11;435
73275;Saint-Pierre-de-Genebroz;296;4;300
73276;Saint-Pierre-de-Soucy;379;11;390
73278;Saint-Rémy-de-Maurienne;1199;14;1213
73280;Saint-Sorlin-d'Arves;365;14;379
73281;Saint-Sulpice;707;19;726
73282;Saint-Thibaud-de-Couz;879;18;897
73283;Saint-Vital;663;17;680
73232;Sainte-Foy-Tarentaise;826;6;832
73240;Sainte-Hélène-du-Lac;653;18;671
73241;Sainte-Hélène-sur-Isère;1094;28;1122
73254;Sainte-Marie-d'Alvey;133;5;138
73255;Sainte-Marie-de-Cuines;723;26;749
73277;Sainte-Reine;145;2;147
73284;Salins-les-Thermes;950;28;978
73285;Séez;2305;72;2377
73286;Serrières-en-Chautagne;980;21;1001
73287;Sollières-Sardières;194;3;197
73288;Sonnaz;1271;27;1298
73289;La Table;353;9;362
73290;Termignon;428;10;438
73292;Thénésol;226;11;237
73293;Thoiry;420;14;434
73294;La Thuile;276;12;288
73296;Tignes;2169;34;2203
73297;Tournon;556;20;576
73298;Tours-en-Savoie;852;28;880
73299;Traize;280;10;290
73300;Tresserve;3161;158;3319
73301;Trévignin;731;16;747
73302;La Trinité;277;5;282
73303;Ugine;7037;272;7309
73304;Val-d'Isère;1691;42;1733
73305;Valezan;172;10;182
73306;Valloire;1293;42;1335
73307;Valmeinier;511;37;548
73308;Venthon;619;23;642
73309;Verel-de-Montbel;279;11;290
73310;Verel-Pragondran;420;11;431
73311;Le Verneil;101;0;101
73312;Verrens-Arvey;730;30;760
73313;Verthemex;167;3;170
73314;Villard-d'Héry;245;3;248
73315;Villard-Léger;458;1;459
73316;Villard-Sallet;216;7;223
73317;Villard-sur-Doron;670;16;686
73318;Villarembert;258;5;263
73320;Villargondran;972;32;1004
73321;Villarlurin;316;13;329
73322;Villarodin-Bourget;475;20;495
73323;Villaroger;405;7;412
73324;Villaroux;225;11;236
73326;Vimines;1655;67;1722
73327;Vions;356;6;362
73328;Viviers-du-Lac;1909;39;1948
73329;Voglans;1650;44;1694
73330;Yenne;2841;52;2893
74001;Abondance;1351;137;1488
74002;Alby-sur-Chéran;1959;34;1993
74003;Alex;950;25;975
74004;Allèves;352;5;357
74005;Allinges;3549;137;3686
74006;Allonzier-la-Caille;1418;20;1438
74007;Amancy;1889;57;1946
74008;Ambilly;5863;132;5995
74009;Andilly;747;11;758
74010;Annecy;51119;1868;52987
74011;Annecy-le-Vieux;19664;822;20486
74012;Annemasse;29540;583;30123
74013;Anthy-sur-Léman;1900;112;2012
74014;Arâches-la-Frasse;1801;47;1848
74015;Arbusigny;906;9;915
74016;Archamps;1693;27;1720
74018;Arenthon;1391;46;1437
74019;Argonay;2193;304;2497
74020;Armoy;1098;35;1133
74021;Arthaz-Pont-Notre-Dame;1257;25;1282
74022;Aviernoz;772;17;789
74024;Ayse;1944;51;1995
74025;Ballaison;1250;37;1287
74026;La Balme-de-Sillingy;4683;160;4843
74027;La Balme-de-Thuy;350;5;355
74029;Bassy;426;21;447
74030;La Baume;251;0;251
74031;Beaumont;1968;33;2001
74032;Bellevaux;1344;28;1372
74033;Bernex;1178;19;1197
74034;Le Biot;444;16;460
74035;Bloye;496;6;502
74036;Bluffy;333;8;341
74037;Boëge;1540;39;1579
74038;Bogève;1034;25;1059
74040;Bonne;2599;129;2728
74041;Bonnevaux;283;6;289
74042;Bonneville;11380;336;11716
74043;Bons-en-Chablais;4609;88;4697
74044;Bossey;675;15;690
74045;Le Bouchet;242;3;245
74046;Boussy;433;21;454
74048;Brenthonne;853;20;873
74049;Brizon;449;6;455
74050;Burdignin;626;22;648
74051;Cercier;559;11;570
74052;Cernex;881;14;895
74053;Cervens;971;18;989
74054;Chainaz-les-Frasses;586;19;605
74055;Challonges;432;16;448
74056;Chamonix-Mont-Blanc;9086;315;9401
74057;Champanges;835;26;861
74061;Chapeiry;739;11;750
74058;La Chapelle-d'Abondance;779;13;792
74059;La Chapelle-Rambaud;215;4;219
74060;La Chapelle-Saint-Maurice;118;1;119
74062;Charvonnex;952;15;967
74063;Châtel;1247;27;1274
74064;Châtillon-sur-Cluses;1122;23;1145
74065;Chaumont;416;16;432
74066;Chavannaz;177;4;181
74067;Chavanod;2167;175;2342
74068;Chêne-en-Semine;362;6;368
74069;Chênex;458;11;469
74070;Chens-sur-Léman;1708;31;1739
74071;Chessenaz;161;4;165
74072;Chevaline;208;8;216
74073;Chevenoz;544;16;560
74074;Chevrier;356;7;363
74075;Chilly;1085;29;1114
74076;Choisy;1562;30;1592
74077;Clarafond-Arcine;864;11;875
74079;Les Clefs;572;15;587
74078;Clermont;390;8;398
74080;La Clusaz;1904;40;1944
74081;Cluses;17880;464;18344
74082;Collonges-sous-Salève;3569;120;3689
74083;Combloux;2047;111;2158
74084;Cons-Sainte-Colombe;327;7;334
74086;Contamine-Sarzin;536;8;544
74087;Contamine-sur-Arve;1537;130;1667
74085;Les Contamines-Montjoie;1183;34;1217
74088;Copponex;752;22;774
74089;Cordon;986;27;1013
74090;Cornier;1039;13;1052
74091;La Côte-d'Arbroz;241;3;244
74093;Cran-Gevrier;16646;393;17039
74094;Cranves-Sales;5059;159;5218
74095;Crempigny-Bonneguête;238;5;243
74096;Cruseilles;3615;204;3819
74097;Cusy;1634;21;1655
74098;Cuvat;935;30;965
74099;Demi-Quartier;1040;36;1076
74100;Desingy;714;8;722
74101;Dingy-en-Vuache;529;6;535
74102;Dingy-Saint-Clair;1216;31;1247
74103;Domancy;1780;78;1858
74104;Doussard;3347;70;3417
74105;Douvaine;4500;86;4586
74106;Draillant;644;16;660
74107;Droisy;125;0;125
74108;Duingt;886;29;915
74109;Éloise;887;12;899
74110;Entremont;570;9;579
74111;Entrevernes;196;8;204
74112;Épagny;3750;75;3825
74114;Essert-Romand;415;8;423
74116;Etaux;1580;53;1633
74117;Étercy;679;24;703
74118;Étrembières;1784;25;1809
74119;Évian-les-Bains;8137;276;8413
74120;Évires;1289;25;1314
74121;Excenevex;931;15;946
74122;Faucigny;471;16;487
74123;Faverges;6562;271;6833
74124;Feigères;1375;26;1401
74126;Fessy;772;24;796
74127;Féternes;1291;30;1321
74128;Fillinges;2955;82;3037
74129;La Forclaz;210;1;211
74130;Franclens;379;56;435
74131;Frangy;1928;55;1983
74133;Gaillard;11397;160;11557
74134;Les Gets;1299;40;1339
74135;Giez;608;10;618
74136;Le Grand-Bornand;2195;48;2243
74137;Groisy;2906;214;3120
74138;Gruffy;1390;31;1421
74139;Habère-Lullin;795;23;818
74140;Habère-Poche;1193;37;1230
74141;Hauteville-sur-Fier;808;19;827
74142;Héry-sur-Alby;885;20;905
74143;Les Houches;3060;64;3124
74144;Jonzier-Épagny;628;14;642
74145;Juvigny;631;19;650
74146;Larringes;1176;24;1200
74147;Lathuile;926;21;947
74148;Leschaux;274;3;277
74150;Loisin;1309;30;1339
74151;Lornay;443;9;452
74152;Lovagny;1074;31;1105
74153;Lucinges;1465;42;1507
74154;Lugrin;2174;45;2219
74155;Lullin;740;27;767
74156;Lully;635;14;649
74157;Lyaud;1416;54;1470
74158;Machilly;976;20;996
74159;Magland;2961;61;3022
74160;Manigod;931;21;952
74162;Marcellaz;752;17;769
74161;Marcellaz-Albanais;1687;52;1739
74163;Margencel;1697;82;1779
74164;Marignier;6114;133;6247
74165;Marigny-Saint-Marcel;632;18;650
74166;Marin;1474;46;1520
74167;Marlens;806;12;818
74168;Marlioz;630;15;645
74169;Marnaz;5219;115;5334
74170;Massingy;772;10;782
74171;Massongy;1281;34;1315
74172;Maxilly-sur-Léman;1220;32;1252
74173;Megève;3878;173;4051
74174;Mégevette;486;8;494
74175;Meillerie;306;5;311
74176;Menthon-Saint-Bernard;1840;74;1914
74177;Menthonnex-en-Bornes;843;10;853
74178;Menthonnex-sous-Clermont;602;17;619
74179;Mésigny;685;26;711
74180;Messery;2025;57;2082
74181;Metz-Tessy;2490;89;2579
74182;Meythet;8325;156;8481
74183;Mieussy;2052;40;2092
74184;Minzier;731;12;743
74185;Monnetier-Mornex;2032;48;2080
74189;Mont-Saxonnex;1483;71;1554
74186;Montagny-les-Lanches;535;18;553
74187;Montmin;304;3;307
74188;Montriond;808;29;837
74190;Morillon;538;13;551
74191;Morzine;2937;96;3033
74192;Moye;1023;29;1052
74193;La Muraz;845;21;866
74194;Mûres;677;23;700
74195;Musièges;309;7;316
74196;Nancy-sur-Cluses;434;5;439
74197;Nangy;1159;27;1186
74198;Nâves-Parmelan;848;38;886
74199;Nernier;423;15;438
74200;Neuvecelle;2520;79;2599
74201;Neydens;1431;30;1461
74202;Nonglard;481;8;489
74203;Novel;51;1;52
74204;Les Ollières;807;17;824
74205;Onnion;1098;24;1122
74206;Orcier;786;21;807
74208;Passy;11144;416;11560
74209;Peillonnex;1278;37;1315
74210;Perrignier;1466;35;1501
74211;Pers-Jussy;2473;60;2533
74212;Le Petit-Bornand-les-Glières;1080;14;1094
74213;Poisy;6310;315;6625
74215;Praz-sur-Arly;1349;42;1391
74216;Présilly;660;13;673
74217;Pringy;3343;124;3467
74218;Publier;6032;224;6256
74219;Quintal;1101;37;1138
74220;Reignier-Esery;6141;175;6316
74221;Le Reposoir;475;7;482
74222;Reyvroz;452;7;459
74223;La Rivière-Enverse;444;10;454
74224;La Roche-sur-Foron;9912;374;10286
74225;Rumilly;13434;418;13852
74226;Saint-André-de-Boëge;551;18;569
74228;Saint-Blaise;259;5;264
74229;Saint-Cergues;3001;53;3054
74231;Saint-Eusèbe;436;5;441
74232;Saint-Eustache;476;13;489
74233;Saint-Félix;2023;35;2058
74234;Saint-Ferréol;848;19;867
74235;Saint-Germain-sur-Rhône;372;6;378
74236;Saint-Gervais-les-Bains;5638;143;5781
74237;Saint-Gingolph;687;16;703
74238;Saint-Jean-d'Aulps;1169;20;1189
74239;Saint-Jean-de-Sixt;1241;25;1266
74240;Saint-Jean-de-Tholome;864;16;880
74241;Saint-Jeoire;3112;86;3198
74242;Saint-Jorioz;5694;203;5897
74243;Saint-Julien-en-Genevois;11154;263;11417
74244;Saint-Laurent;754;19;773
74245;Saint-Martin-Bellevue;2278;54;2332
74249;Saint-Paul-en-Chablais;2060;39;2099
74250;Saint-Pierre-en-Faucigny;5727;133;5860
74252;Saint-Sigismond;664;15;679
74253;Saint-Sixt;861;24;885
74254;Saint-Sylvestre;590;17;607
74255;Sales;1527;33;1560
74256;Sallanches;15495;565;16060
74257;Sallenôves;560;12;572
74258;Samoëns;2368;63;2431
74259;Le Sappey;377;9;386
74260;Savigny;676;8;684
74261;Saxel;375;6;381
74262;Scientrier;968;11;979
74263;Sciez;5056;113;5169
74264;Scionzier;6753;143;6896
74265;Serraval;624;68;692
74266;Servoz;906;47;953
74267;Sévrier;3855;180;4035
74268;Seynod;17780;616;18396
74269;Seyssel;2069;59;2128
74270;Seythenex;580;15;595
74271;Seytroux;375;6;381
74272;Sillingy;3511;82;3593
74273;Sixt-Fer-à-Cheval;788;13;801
74275;Talloires;1597;49;1646
74276;Taninges;3441;96;3537
74279;Thollon-les-Mémises;705;11;716
74280;Thônes;5777;300;6077
74281;Thonon-les-Bains;31562;1280;32842
74282;Thorens-Glières;2996;59;3055
74283;Thusy;860;14;874
74278;Thyez;5421;138;5559
74284;La Tour;1209;15;1224
74285;Usinens;358;10;368
74286;Vacheresse;729;18;747
74287;Vailly;662;13;675
74274;Val-de-Fier;512;7;519
74288;Valleiry;2962;41;3003
74289;Vallières;1356;43;1399
74290;Vallorcine;416;10;426
74291;Vanzy;276;4;280
74292;Vaulx;819;26;845
74293;Veigy-Foncenex;3151;72;3223
74294;Verchaix;647;12;659
74295;La Vernaz;290;7;297
74296;Vers;526;9;535
74297;Versonnex;469;10;479
74298;Vétraz-Monthoux;6262;292;6554
74299;Veyrier-du-Lac;2138;81;2219
74301;Villard;721;15;736
74302;Les Villards-sur-Thônes;981;19;1000
74303;Villaz;2414;59;2473
74304;Ville-en-Sallaz;678;19;697
74305;Ville-la-Grand;7187;159;7346
74306;Villy-le-Bouveret;516;6;522
74307;Villy-le-Pelloux;535;11;546
74308;Vinzier;786;23;809
74309;Viry;3423;95;3518
74311;Viuz-en-Sallaz;3753;103;3856
74310;Viuz-la-Chiésaz;1234;33;1267
74312;Vougy;1368;30;1398
74313;Vovray-en-Bornes;334;1;335
74314;Vulbens;835;67;902
74315;Yvoire;811;22;833
75101;Paris 1er Arrondissement;17915;133;18048
75102;Paris 2e  Arrondissement;21745;170;21915
75103;Paris 3e  Arrondissement;34576;298;34874
75104;Paris 4e  Arrondissement;28572;296;28868
75105;Paris 5e  Arrondissement;62664;726;63390
75106;Paris 6e  Arrondissement;45332;870;46202
75107;Paris 7e  Arrondissement;57410;797;58207
75108;Paris 8e  Arrondissement;39165;512;39677
75109;Paris 9e  Arrondissement;58632;634;59266
75110;Paris 10e  Arrondissement;93373;813;94186
75111;Paris 11e  Arrondissement;151421;1626;153047
75112;Paris 12e  Arrondissement;142425;1585;144010
75113;Paris 13e  Arrondissement;179213;2103;181316
75114;Paris 14e  Arrondissement;134382;1236;135618
75115;Paris 15e  Arrondissement;232247;2395;234642
75116;Paris 16e  Arrondissement;159706;2220;161926
75117;Paris 17e  Arrondissement;164673;1606;166279
75118;Paris 18e  Arrondissement;191523;1152;192675
75119;Paris 19e  Arrondissement;184038;1710;185748
75120;Paris 20e  Arrondissement;194018;1285;195303
76001;Allouville-Bellefosse;1044;28;1072
76002;Alvimare;501;4;505
76004;Ambrumesnil;517;14;531
76005;Amfreville-la-Mi-Voie;3042;32;3074
76006;Amfreville-les-Champs;138;2;140
76007;Anceaumeville;670;6;676
76008;Ancourt;712;7;719
76009;Ancourteville-sur-Héricourt;217;6;223
76010;Ancretiéville-Saint-Victor;339;7;346
76011;Ancretteville-sur-Mer;177;4;181
76012;Angerville-Bailleul;191;5;196
76014;Angerville-l'Orcher;1343;14;1357
76013;Angerville-la-Martel;850;18;868
76015;Angiens;603;15;618
76017;Anglesqueville-l'Esneval;509;7;516
76016;Anglesqueville-la-Bras-Long;126;2;128
76020;Anneville-Ambourville;1166;14;1180
76019;Anneville-sur-Scie;445;27;472
76021;Annouville-Vilmesnil;410;3;413
76022;Anquetierville;362;7;369
76023;Anvéville;249;6;255
76024;Ardouval;169;0;169
76025;Argueil;341;6;347
76026;Arques-la-Bataille;2527;57;2584
76027;Assigny;329;3;332
76028;Aubéguimont;180;3;183
76029;Aubermesnil-aux-Érables;224;6;230
76030;Aubermesnil-Beaumais;449;14;463
76031;Auberville-la-Campagne;612;7;619
76032;Auberville-la-Manuel;121;1;122
76033;Auberville-la-Renault;388;2;390
76034;Auffay;1765;40;1805
76035;Aumale;2428;101;2529
76036;Auppegard;674;9;683
76037;Auquemesnil;298;6;304
76038;Authieux-Ratiéville;400;5;405
76039;Les Authieux-sur-le-Port-Saint-Ouen;1216;29;1245
76040;Autigny;255;4;259
76041;Autretot;712;21;733
76042;Auvilliers;92;2;94
76043;Auzebosc;1015;252;1267
76044;Auzouville-Auberbosc;263;3;266
76045;Auzouville-l'Esneval;332;3;335
76046;Auzouville-sur-Ry;606;16;622
76047;Auzouville-sur-Saâne;151;4;155
76048;Avesnes-en-Bray;313;4;317
76049;Avesnes-en-Val;281;2;283
76050;Avremesnil;911;17;928
76051;Bacqueville-en-Caux;1789;28;1817
76052;Bailleul-Neuville;164;3;167
76053;Baillolet;133;5;138
76054;Bailly-en-Rivière;560;3;563
76055;Baons-le-Comte;337;6;343
76056;Bardouville;625;8;633
76057;Barentin;12291;248;12539
76058;Baromesnil;246;9;255
76059;Bazinval;333;3;336
76060;Beaubec-la-Rosière;454;11;465
76062;Beaumont-le-Hareng;199;5;204
76064;Beaurepaire;435;8;443
76065;Beaussault;383;7;390
76066;Beautot;115;5;120
76063;Beauval-en-Caux;411;13;424
76067;Beauvoir-en-Lyons;567;6;573
76068;Bec-de-Mortagne;670;14;684
76069;Belbeuf;2075;50;2125
76070;Bellencombre;637;9;646
76071;Bellengreville;470;5;475
76072;Belleville-en-Caux;534;4;538
76073;Belleville-sur-Mer;799;12;811
76074;La Bellière;59;0;59
76075;Belmesnil;498;6;504
76076;Bénarville;237;1;238
76077;Bénesville;157;3;160
76078;Bennetot;177;0;177
76079;Bénouville;119;2;121
76080;Bermonville;458;5;463
76081;Berneval-le-Grand;1186;31;1217
76082;Bernières;630;7;637
76083;Bertheauville;120;3;123
76084;Bertreville;100;1;101
76085;Bertreville-Saint-Ouen;327;11;338
76086;Bertrimont;253;4;257
76087;Berville;542;7;549
76088;Berville-sur-Seine;550;3;553
76089;Betteville;514;16;530
76090;Beuzeville-la-Grenier;1027;12;1039
76091;Beuzeville-la-Guérard;165;3;168
76092;Beuzevillette;705;4;709
76093;Bézancourt;284;13;297
76094;Bierville;270;6;276
76095;Bihorel;8461;195;8656
76096;Biville-la-Baignarde;572;7;579
76097;Biville-la-Rivière;106;5;111
76098;Biville-sur-Mer;659;13;672
76099;Blacqueville;595;10;605
76100;Blainville-Crevon;1127;32;1159
76101;Blangy-sur-Bresle;3146;51;3197
76104;Blosseville;300;12;312
76105;Le Bocasse;742;12;754
76106;Bois-d'Ennebourg;488;7;495
76107;Bois-Guilbert;227;4;231
76108;Bois-Guillaume;13070;396;13466
76109;Bois-Héroult;166;5;171
76110;Bois-Himont;427;11;438
76111;Bois-l'Évêque;494;10;504
76112;Le Bois-Robert;323;13;336
76113;Boissay;291;2;293
76114;Bolbec;11917;128;12045
76115;Bolleville;527;11;538
76103;Bonsecours;6836;140;6976
76116;Boos;3096;41;3137
76117;Bordeaux-Saint-Clair;587;5;592
76118;Bornambusc;258;2;260
76119;Bosc-Bérenger;185;0;185
76120;Bosc-Bordel;473;4;477
76121;Bosc-Édeline;308;2;310
76123;Bosc-Guérard-Saint-Adrien;830;19;849
76124;Bosc-Hyons;367;11;378
76125;Bosc-le-Hard;1438;20;1458
76126;Bosc-Mesnil;255;6;261
76127;Bosc-Roger-sur-Buchy;715;11;726
76128;Bosville;535;10;545
76129;Boudeville;188;6;194
76130;Bouelles;222;5;227
76131;La Bouille;805;13;818
76132;Bourdainville;419;3;422
76133;Le Bourg-Dun;457;12;469
76134;Bourville;293;7;300
76135;Bouville;914;16;930
76136;Brachy;728;21;749
76137;Bracquemont;906;17;923
76138;Bracquetuit;304;6;310
76139;Bradiancourt;183;0;183
76140;Brametot;169;4;173
76141;Bréauté;1236;14;1250
76142;Brémontier-Merval;481;91;572
76143;Bretteville-du-Grand-Caux;1267;20;1287
76144;Bretteville-Saint-Laurent;165;3;168
76145;Brunville;228;5;233
76146;Buchy;1387;82;1469
76147;Bully;871;15;886
76148;Bures-en-Bray;316;3;319
76149;Butot;282;1;283
76732;Butot-Vénesville;272;12;284
76151;Cailleville;258;5;263
76152;Cailly;733;15;748
76122;Callengeville;472;13;485
76153;Calleville-les-Deux-Églises;309;2;311
76154;Campneuseville;532;8;540
76155;Canehan;317;8;325
76156;Canouville;285;3;288
76157;Canteleu;14430;427;14857
76158;Canville-les-Deux-Églises;308;4;312
76159;Cany-Barville;3097;77;3174
76160;Carville-la-Folletière;330;1;331
76161;Carville-Pot-de-Fer;101;3;104
76162;Le Catelier;213;7;220
76163;Catenay;732;6;738
76164;Caudebec-en-Caux;2322;48;2370
76165;Caudebec-lès-Elbeuf;9640;110;9750
76166;Le Caule-Sainte-Beuve;392;7;399
76167;Cauville-sur-Mer;1370;27;1397
76168;Les Cent-Acres;38;4;42
76169;La Cerlangue;1206;114;1320
76170;La Chapelle-du-Bourgay;133;4;137
76171;La Chapelle-Saint-Ouen;89;2;91
76172;La Chapelle-sur-Dun;194;2;196
76173;La Chaussée;430;6;436
76174;Cideville;290;5;295
76175;Clais;207;4;211
76176;Clasville;255;8;263
76177;Claville-Motteville;249;3;252
76178;Cléon;5701;77;5778
76179;Clères;1308;21;1329
76180;Cleuville;151;2;153
76181;Cléville;160;5;165
76182;Cliponville;237;7;244
76183;Colleville;692;13;705
76184;Colmesnil-Manneville;128;6;134
76185;Compainville;130;3;133
76186;Conteville;472;7;479
76187;Contremoulins;200;9;209
76188;Cottévrard;374;3;377
76189;Crasville-la-Mallet;161;1;162
76190;Crasville-la-Rocquefort;227;3;230
76191;Cressy;237;1;238
76192;Criel-sur-Mer;2741;60;2801
76193;La Crique;352;2;354
76194;Criquebeuf-en-Caux;391;12;403
76196;Criquetot-l'Esneval;2249;75;2324
76195;Criquetot-le-Mauconduit;137;1;138
76197;Criquetot-sur-Longueville;159;1;160
76198;Criquetot-sur-Ouville;697;8;705
76199;Criquiers;648;10;658
76200;Critot;512;19;531
76201;Croisy-sur-Andelle;518;1;519
76203;Croix-Mare;670;9;679
76202;Croixdalle;208;7;215
76204;Cropus;226;4;230
76205;Crosville-sur-Scie;247;4;251
76206;Cuverville;325;6;331
76207;Cuverville-sur-Yères;227;1;228
76208;Cuy-Saint-Fiacre;631;7;638
76209;Dampierre-en-Bray;432;17;449
76210;Dampierre-Saint-Nicolas;514;7;521
76211;Dancourt;236;5;241
76212;Darnétal;9429;128;9557
76213;Daubeuf-Serville;370;9;379
76214;Dénestanville;201;6;207
76215;Derchigny;518;10;528
76216;Déville-lès-Rouen;10413;93;10506
76217;Dieppe;33375;1074;34449
76218;Doudeauville;96;3;99
76219;Doudeville;2567;54;2621
76220;Douvrend;491;2;493
76221;Drosay;225;1;226
76222;Duclair;4094;71;4165
76223;Écalles-Alix;490;10;500
76224;Écrainville;1013;16;1029
76225;Écretteville-lès-Baons;417;4;421
76226;Écretteville-sur-Mer;105;4;109
76227;Ectot-l'Auber;542;12;554
76228;Ectot-lès-Baons;408;4;412
76231;Elbeuf;16975;212;17187
76229;Elbeuf-en-Bray;390;11;401
76230;Elbeuf-sur-Andelle;373;5;378
76232;Életot;600;14;614
76233;Ellecourt;137;4;141
76234;Émanville;543;6;549
76235;Envermeu;2099;152;2251
76236;Envronville;323;11;334
76237;Épinay-sur-Duclair;500;2;502
76238;Épouville;2823;58;2881
76239;Épretot;732;10;742
76240;Épreville;955;21;976
76241;Ermenouville;155;9;164
76242;Ernemont-la-Villette;194;5;199
76243;Ernemont-sur-Buchy;197;1;198
76244;Esclavelles;362;5;367
76245;Eslettes;1507;20;1527
76247;Esteville;529;1;530
76248;Estouteville-Écalles;479;6;485
76249;Étaimpuis;665;6;671
76250;Étainhus;1050;15;1065
76251;Étalleville;418;7;425
76252;Étalondes;1151;33;1184
76253;Étoutteville;604;8;612
76254;Étretat;1518;32;1550
76255;Eu;7495;223;7718
76257;Fallencourt;177;1;178
76258;Fauville-en-Caux;2126;70;2196
76259;Fécamp;19169;460;19629
76260;Ferrières-en-Bray;1689;27;1716
76261;La Ferté-Saint-Samson;425;5;430
76262;Fesques;115;10;125
76263;La Feuillie;1207;27;1234
76264;Flamanville;399;5;404
76265;Flamets-Frétils;165;7;172
76266;Flocques;675;7;682
76267;La Folletière;66;6;72
76268;Fongueusemare;189;2;191
76269;Fontaine-en-Bray;160;4;164
76270;Fontaine-la-Mallet;2712;68;2780
76271;Fontaine-le-Bourg;1453;20;1473
76272;Fontaine-le-Dun;947;43;990
76273;Fontaine-sous-Préaux;559;16;575
76274;La Fontelaye;33;0;33
76275;Fontenay;1037;22;1059
76276;Forges-les-Eaux;3534;245;3779
76277;Le Fossé;444;14;458
76278;Foucarmont;1017;24;1041
76279;Foucart;356;6;362
76475;Franqueville-Saint-Pierre;5483;194;5677
76280;Fréauville;136;3;139
76281;La Frénaye;1779;48;1827
76282;Freneuse;936;11;947
76283;Fresles;213;3;216
76284;Fresnay-le-Long;271;7;278
76285;Fresne-le-Plan;553;13;566
76286;Fresnoy-Folny;667;5;672
76287;Fresquiennes;1039;11;1050
76288;Freulleville;350;9;359
76289;Fréville;851;9;860
76290;Frichemesnil;398;7;405
76291;Froberville;1052;23;1075
76292;Fry;137;2;139
76293;Fultot;196;5;201
76294;La Gaillarde;427;10;437
76295;Gaillefontaine;1386;23;1409
76296;Gainneville;2612;30;2642
76297;Gancourt-Saint-Étienne;224;4;228
76298;Ganzeville;446;11;457
76299;Gerponville;342;6;348
76300;Gerville;413;8;421
76301;Glicourt;188;0;188
76302;Goderville;2814;33;2847
76303;Gommerville;700;16;716
76304;Gonfreville-Caillot;313;2;315
76305;Gonfreville-l'Orcher;9145;65;9210
76306;Gonnetot;143;1;144
76307;Gonneville-la-Mallet;1246;17;1263
76308;Gonneville-sur-Scie;435;6;441
76309;Gonzeville;109;4;113
76310;Gouchaupre;163;7;170
76311;Goupillières;423;5;428
76312;Gournay-en-Bray;6174;133;6307
76313;Gouy;819;16;835
76314;Graimbouville;574;10;584
76315;Grainville-la-Teinturière;1045;73;1118
76316;Grainville-sur-Ry;462;3;465
76317;Grainville-Ymauville;404;7;411
76318;Grand-Camp;695;24;719
76319;Grand-Couronne;9492;163;9655
76322;Le Grand-Quevilly;26162;245;26407
76320;Grandcourt;349;4;353
76321;Les Grandes-Ventes;1836;27;1863
76323;Graval;114;4;118
76324;Grèges;774;18;792
76325;Grémonville;388;13;401
76326;Greny;138;2;140
76327;Greuville;343;6;349
76328;Grigneuseville;318;0;318
76329;Gruchet-le-Valasse;2544;86;2630
76330;Gruchet-Saint-Siméon;700;16;716
76331;Grugny;916;4;920
76332;Grumesnil;494;15;509
76333;Guerville;438;5;443
76334;Gueures;506;7;513
76335;Gueutteville;72;1;73
76336;Gueutteville-les-Grès;344;9;353
76337;Guilmécourt;257;1;258
76338;La Hallotière;129;4;133
76339;Le Hanouard;218;3;221
76340;Harcanville;442;13;455
76341;Harfleur;8124;94;8218
76342;Hattenville;652;11;663
76343;Haucourt;236;5;241
76344;Haudricourt;455;10;465
76345;Haussez;273;7;280
76346;Hautot-l'Auvray;325;4;329
76347;Hautot-le-Vatois;275;7;282
76348;Hautot-Saint-Sulpice;575;23;598
76349;Hautot-sur-Mer;1991;67;2058
76350;Hautot-sur-Seine;352;7;359
76351;Le Havre;179751;2660;182411
76352;La Haye;248;4;252
76353;Héberville;119;1;120
76354;Hénouville;1243;30;1273
76355;Héricourt-en-Caux;934;24;958
76356;Hermanville;111;1;112
76357;Hermeville;359;2;361
76358;Le Héron;243;4;247
76359;Héronchelles;110;2;112
76360;Heugleville-sur-Scie;542;7;549
76361;Heuqueville;631;8;639
76362;Heurteauville;307;7;314
76363;Hodeng-au-Bosc;591;9;600
76364;Hodeng-Hodenger;248;9;257
76365;Houdetot;162;7;169
76366;Le Houlme;4110;42;4152
76367;Houppeville;2396;42;2438
76368;Houquetot;302;1;303
76369;La Houssaye-Béranger;533;4;537
76370;Hugleville-en-Caux;361;6;367
76371;Les Ifs;49;0;49
76372;Illois;307;7;314
76373;Imbleville;299;0;299
76374;Incheville;1381;20;1401
76375;Ingouville;265;8;273
76376;Intraville;233;4;237
76377;Isneauville;2439;43;2482
76378;Jumièges;1715;23;1738
76379;Lamberville;162;2;164
76380;Lammerville;318;8;326
76381;Landes-Vieilles-et-Neuves;126;5;131
76382;Lanquetot;1009;18;1027
76383;Lestanville;93;0;93
76384;Lillebonne;9495;207;9702
76385;Limésy;1385;113;1498
76386;Limpiville;349;8;357
76387;Lindebeuf;339;6;345
76388;Lintot;459;9;468
76389;Lintot-les-Bois;183;2;185
76390;Les Loges;1140;24;1164
76391;La Londe;2222;46;2268
76392;Londinières;1199;14;1213
76393;Longmesnil;55;1;56
76394;Longroy;656;10;666
76395;Longueil;550;12;562
76396;Longuerue;303;4;307
76397;Longueville-sur-Scie;947;26;973
76398;Louvetot;692;22;714
76399;Lucy;165;2;167
76400;Luneray;2091;55;2146
76401;La Mailleraye-sur-Seine;1967;20;1987
76402;Malaunay;5906;52;5958
76403;Malleville-les-Grès;158;5;163
76404;Manéglise;1151;21;1172
76405;Manéhouville;205;0;205
76406;Maniquerville;446;4;450
76407;Manneville-ès-Plains;258;13;271
76408;Manneville-la-Goupil;981;13;994
76409;Mannevillette;831;11;842
76410;Maromme;11819;111;11930
76411;Marques;224;2;226
76412;Martainville-Épreville;692;13;705
76413;Martigny;487;5;492
76414;Martin-Église;1477;51;1528
76415;Massy;291;6;297
76416;Mathonville;228;2;230
76417;Maucomble;318;6;324
76418;Maulévrier-Sainte-Gertrude;912;15;927
76419;Mauny;197;2;199
76420;Mauquenchy;309;15;324
76421;Mélamare;757;16;773
76422;Melleville;282;5;287
76423;Ménerval;187;6;193
76424;Ménonval;192;8;200
76425;Mentheville;216;4;220
76426;Mésangueville;154;1;155
76427;Mesnières-en-Bray;884;271;1155
76428;Le Mesnil-Durdent;23;1;24
76429;Le Mesnil-Esnard;6692;360;7052
76430;Mesnil-Follemprise;125;2;127
76431;Le Mesnil-Lieubray;95;2;97
76432;Mesnil-Mauger;236;1;237
76433;Mesnil-Panneville;621;9;630
76434;Mesnil-Raoul;835;14;849
76435;Le Mesnil-Réaume;502;9;511
76436;Le Mesnil-sous-Jumièges;619;9;628
76437;Meulers;562;8;570
76438;Millebosc;272;4;276
76439;Mirville;306;1;307
76440;Molagnies;152;1;153
76441;Monchaux-Soreng;643;7;650
76442;Monchy-sur-Eu;544;7;551
76443;Mont-Cauvaire;611;9;620
76444;Mont-de-l'If;100;6;106
76451;Mont-Saint-Aignan;20207;505;20712
76445;Montérolier;517;10;527
76446;Montigny;1147;29;1176
76447;Montivilliers;16241;281;16522
76448;Montmain;1335;19;1354
76449;Montreuil-en-Caux;428;11;439
76450;Montroty;257;24;281
76452;Montville;4564;22;4586
76453;Morgny-la-Pommeraye;1023;10;1033
76606;Morienne;173;46;219
76454;Mortemer;108;1;109
76455;Morville-sur-Andelle;278;6;284
76456;Motteville;730;11;741
76457;Moulineaux;880;25;905
76458;Muchedent;118;3;121
76459;Nesle-Hodeng;299;5;304
76460;Nesle-Normandeuse;589;8;597
76463;Neuf-Marché;676;17;693
76461;Neufbosc;334;5;339
76462;Neufchâtel-en-Bray;4958;188;5146
76464;La Neuville-Chant-d'Oisel;1918;39;1957
76465;Neuville-Ferrières;595;7;602
76467;Néville;1102;14;1116
76468;Nointot;1245;51;1296
76469;Nolléval;400;3;403
76470;Normanville;578;14;592
76471;Norville;886;26;912
76472;Notre-Dame-d'Aliermont;621;11;632
76473;Notre-Dame-de-Bliquetuit;641;11;652
76474;Notre-Dame-de-Bondeville;7186;92;7278
76476;Notre-Dame-de-Gravenchon;8254;243;8497
76477;Notre-Dame-du-Bec;425;5;430
76478;Notre-Dame-du-Parc;157;1;158
76479;Nullemont;111;3;114
76480;Ocqueville;451;7;458
76481;Octeville-sur-Mer;5516;98;5614
76482;Offranville;3323;297;3620
76483;Oherville;183;6;189
76484;Oissel;11574;86;11660
76485;Omonville;273;57;330
76486;Orival;955;20;975
76487;Osmoy-Saint-Valery;331;5;336
76488;Ouainville;508;14;522
76489;Oudalle;357;6;363
76490;Ourville-en-Caux;1104;18;1122
76491;Ouville-l'Abbaye;621;17;638
76492;Ouville-la-Rivière;580;16;596
76493;Paluel;454;1;455
76494;Parc-d'Anxtot;557;6;563
76495;Pavilly;6056;96;6152
76496;Penly;323;4;327
76497;Petit-Couronne;9057;89;9146
76498;Le Petit-Quevilly;21970;318;22288
76499;Petiville;1040;27;1067
76500;Pierrecourt;466;6;472
76501;Pierrefiques;123;1;124
76502;Pierreval;444;4;448
76503;Pissy-Pôville;1284;24;1308
76504;Pleine-Sève;114;3;117
76505;Pommereux;100;4;104
76506;Pommeréval;362;2;364
76507;Ponts-et-Marais;840;9;849
76508;La Poterie-Cap-d'Antifer;364;5;369
76509;Préaux;1649;31;1680
76510;Prétot-Vicquemare;140;0;140
76511;Preuseville;146;2;148
76512;Puisenval;26;0;26
76513;Quevillon;613;12;625
76514;Quévreville-la-Poterie;928;16;944
76515;Quiberville;508;11;519
76516;Quièvrecourt;420;10;430
76517;Quincampoix;3146;74;3220
76518;Raffetot;457;13;470
76519;Rainfreville;86;1;87
76520;Réalcamp;658;5;663
76521;Rebets;137;3;140
76522;La Remuée;1335;23;1358
76523;Rétonval;193;2;195
76524;Reuville;117;4;121
76525;Ricarville;311;7;318
76526;Ricarville-du-Val;164;0;164
76527;Richemont;471;7;478
76528;Rieux;618;45;663
76529;Riville;291;3;294
76530;Robertot;186;2;188
76531;Rocquefort;316;3;319
76532;Rocquemont;775;7;782
76533;Rogerville;1253;10;1263
76534;Rolleville;1137;19;1156
76535;Roncherolles-en-Bray;439;10;449
76536;Roncherolles-sur-le-Vivier;1103;15;1118
76537;Ronchois;182;1;183
76538;Rosay;265;6;271
76540;Rouen;108569;2358;110927
76541;Roumare;1348;13;1361
76542;Routes;220;7;227
76543;Rouville;554;14;568
76544;Rouvray-Catillon;181;2;183
76545;Rouxmesnil-Bouteilles;1840;53;1893
76546;Royville;247;3;250
76547;La Rue-Saint-Pierre;601;2;603
76548;Ry;742;21;763
76549;Saâne-Saint-Just;140;3;143
76550;Sahurs;1320;24;1344
76551;Sainneville;821;15;836
76554;Saint-Aignan-sur-Ry;294;7;301
76555;Saint-André-sur-Cailly;847;7;854
76556;Saint-Antoine-la-Forêt;992;20;1012
76557;Saint-Arnoult;1307;37;1344
76558;Saint-Aubin-Celloville;963;15;978
76559;Saint-Aubin-de-Crétot;516;10;526
76560;Saint-Aubin-Épinay;951;13;964
76562;Saint-Aubin-le-Cauf;860;9;869
76561;Saint-Aubin-lès-Elbeuf;8097;100;8197
76563;Saint-Aubin-Routot;1264;22;1286
76564;Saint-Aubin-sur-Mer;265;4;269
76565;Saint-Aubin-sur-Scie;1208;85;1293
76568;Saint-Clair-sur-les-Monts;646;13;659
76570;Saint-Crespin;282;7;289
76572;Saint-Denis-d'Aclon;177;2;179
76573;Saint-Denis-le-Thiboult;506;13;519
76574;Saint-Denis-sur-Scie;444;8;452
76575;Saint-Étienne-du-Rouvray;27616;437;28053
76576;Saint-Eustache-la-Forêt;1094;17;1111
76580;Saint-Georges-sur-Fontaine;840;19;859
76582;Saint-Germain-d'Étables;266;13;279
76581;Saint-Germain-des-Essourts;363;3;366
76583;Saint-Germain-sous-Cailly;266;2;268
76584;Saint-Germain-sur-Eaulne;214;2;216
76585;Saint-Gilles-de-Crétot;336;7;343
76586;Saint-Gilles-de-la-Neuville;635;7;642
76588;Saint-Hellier;422;4;426
76589;Saint-Honoré;166;5;171
76590;Saint-Jacques-d'Aliermont;356;1;357
76591;Saint-Jacques-sur-Darnétal;2576;71;2647
76592;Saint-Jean-de-Folleville;828;22;850
76593;Saint-Jean-de-la-Neuville;547;10;557
76594;Saint-Jean-du-Cardonnay;1345;28;1373
76595;Saint-Jouin-Bruneval;1798;25;1823
76596;Saint-Laurent-de-Brèvedent;1438;29;1467
76597;Saint-Laurent-en-Caux;803;14;817
76598;Saint-Léger-aux-Bois;480;9;489
76599;Saint-Léger-du-Bourg-Denis;3263;41;3304
76600;Saint-Léonard;1821;44;1865
76602;Saint-Maclou-de-Folleville;543;0;543
76603;Saint-Maclou-la-Brière;486;7;493
76604;Saint-Mards;176;2;178
76612;Saint-Martin-au-Bosc;164;4;168
76611;Saint-Martin-aux-Arbres;289;14;303
76613;Saint-Martin-aux-Buneaux;660;6;666
76614;Saint-Martin-de-Boscherville;1446;44;1490
76615;Saint-Martin-du-Bec;601;36;637
76616;Saint-Martin-du-Manoir;1489;30;1519
76617;Saint-Martin-du-Vivier;1784;64;1848
76618;Saint-Martin-en-Campagne;1274;27;1301
76620;Saint-Martin-l'Hortier;239;10;249
76619;Saint-Martin-le-Gaillard;329;12;341
76621;Saint-Martin-Osmonville;1085;9;1094
76622;Saint-Maurice-d'Ételan;322;13;335
76623;Saint-Michel-d'Halescourt;107;5;112
76624;Saint-Nicolas-d'Aliermont;3717;104;3821
76625;Saint-Nicolas-de-Bliquetuit;519;12;531
76626;Saint-Nicolas-de-la-Haie;397;10;407
76627;Saint-Nicolas-de-la-Taille;1317;27;1344
76628;Saint-Ouen-du-Breuil;749;11;760
76629;Saint-Ouen-le-Mauger;188;2;190
76630;Saint-Ouen-sous-Bailly;214;0;214
76631;Saint-Paër;1200;12;1212
76632;Saint-Pierre-Bénouville;321;10;331
76634;Saint-Pierre-de-Manneville;718;17;735
76636;Saint-Pierre-de-Varengeville;2251;28;2279
76635;Saint-Pierre-des-Jonquières;121;2;123
76637;Saint-Pierre-en-Port;829;11;840
76638;Saint-Pierre-en-Val;1115;28;1143
76639;Saint-Pierre-Lavis;153;2;155
76641;Saint-Pierre-le-Vieux;218;3;221
76642;Saint-Pierre-le-Viger;274;9;283
76640;Saint-Pierre-lès-Elbeuf;8332;88;8420
76643;Saint-Quentin-au-Bosc;96;3;99
76644;Saint-Rémy-Boscrocourt;756;22;778
76645;Saint-Riquier-en-Rivière;159;0;159
76646;Saint-Riquier-ès-Plains;592;19;611
76647;Saint-Romain-de-Colbosc;3832;63;3895
76648;Saint-Saëns;2524;35;2559
76649;Saint-Saire;582;6;588
76650;Saint-Sauveur-d'Émalleville;1165;6;1171
76651;Saint-Sylvain;178;4;182
76652;Saint-Vaast-d'Équiqueville;606;8;614
76653;Saint-Vaast-Dieppedalle;338;4;342
76654;Saint-Vaast-du-Val;396;4;400
76655;Saint-Valery-en-Caux;4508;190;4698
76656;Saint-Victor-l'Abbaye;624;7;631
76657;Saint-Vigor-d'Ymonville;958;18;976
76658;Saint-Vincent-Cramesnil;591;6;597
76659;Saint-Wandrille-Rançon;1180;17;1197
76552;Sainte-Adresse;7731;287;8018
76553;Sainte-Agathe-d'Aliermont;309;2;311
76566;Sainte-Austreberthe;586;7;593
76567;Sainte-Beuve-en-Rivière;182;5;187
76569;Sainte-Colombe;202;3;205
76571;Sainte-Croix-sur-Buchy;671;15;686
76577;Sainte-Foy;491;8;499
76578;Sainte-Geneviève;280;2;282
76587;Sainte-Hélène-Bondeville;735;19;754
76608;Sainte-Marguerite-sur-Duclair;1641;30;1671
76607;Sainte-Marguerite-sur-Fauville;240;6;246
76605;Sainte-Marguerite-sur-Mer;499;5;504
76609;Sainte-Marie-au-Bosc;297;3;300
76610;Sainte-Marie-des-Champs;1542;30;1572
76660;Sandouville;769;9;778
76662;Sassetot-le-Malgardé;89;0;89
76663;Sassetot-le-Mauconduit;923;18;941
76664;Sasseville;290;12;302
76665;Sauchay;405;10;415
76666;Saumont-la-Poterie;388;8;396
76667;Sauqueville;359;16;375
76668;Saussay;320;6;326
76669;Sausseuzemare-en-Caux;403;7;410
76670;Senneville-sur-Fécamp;770;18;788
76671;Sept-Meules;164;1;165
76672;Serqueux;1061;25;1086
76673;Servaville-Salmonville;1047;16;1063
76674;Sévis;319;10;329
76675;Sierville;914;10;924
76676;Sigy-en-Bray;628;5;633
76677;Smermesnil;366;96;462
76678;Sommery;706;9;715
76679;Sommesnil;86;1;87
76680;Sorquainville;162;3;165
76681;Sotteville-lès-Rouen;30392;632;31024
76682;Sotteville-sous-le-Val;726;32;758
76683;Sotteville-sur-Mer;359;8;367
76684;Tancarville;1264;10;1274
76685;Thérouldeville;520;4;524
76686;Theuville-aux-Maillots;445;6;451
76688;Thiergeville;343;8;351
76689;Thiétreville;344;47;391
76690;Thil-Manneville;540;2;542
76691;Le Thil-Riberpré;212;3;215
76692;Thiouville;291;2;293
76693;Le Tilleul;681;11;692
76694;Tocqueville-en-Caux;113;5;118
76695;Tocqueville-les-Murs;283;3;286
76696;Tocqueville-sur-Eu;195;2;197
76697;Torcy-le-Grand;713;24;737
76698;Torcy-le-Petit;471;3;474
76699;Le Torp-Mesnil;291;5;296
76700;Tôtes;1308;11;1319
76701;Touffreville-la-Cable;383;12;395
76702;Touffreville-la-Corbeline;777;19;796
76703;Touffreville-sur-Eu;210;6;216
76704;Tourville-la-Chapelle;501;9;510
76705;Tourville-la-Rivière;2287;32;2319
76706;Tourville-les-Ifs;534;14;548
76707;Tourville-sur-Arques;1176;21;1197
76708;Toussaint;731;14;745
76709;Le Trait;5186;72;5258
76710;Trémauville;94;1;95
76711;Le Tréport;5728;122;5850
76712;La Trinité-du-Mont;743;16;759
76713;Triquerville;390;13;403
76714;Les Trois-Pierres;715;16;731
76715;Trouville;597;12;609
76716;Turretot;1442;28;1470
76717;Val-de-la-Haye;746;12;758
76018;Val-de-Saâne;1341;23;1364
76718;Valliquerville;1267;42;1309
76719;Valmont;989;17;1006
76720;Varengeville-sur-Mer;1056;42;1098
76721;Varneville-Bretteville;295;5;300
76723;Vassonville;387;3;390
76724;Vatierville;107;2;109
76725;Vattetot-sous-Beaumont;533;6;539
76726;Vattetot-sur-Mer;308;5;313
76727;Vatteville-la-Rue;1034;9;1043
76728;La Vaupalière;992;13;1005
76729;Veauville-lès-Baons;641;13;654
76730;Veauville-lès-Quelles;104;3;107
76731;Vénestanville;165;2;167
76733;Ventes-Saint-Rémy;232;4;236
76734;Vergetot;415;5;420
76735;Veules-les-Roses;582;17;599
76736;Veulettes-sur-Mer;324;9;333
76737;Vibeuf;642;16;658
76738;Vieux-Manoir;684;12;696
76739;Vieux-Rouen-sur-Bresle;673;8;681
76740;La Vieux-Rue;449;4;453
76741;Villainville;293;7;300
76742;Villequier;762;20;782
76743;Villers-Écalles;1824;29;1853
76744;Villers-sous-Foucarmont;201;7;208
76745;Villy-sur-Yères;182;4;186
76746;Vinnemerville;209;5;214
76747;Virville;303;1;304
76748;Vittefleur;627;12;639
76749;Wanchy-Capval;342;3;345
76750;Yainville;1105;17;1122
76751;Yébleron;1370;15;1385
76752;Yerville;2274;31;2305
76753;Ymare;1114;21;1135
76754;Yport;1005;15;1020
76755;Ypreville-Biville;496;10;506
76756;Yquebeuf;242;4;246
76757;Yvecrique;646;12;658
76758;Yvetot;11205;472;11677
76759;Yville-sur-Seine;434;4;438
77001;Achères-la-Forêt;1242;12;1254
77002;Amillis;762;7;769
77003;Amponville;363;3;366
77004;Andrezel;317;6;323
77005;Annet-sur-Marne;3240;55;3295
77006;Arbonne-la-Forêt;967;13;980
77007;Argentières;364;1;365
77008;Armentières-en-Brie;1352;10;1362
77009;Arville;139;2;141
77010;Aubepierre-Ozouer-le-Repos;895;8;903
77011;Aufferville;539;19;558
77012;Augers-en-Brie;304;5;309
77013;Aulnoy;385;32;417
77014;Avon;13970;323;14293
77015;Baby;69;3;72
77016;Bagneaux-sur-Loing;1604;12;1616
77018;Bailly-Romainvilliers;5666;24;5690
77019;Balloy;337;8;345
77020;Bannost-Villegagnon;595;6;601
77021;Barbey;173;3;176
77022;Barbizon;1587;17;1604
77023;Barcy;223;5;228
77024;Bassevelle;352;7;359
77025;Bazoches-lès-Bray;789;14;803
77026;Beauchery-Saint-Martin;394;7;401
77027;Beaumont-du-Gâtinais;1142;15;1157
77028;Beautheil;696;9;705
77029;Beauvoir;204;5;209
77030;Bellot;792;6;798
77031;Bernay-Vilbert;819;28;847
77032;Beton-Bazoches;754;16;770
77033;Bezalles;216;0;216
77034;Blandy;753;17;770
77035;Blennes;550;11;561
77037;Bois-le-Roi;5452;190;5642
77036;Boisdon;84;3;87
77038;Boissettes;415;11;426
77039;Boissise-la-Bertrand;966;25;991
77040;Boissise-le-Roi;3619;55;3674
77041;Boissy-aux-Cailles;320;8;328
77042;Boissy-le-Châtel;3028;49;3077
77043;Boitron;381;4;385
77044;Bombon;913;15;928
77045;Bougligny;703;10;713
77046;Boulancourt;353;8;361
77047;Bouleurs;1445;15;1460
77048;Bourron-Marlotte;2862;100;2962
77049;Boutigny;842;21;863
77050;Bransles;528;7;535
77051;Bray-sur-Seine;2182;36;2218
77052;Bréau;352;2;354
77053;Brie-Comte-Robert;15630;276;15906
77054;La Brosse-Montceaux;706;8;714
77055;Brou-sur-Chantereine;4253;51;4304
77056;Burcy;157;5;162
77057;Bussières;486;5;491
77058;Bussy-Saint-Georges;20013;276;20289
77059;Bussy-Saint-Martin;708;20;728
77060;Buthiers;750;22;772
77061;Cannes-Écluse;2603;41;2644
77062;Carnetin;437;10;447
77063;La Celle-sur-Morin;1184;14;1198
77065;Cély;1121;20;1141
77066;Cerneux;284;11;295
77067;Cesson;7728;176;7904
77068;Cessoy-en-Montois;215;2;217
77069;Chailly-en-Bière;2144;30;2174
77070;Chailly-en-Brie;1344;215;1559
77071;Chaintreaux;856;10;866
77072;Chalautre-la-Grande;683;7;690
77073;Chalautre-la-Petite;548;23;571
77075;Chalifert;1174;18;1192
77076;Chalmaison;687;51;738
77077;Chambry;875;1;876
77078;Chamigny;1267;65;1332
77079;Champagne-sur-Seine;6499;134;6633
77080;Champcenest;118;1;119
77081;Champdeuil;653;9;662
77082;Champeaux;763;10;773
77083;Champs-sur-Marne;24333;208;24541
77084;Changis-sur-Marne;1044;13;1057
77085;Chanteloup-en-Brie;1862;12;1874
77086;La Chapelle-Gauthier;1395;11;1406
77087;La Chapelle-Iger;168;3;171
77088;La Chapelle-la-Reine;2659;35;2694
77093;La Chapelle-Moutils;345;6;351
77089;La Chapelle-Rablais;904;14;918
77090;La Chapelle-Saint-Sulpice;190;0;190
77091;Les Chapelles-Bourbon;373;4;377
77094;Charmentray;258;3;261
77095;Charny;1192;13;1205
77096;Chartrettes;2527;66;2593
77097;Chartronges;267;7;274
77099;Château-Landon;3072;76;3148
77098;Châteaubleau;311;7;318
77100;Le Châtelet-en-Brie;4405;64;4469
77101;Châtenay-sur-Seine;897;22;919
77102;Châtenoy;139;1;140
77103;Châtillon-la-Borde;220;6;226
77104;Châtres;575;6;581
77335;Chauconin-Neufmontiers;2560;29;2589
77106;Chauffry;909;11;920
77107;Chaumes-en-Brie;2982;65;3047
77108;Chelles;51035;493;51528
77109;Chenoise;1249;20;1269
77110;Chenou;282;8;290
77111;Chessy;3438;29;3467
77112;Chevrainvilliers;222;2;224
77113;Chevru;1073;12;1085
77114;Chevry-Cossigny;3649;35;3684
77115;Chevry-en-Sereine;451;6;457
77116;Choisy-en-Brie;1302;17;1319
77117;Citry;749;8;757
77118;Claye-Souilly;11251;180;11431
77119;Clos-Fontaine;250;9;259
77120;Cocherel;570;2;572
77121;Collégien;3149;32;3181
77122;Combs-la-Ville;21450;234;21684
77123;Compans;708;14;722
77124;Conches-sur-Gondoire;1722;24;1746
77125;Condé-Sainte-Libiaire;1410;19;1429
77126;Congis-sur-Thérouanne;1764;186;1950
77127;Coubert;1752;35;1787
77128;Couilly-Pont-aux-Dames;2042;32;2074
77129;Coulombs-en-Valois;583;20;603
77130;Coulommes;410;1;411
77131;Coulommiers;13649;375;14024
77132;Coupvray;2790;39;2829
77133;Courcelles-en-Bassée;218;2;220
77134;Courchamp;153;2;155
77135;Courpalay;1374;14;1388
77136;Courquetaine;189;4;193
77137;Courtacon;190;2;192
77138;Courtomer;545;9;554
77139;Courtry;5989;59;6048
77140;Coutençon;252;6;258
77141;Coutevroult;792;7;799
77142;Crécy-la-Chapelle;4056;66;4122
77143;Crégy-lès-Meaux;4222;72;4294
77144;Crèvecoeur-en-Brie;308;3;311
77145;Crisenoy;639;10;649
77146;Croissy-Beaubourg;2077;26;2103
77147;La Croix-en-Brie;661;12;673
77148;Crouy-sur-Ourcq;1692;28;1720
77149;Cucharmoy;237;4;241
77150;Cuisy;445;3;448
77151;Dagny;340;3;343
77152;Dammarie-les-Lys;20526;209;20735
77153;Dammartin-en-Goële;7967;98;8065
77154;Dammartin-sur-Tigeaux;825;38;863
77155;Dampmart;3092;24;3116
77156;Darvault;784;15;799
77157;Dhuisy;259;1;260
77158;Diant;208;2;210
77159;Donnemarie-Dontilly;2760;30;2790
77161;Dormelles;852;9;861
77162;Doue;1002;17;1019
77163;Douy-la-Ramée;282;3;285
77164;Échouboulains;528;6;534
77165;Les Écrennes;618;1;619
77166;Écuelles;2543;92;2635
77167;Égligny;330;0;330
77168;Égreville;2109;40;2149
77169;Émerainville;7152;76;7228
77170;Épisy;503;8;511
77171;Esbly;5552;60;5612
77172;Esmans;862;12;874
77173;Étrépilly;817;9;826
77174;Everly;605;6;611
77175;Évry-Grégy-sur-Yerre;2262;26;2288
77176;Faremoutiers;2402;49;2451
77177;Favières;1083;5;1088
77178;Faÿ-lès-Nemours;451;11;462
77179;Féricy;632;9;641
77180;Férolles-Attilly;1103;26;1129
77181;Ferrières-en-Brie;2138;26;2164
77182;La Ferté-Gaucher;4092;45;4137
77183;La Ferté-sous-Jouarre;8982;122;9104
77184;Flagy;626;10;636
77185;Fleury-en-Bière;623;11;634
77187;Fontaine-Fourches;563;6;569
77188;Fontaine-le-Port;924;41;965
77186;Fontainebleau;15740;562;16302
77190;Fontains;262;3;265
77191;Fontenailles;995;9;1004
77192;Fontenay-Trésigny;5015;49;5064
77193;Forfry;245;1;246
77194;Forges;405;150;555
77195;Fouju;484;8;492
77196;Fresnes-sur-Marne;652;4;656
77197;Frétoy;152;1;153
77198;Fromont;229;9;238
77199;Fublaines;1170;11;1181
77200;Garentreville;99;0;99
77201;Gastins;639;6;645
77202;La Genevraye;637;13;650
77203;Germigny-l'Évêque;1276;18;1294
77204;Germigny-sous-Coulombs;194;3;197
77205;Gesvres-le-Chapitre;161;0;161
77206;Giremoutiers;132;1;133
77207;Gironville;193;5;198
77208;Gouaix;1419;23;1442
77209;Gouvernes;1083;12;1095
77210;La Grande-Paroisse;2532;50;2582
77211;Grandpuits-Bailly-Carrois;975;14;989
77212;Gravon;136;1;137
77214;Gressy;908;3;911
77215;Gretz-Armainvilliers;7796;89;7885
77216;Grez-sur-Loing;1354;28;1382
77217;Grisy-Suisnes;2287;40;2327
77218;Grisy-sur-Seine;103;10;113
77219;Guérard;2166;37;2203
77220;Guercheville;285;7;292
77221;Guermantes;1289;30;1319
77222;Guignes;3043;26;3069
77223;Gurcy-le-Châtel;514;7;521
77225;La Haute-Maison;256;6;262
77224;Hautefeuille;320;4;324
77226;Héricy;2585;102;2687
77227;Hermé;569;3;572
77228;Hondevilliers;242;5;247
77229;La Houssaye-en-Brie;1606;14;1620
77230;Ichy;154;6;160
77231;Isles-les-Meldeuses;739;5;744
77232;Isles-lès-Villenoy;865;6;871
77233;Iverny;598;10;608
77234;Jablines;628;7;635
77235;Jaignes;329;1;330
77236;Jaulnes;333;6;339
77237;Jossigny;652;4;656
77238;Jouarre;4085;53;4138
77239;Jouy-le-Châtel;1418;14;1432
77240;Jouy-sur-Morin;1999;24;2023
77241;Juilly;1794;433;2227
77242;Jutigny;566;3;569
77243;Lagny-sur-Marne;20401;250;20651
77244;Larchant;728;10;738
77245;Laval-en-Brie;456;11;467
77246;Léchelle;533;12;545
77247;Lescherolles;469;15;484
77248;Lesches;664;7;671
77249;Lésigny;7553;116;7669
77250;Leudon-en-Brie;122;2;124
77251;Lieusaint;9783;130;9913
77252;Limoges-Fourches;439;4;443
77253;Lissy;190;2;192
77254;Liverdy-en-Brie;1197;16;1213
77255;Livry-sur-Seine;1898;43;1941
77256;Lizines;165;4;169
77257;Lizy-sur-Ourcq;3449;142;3591
77258;Lognes;14738;147;14885
77259;Longperrier;2309;16;2325
77260;Longueville;1625;15;1640
77261;Lorrez-le-Bocage-Préaux;1249;16;1265
77262;Louan-Villegruis-Fontaine;508;11;519
77263;Luisetaines;220;2;222
77264;Lumigny-Nesles-Ormeaux;1510;17;1527
77265;Luzancy;981;48;1029
77266;Machault;694;8;702
77267;La Madeleine-sur-Loing;365;5;370
77268;Magny-le-Hongre;5158;47;5205
77269;Maincy;1728;57;1785
77272;Maison-Rouge;795;11;806
77270;Maisoncelles-en-Brie;816;11;827
77271;Maisoncelles-en-Gâtinais;133;1;134
77273;Marchémoret;554;5;559
77274;Marcilly;397;1;398
77275;Les Marêts;152;6;158
77276;Mareuil-lès-Meaux;1947;49;1996
77277;Marles-en-Brie;1417;34;1451
77278;Marolles-en-Brie;430;5;435
77279;Marolles-sur-Seine;1563;20;1583
77280;Mary-sur-Marne;1171;16;1187
77281;Mauperthuis;474;6;480
77282;Mauregard;249;4;253
77283;May-en-Multien;842;8;850
77284;Meaux;48466;1778;50244
77285;Le Mée-sur-Seine;20844;239;21083
77286;Meigneux;212;3;215
77287;Meilleray;479;14;493
77288;Melun;37835;1016;38851
77289;Melz-sur-Seine;375;3;378
77290;Méry-sur-Marne;594;57;651
77291;Le Mesnil-Amelot;872;3;875
77292;Messy;1081;9;1090
77293;Misy-sur-Yonne;934;4;938
77294;Mitry-Mory;18348;138;18486
77295;Moisenay;1124;26;1150
77296;Moissy-Cramayel;16932;147;17079
77297;Mondreville;354;7;361
77298;Mons-en-Montois;442;13;455
77299;Montarlot;205;15;220
77300;Montceaux-lès-Meaux;618;5;623
77301;Montceaux-lès-Provins;335;4;339
77302;Montcourt-Fromonville;2123;64;2187
77303;Montdauphin;214;5;219
77304;Montenils;38;1;39
77305;Montereau-Fault-Yonne;16802;244;17046
77306;Montereau-sur-le-Jard;583;5;588
77307;Montévrain;5509;81;5590
77308;Montgé-en-Goële;695;5;700
77309;Monthyon;1629;26;1655
77310;Montigny-le-Guesdier;282;8;290
77311;Montigny-Lencoup;1255;23;1278
77312;Montigny-sur-Loing;2749;83;2832
77313;Montmachoux;231;1;232
77314;Montolivet;253;8;261
77315;Montry;3237;13;3250
77316;Moret-sur-Loing;4472;108;4580
77317;Mormant;4292;55;4347
77318;Mortcerf;1440;17;1457
77319;Mortery;171;0;171
77320;Mouroux;4671;50;4721
77321;Mousseaux-lès-Bray;660;8;668
77322;Moussy-le-Neuf;2572;27;2599
77323;Moussy-le-Vieux;1085;7;1092
77325;Mouy-sur-Seine;373;5;378
77326;Nandy;5903;77;5980
77327;Nangis;7560;123;7683
77328;Nanteau-sur-Essonne;426;5;431
77329;Nanteau-sur-Lunain;677;8;685
77330;Nanteuil-lès-Meaux;5316;69;5385
77331;Nanteuil-sur-Marne;456;4;460
77332;Nantouillet;271;2;273
77333;Nemours;12813;152;12965
77336;Neufmoutiers-en-Brie;992;82;1074
77337;Noisiel;15429;137;15566
77338;Noisy-Rudignon;571;7;578
77339;Noisy-sur-École;1895;57;1952
77340;Nonville;617;6;623
77341;Noyen-sur-Seine;364;18;382
77342;Obsonville;101;2;103
77343;Ocquerre;378;29;407
77344;Oissery;2144;41;2185
77345;Orly-sur-Morin;639;4;643
77347;Les Ormes-sur-Voulzie;850;15;865
77348;Ormesson;252;3;255
77349;Othis;6501;41;6542
77350;Ozoir-la-Ferrière;20202;309;20511
77352;Ozouer-le-Voulgis;1685;16;1701
77353;Paley;430;9;439
77354;Pamfou;926;10;936
77355;Paroy;172;8;180
77356;Passy-sur-Seine;40;0;40
77357;Pécy;821;15;836
77358;Penchard;1025;26;1051
77359;Perthes;2088;34;2122
77360;Pézarches;355;3;358
77361;Pierre-Levée;437;5;442
77363;Le Pin;1209;14;1223
77364;Le Plessis-aux-Bois;248;2;250
77365;Le Plessis-Feu-Aussoux;522;11;533
77366;Le Plessis-l'Évêque;238;1;239
77367;Le Plessis-Placy;264;6;270
77368;Poigny;438;6;444
77369;Poincy;706;28;734
77370;Poligny;813;25;838
77371;Pommeuse;2674;47;2721
77372;Pomponne;3336;45;3381
77373;Pontault-Combault;34733;280;35013
77374;Pontcarré;2009;6;2015
77376;Précy-sur-Marne;688;13;701
77377;Presles-en-Brie;2067;49;2116
77378;Pringy;2554;62;2616
77379;Provins;12267;320;12587
77380;Puisieux;285;4;289
77381;Quiers;654;7;661
77382;Quincy-Voisins;4944;82;5026
77383;Rampillon;774;10;784
77384;Réau;1009;9;1018
77385;Rebais;2104;15;2119
77386;Recloses;687;16;703
77387;Remauville;436;8;444
77388;Reuil-en-Brie;865;11;876
77389;La Rochette;2966;76;3042
77390;Roissy-en-Brie;21971;136;22107
77391;Rouilly;472;2;474
77392;Rouvres;625;5;630
77393;Rozay-en-Brie;2712;49;2761
77394;Rubelles;1830;53;1883
77395;Rumont;127;1;128
77396;Rupéreux;94;0;94
77397;Saâcy-sur-Marne;1756;53;1809
77398;Sablonnières;677;14;691
77399;Saint-Ange-le-Viel;227;4;231
77400;Saint-Augustin;1639;25;1664
77402;Saint-Barthélemy;341;4;345
77403;Saint-Brice;751;15;766
77405;Saint-Cyr-sur-Morin;1802;24;1826
77406;Saint-Denis-lès-Rebais;914;21;935
77407;Saint-Fargeau-Ponthierry;12180;154;12334
77408;Saint-Fiacre;369;8;377
77409;Saint-Germain-Laval;2762;52;2814
77410;Saint-Germain-Laxis;537;6;543
77411;Saint-Germain-sous-Doue;472;9;481
77412;Saint-Germain-sur-École;355;3;358
77413;Saint-Germain-sur-Morin;3362;49;3411
77414;Saint-Hilliers;431;4;435
77415;Saint-Jean-les-Deux-Jumeaux;1213;14;1227
77416;Saint-Just-en-Brie;255;3;258
77417;Saint-Léger;201;4;205
77418;Saint-Loup-de-Naud;886;9;895
77419;Saint-Mammès;3192;106;3298
77420;Saint-Mard;3663;28;3691
77421;Saint-Mars-Vieux-Maisons;290;1;291
77423;Saint-Martin-des-Champs;689;13;702
77424;Saint-Martin-du-Boschet;273;3;276
77425;Saint-Martin-en-Bière;831;19;850
77426;Saint-Méry;389;10;399
77427;Saint-Mesmes;527;3;530
77428;Saint-Ouen-en-Brie;840;10;850
77429;Saint-Ouen-sur-Morin;573;4;577
77430;Saint-Pathus;5258;47;5305
77431;Saint-Pierre-lès-Nemours;5742;149;5891
77432;Saint-Rémy-la-Vanne;922;14;936
77434;Saint-Sauveur-lès-Bray;316;0;316
77435;Saint-Sauveur-sur-École;1079;27;1106
77436;Saint-Siméon;836;11;847
77437;Saint-Soupplets;3300;26;3326
77438;Saint-Thibault-des-Vignes;6510;87;6597
77401;Sainte-Aulde;615;4;619
77404;Sainte-Colombe;1723;32;1755
77433;Saints;1276;25;1301
77439;Salins;991;9;1000
77440;Sammeron;1015;12;1027
77441;Samois-sur-Seine;2062;75;2137
77442;Samoreau;2341;50;2391
77443;Sancy;353;6;359
77444;Sancy-lès-Provins;311;6;317
77445;Savigny-le-Temple;26905;278;27183
77446;Savins;608;17;625
77447;Seine-Port;1927;41;1968
77448;Sept-Sorts;436;7;443
77449;Serris;6592;37;6629
77450;Servon;2881;49;2930
77451;Signy-Signets;599;11;610
77452;Sigy;62;1;63
77453;Sivry-Courtry;986;26;1012
77454;Sognolles-en-Montois;415;6;421
77455;Soignolles-en-Brie;2008;15;2023
77456;Soisy-Bouy;788;15;803
77457;Solers;1284;11;1295
77458;Souppes-sur-Loing;5605;108;5713
77459;Sourdun;1510;18;1528
77460;Tancrou;326;8;334
77461;Thénisy;277;6;283
77462;Thieux;807;7;814
77463;Thomery;3345;87;3432
77464;Thorigny-sur-Marne;9386;102;9488
77465;Thoury-Férottes;596;7;603
77466;Tigeaux;374;2;376
77467;La Tombe;226;1;227
77468;Torcy;22117;148;22265
77469;Touquin;1101;21;1122
77470;Tournan-en-Brie;8250;109;8359
77471;Tousson;390;4;394
77472;La Trétoire;369;4;373
77473;Treuzy-Levelay;446;8;454
77474;Trilbardou;602;7;609
77475;Trilport;4817;75;4892
77476;Trocy-en-Multien;261;4;265
77477;Ury;828;23;851
77478;Ussy-sur-Marne;940;15;955
77479;Vaires-sur-Marne;11765;122;11887
77480;Valence-en-Brie;870;7;877
77481;Vanvillé;176;6;182
77482;Varennes-sur-Seine;3170;39;3209
77483;Varreddes;1872;27;1899
77484;Vaucourtois;210;2;212
77485;Le Vaudoué;744;21;765
77486;Vaudoy-en-Brie;805;8;813
77487;Vaux-le-Pénil;11377;212;11589
77489;Vaux-sur-Lunain;197;3;200
77490;Vendrest;711;4;715
77491;Veneux-les-Sablons;4743;126;4869
77492;Verdelot;742;15;757
77493;Verneuil-l'Étang;3058;28;3086
77494;Vernou-la-Celle-sur-Seine;2673;53;2726
77495;Vert-Saint-Denis;7081;94;7175
77496;Vieux-Champagne;173;7;180
77498;Vignely;235;6;241
77516;Ville-Saint-Jacques;715;15;730
77500;Villebéon;463;6;469
77501;Villecerf;809;10;819
77504;Villemaréchal;841;17;858
77505;Villemareuil;377;4;381
77506;Villemer;652;8;660
77507;Villenauxe-la-Petite;456;6;462
77508;Villeneuve-le-Comte;1760;29;1789
77509;Villeneuve-les-Bordes;570;9;579
77510;Villeneuve-Saint-Denis;696;5;701
77511;Villeneuve-sous-Dammartin;609;7;616
77512;Villeneuve-sur-Bellot;1144;18;1162
77513;Villenoy;4039;40;4079
77514;Villeparisis;23368;185;23553
77515;Villeroy;666;8;674
77517;Villevaudé;1680;38;1718
77518;Villiers-en-Bière;215;5;220
77519;Villiers-Saint-Georges;1138;17;1155
77520;Villiers-sous-Grez;763;21;784
77521;Villiers-sur-Morin;1684;23;1707
77522;Villiers-sur-Seine;333;11;344
77523;Villuis;252;3;255
77524;Vimpelles;477;8;485
77525;Vinantes;333;4;337
77526;Vincy-Manoeuvre;198;7;205
77527;Voinsles;551;11;562
77528;Voisenon;1108;47;1155
77529;Voulangis;1453;14;1467
77530;Voulton;310;15;325
77531;Voulx;1750;82;1832
77532;Vulaines-lès-Provins;61;2;63
77533;Vulaines-sur-Seine;2466;51;2517
77534;Yèbles;593;11;604
78003;Ablis;3201;44;3245
78005;Achères;19789;148;19937
78006;Adainville;773;17;790
78007;Aigremont;1075;34;1109
78009;Allainville;308;6;314
78010;Les Alluets-le-Roi;1200;28;1228
78013;Andelu;474;1;475
78015;Andrésy;12501;141;12642
78020;Arnouville-lès-Mantes;816;19;835
78029;Aubergenville;12189;73;12262
78030;Auffargis;1951;61;2012
78031;Auffreville-Brasseuil;604;18;622
78033;Aulnay-sur-Mauldre;1151;21;1172
78034;Auteuil;913;20;933
78036;Autouillet;461;9;470
78043;Bailly;3999;168;4167
78048;Bazainville;1354;29;1383
78049;Bazemont;1527;31;1558
78050;Bazoches-sur-Guyonne;590;6;596
78053;Béhoust;449;6;455
78057;Bennecourt;1780;33;1813
78062;Beynes;7501;110;7611
78068;Blaru;932;38;970
78070;Boinville-en-Mantois;295;3;298
78071;Boinville-le-Gaillard;583;4;587
78072;Boinvilliers;265;2;267
78073;Bois-d'Arcy;13505;167;13672
78076;Boissets;265;9;274
78077;La Boissière-École;771;115;886
78082;Boissy-Mauvoisin;629;8;637
78084;Boissy-sans-Avoir;601;6;607
78087;Bonnelles;2035;61;2096
78089;Bonnières-sur-Seine;4028;44;4072
78090;Bouafle;2159;23;2182
78092;Bougival;8416;112;8528
78096;Bourdonné;469;13;482
78104;Breuil-Bois-Robert;701;13;714
78107;Bréval;1897;35;1932
78108;Les Bréviaires;1021;26;1047
78113;Brueil-en-Vexin;655;20;675
78117;Buc;5455;174;5629
78118;Buchelay;2243;33;2276
78120;Bullion;1951;38;1989
78123;Carrières-sous-Poissy;13976;158;14134
78124;Carrières-sur-Seine;15651;163;15814
78125;La Celle-les-Bordes;924;22;946
78126;La Celle-Saint-Cloud;20999;428;21427
78128;Cernay-la-Ville;1641;44;1685
78133;Chambourcy;5844;150;5994
78138;Chanteloup-les-Vignes;9081;55;9136
78140;Chapet;1184;10;1194
78143;Châteaufort;1405;52;1457
78146;Chatou;30063;472;30535
78147;Chaufour-lès-Bonnières;405;11;416
78152;Chavenay;1840;60;1900
78158;Le Chesnay;29405;663;30068
78160;Chevreuse;5686;115;5801
78162;Choisel;522;14;536
78163;Civry-la-Forêt;331;6;337
78164;Clairefontaine-en-Yvelines;787;114;901
78165;Les Clayes-sous-Bois;17275;174;17449
78168;Coignières;4411;44;4455
78171;Condé-sur-Vesgre;1041;21;1062
78172;Conflans-Sainte-Honorine;33888;643;34531
78185;Courgent;392;11;403
78188;Cravent;390;3;393
78189;Crespières;1657;39;1696
78190;Croissy-sur-Seine;10100;259;10359
78192;Dammartin-en-Serve;988;11;999
78193;Dampierre-en-Yvelines;1149;24;1173
78194;Dannemarie;249;4;253
78196;Davron;373;11;384
78202;Drocourt;475;8;483
78206;Ecquevilly;4253;44;4297
78208;Élancourt;27613;476;28089
78209;Émancé;795;28;823
78217;Épône;6345;116;6461
78220;Les Essarts-le-Roi;6200;136;6336
78224;L' Étang-la-Ville;4777;135;4912
78227;Évecquemont;775;14;789
78230;La Falaise;617;23;640
78231;Favrieux;134;2;136
78233;Feucherolles;3015;112;3127
78234;Flacourt;147;1;148
78236;Flexanville;563;17;580
78237;Flins-Neuve-Église;165;2;167
78238;Flins-sur-Seine;2396;32;2428
78239;Follainville-Dennemont;1871;29;1900
78242;Fontenay-le-Fleury;12974;131;13105
78245;Fontenay-Mauvoisin;420;10;430
78246;Fontenay-Saint-Père;990;25;1015
78251;Fourqueux;4173;198;4371
78255;Freneuse;3823;58;3881
78261;Gaillon-sur-Montcient;673;14;687
78262;Galluis;1125;19;1144
78263;Gambais;2383;37;2420
78264;Gambaiseuil;63;0;63
78265;Garancières;2324;60;2384
78267;Gargenville;6732;92;6824
78269;Gazeran;1161;28;1189
78276;Gommecourt;643;6;649
78278;Goupillières;432;6;438
78281;Goussonville;595;11;606
78283;Grandchamp;299;4;303
78285;Gressey;535;13;548
78289;Grosrouvre;834;29;863
78290;Guernes;940;11;951
78291;Guerville;1997;19;2016
78296;Guitrancourt;625;5;630
78297;Guyancourt;28563;489;29052
78299;Hardricourt;1978;35;2013
78300;Hargeville;371;4;375
78302;La Hauteville;177;3;180
78305;Herbeville;276;12;288
78307;Hermeray;926;17;943
78310;Houdan;3181;47;3228
78311;Houilles;30973;297;31270
78314;Issou;4470;49;4519
78317;Jambville;770;12;782
78320;Jeufosse;438;4;442
78321;Jouars-Pontchartrain;5145;84;5229
78322;Jouy-en-Josas;8081;149;8230
78324;Jouy-Mauvoisin;522;4;526
78325;Jumeauville;584;0;584
78327;Juziers;3668;59;3727
78329;Lainville-en-Vexin;787;11;798
78334;Lévis-Saint-Nom;1732;59;1791
78335;Limay;15873;226;16099
78337;Limetz-Villez;1919;16;1935
78343;Les Loges-en-Josas;1464;40;1504
78344;Lommoye;606;10;616
78346;Longnes;1473;35;1508
78349;Longvilliers;493;12;505
78350;Louveciennes;7247;169;7416
78354;Magnanville;5505;151;5656
78356;Magny-les-Hameaux;8779;142;8921
78358;Maisons-Laffitte;22649;478;23127
78361;Mantes-la-Jolie;42916;393;43309
78362;Mantes-la-Ville;18739;192;18931
78364;Marcq;693;13;706
78366;Mareil-le-Guyon;417;7;424
78367;Mareil-Marly;3468;101;3569
78368;Mareil-sur-Mauldre;1740;48;1788
78372;Marly-le-Roi;16606;236;16842
78380;Maule;5865;161;6026
78381;Maulette;735;13;748
78382;Maurecourt;4134;44;4178
78383;Maurepas;18789;295;19084
78384;Médan;1487;29;1516
78385;Ménerville;197;4;201
78389;Méré;1703;87;1790
78391;Méricourt;396;12;408
78396;Le Mesnil-le-Roi;6401;105;6506
78397;Le Mesnil-Saint-Denis;6622;141;6763
78398;Les Mesnuls;878;18;896
78401;Meulan;8773;81;8854
78402;Mézières-sur-Seine;3485;66;3551
78403;Mézy-sur-Seine;1908;23;1931
78404;Millemont;246;3;249
78406;Milon-la-Chapelle;319;12;331
78407;Mittainville;627;15;642
78410;Moisson;900;19;919
78413;Mondreville;357;4;361
78415;Montainville;559;15;574
78416;Montalet-le-Bois;326;3;329
78417;Montchauvet;290;7;297
78418;Montesson;14885;238;15123
78420;Montfort-l'Amaury;3088;74;3162
78423;Montigny-le-Bretonneux;34038;644;34682
78431;Morainvilliers;2387;56;2443
78437;Mousseaux-sur-Seine;610;8;618
78439;Mulcent;96;0;96
78440;Les Mureaux;32911;314;33225
78442;Neauphle-le-Château;2973;55;3028
78443;Neauphle-le-Vieux;692;9;701
78444;Neauphlette;916;9;925
78451;Nézel;944;10;954
78455;Noisy-le-Roi;8045;255;8300
78460;Oinville-sur-Montcient;1131;20;1151
78464;Orcemont;855;20;875
78465;Orgerus;2336;45;2381
78466;Orgeval;5795;110;5905
78470;Orphin;925;24;949
78472;Orsonville;326;1;327
78474;Orvilliers;578;6;584
78475;Osmoy;399;8;407
78478;Paray-Douaville;229;2;231
78481;Le Pecq;15935;278;16213
78484;Perdreauville;593;4;597
78486;Le Perray-en-Yvelines;6427;119;6546
78490;Plaisir;30937;372;31309
78497;Poigny-la-Forêt;1014;45;1059
78498;Poissy;37109;361;37470
78499;Ponthévrard;562;6;568
78501;Porcheville;2546;18;2564
78502;Le Port-Marly;4623;71;4694
78503;Port-Villez;227;3;230
78506;Prunay-en-Yvelines;815;9;824
78505;Prunay-le-Temple;368;5;373
78513;La Queue-les-Yvelines;2049;36;2085
78516;Raizeux;820;17;837
78517;Rambouillet;26157;796;26953
78518;Rennemoulin;141;5;146
78520;Richebourg;1444;68;1512
78522;Rochefort-en-Yvelines;933;23;956
78524;Rocquencourt;3267;73;3340
78528;Rolleboise;408;5;413
78530;Rosay;365;8;373
78531;Rosny-sur-Seine;5181;69;5250
78536;Sailly;372;3;375
78537;Saint-Arnoult-en-Yvelines;5842;106;5948
78545;Saint-Cyr-l'École;16710;572;17282
78548;Saint-Forget;486;13;499
78550;Saint-Germain-de-la-Grange;1816;46;1862
78551;Saint-Germain-en-Laye;41517;1690;43207
78557;Saint-Hilarion;895;15;910
78558;Saint-Illiers-la-Ville;277;7;284
78559;Saint-Illiers-le-Bois;443;5;448
78561;Saint-Lambert;388;24;412
78562;Saint-Léger-en-Yvelines;1443;30;1473
78564;Saint-Martin-de-Bréthencourt;598;17;615
78565;Saint-Martin-des-Champs;325;6;331
78567;Saint-Martin-la-Garenne;846;14;860
78571;Saint-Nom-la-Bretèche;4949;221;5170
78576;Saint-Rémy-l'Honoré;1393;32;1425
78575;Saint-Rémy-lès-Chevreuse;7879;189;8068
78569;Sainte-Mesme;838;14;852
78586;Sartrouville;51601;483;52084
78588;Saulx-Marchais;810;12;822
78590;Senlisse;538;10;548
78591;Septeuil;2083;63;2146
78597;Soindres;595;3;598
78601;Sonchamp;1575;59;1634
78605;Tacoignières;1027;16;1043
78606;Le Tartre-Gaudran;32;0;32
78608;Le Tertre-Saint-Denis;106;2;108
78609;Tessancourt-sur-Aubette;943;16;959
78615;Thiverval-Grignon;1012;17;1029
78616;Thoiry;1105;20;1125
78618;Tilly;489;8;497
78620;Toussus-le-Noble;829;22;851
78621;Trappes;29327;267;29594
78623;Le Tremblay-sur-Mauldre;984;125;1109
78624;Triel-sur-Seine;11957;198;12155
78638;Vaux-sur-Seine;4800;68;4868
78640;Vélizy-Villacoublay;19994;257;20251
78642;Verneuil-sur-Seine;15524;318;15842
78643;Vernouillet;9356;166;9522
78644;La Verrière;6125;108;6233
78646;Versailles;86979;1948;88927
78647;Vert;776;15;791
78650;Le Vésinet;16399;521;16920
78653;Vicq;299;4;303
78655;Vieille-Église-en-Yvelines;782;34;816
78668;La Villeneuve-en-Chevrie;551;13;564
78672;Villennes-sur-Seine;5045;130;5175
78674;Villepreux;9878;232;10110
78677;Villette;518;10;528
78681;Villiers-le-Mahieu;703;11;714
78683;Villiers-Saint-Fréderic;2718;78;2796
78686;Viroflay;16000;251;16251
78688;Voisins-le-Bretonneux;12153;405;12558
79001;L' Absie;1021;25;1046
79002;Adilly;316;10;326
79003;Aiffres;5046;180;5226
79004;Aigonnay;603;19;622
79005;Airvault;3118;80;3198
79006;Les Alleuds;289;8;297
79007;Allonne;632;17;649
79008;Amailloux;825;6;831
79009;Amuré;437;5;442
79011;Ardilleux;152;2;154
79012;Ardin;1203;28;1231
79014;Argenton-l'Église;1588;44;1632
79013;Argenton-les-Vallées;1590;52;1642
79010;Arçais;628;22;650
79015;Asnières-en-Poitou;205;3;208
79016;Assais-les-Jumeaux;762;11;773
79018;Aubigné;216;1;217
79019;Aubigny;177;5;182
79020;Augé;893;20;913
79022;Availles-Thouarsais;210;8;218
79023;Avon;85;0;85
79024;Azay-le-Brûlé;1700;139;1839
79025;Azay-sur-Thouet;1060;12;1072
79027;La Bataille;81;7;88
79029;Beaulieu-sous-Parthenay;642;18;660
79030;Beaussais;404;5;409
79031;Beauvoir-sur-Niort;1655;31;1686
79032;Béceleuf;673;8;681
79033;Belleville;109;1;110
79034;Bessines;1582;51;1633
79035;Le Beugnon;331;10;341
79038;Boismé;1150;39;1189
79039;Boisserolles;48;0;48
79040;La Boissière-en-Gâtine;243;11;254
79042;Bougon;201;4;205
79043;Bouillé-Loretz;1050;20;1070
79044;Bouillé-Saint-Paul;411;67;478
79045;Bouin;147;5;152
79046;Le Bourdet;507;15;522
79047;Boussais;397;7;404
79049;Bressuire;18436;1070;19506
79050;Bretignolles;629;9;638
79051;Le Breuil-Bernard;454;14;468
79053;Le Breuil-sous-Argenton;401;19;420
79054;Brie;187;1;188
79055;Brieuil-sur-Chizé;122;2;124
79056;Brion-près-Thouet;762;28;790
79057;Brioux-sur-Boutonne;1499;38;1537
79058;Brûlain;642;10;652
79059;Le Busseau;671;27;698
79060;Caunay;161;3;164
79061;Celles-sur-Belle;3591;101;3692
79062;Cerizay;4591;79;4670
79063;Cersay;974;24;998
79064;Chail;483;10;493
79066;Champdeniers-Saint-Denis;1601;30;1631
79068;Chantecorps;330;6;336
79069;Chanteloup;973;20;993
79070;La Chapelle-Bâton;337;13;350
79071;La Chapelle-Bertrand;491;5;496
79072;La Chapelle-Gaudin;225;6;231
79074;La Chapelle-Pouilloux;201;8;209
79075;La Chapelle-Saint-Étienne;326;14;340
79076;La Chapelle-Saint-Laurent;1870;50;1920
79077;La Chapelle-Thireuil;427;11;438
79080;Châtillon-sur-Thouet;2848;58;2906
79081;Chauray;5085;180;5265
79083;Chef-Boutonne;2279;96;2375
79084;Chenay;487;15;502
79085;Chérigné;135;6;141
79086;Cherveux;1517;41;1558
79087;Chey;628;9;637
79088;Chiché;1515;37;1552
79089;Le Chillou;183;4;187
79090;Chizé;943;25;968
79091;Cirières;964;31;995
79092;Clavé;323;4;327
79094;Clessé;914;21;935
79095;Clussais-la-Pommeraie;620;8;628
79096;Combrand;1135;34;1169
79098;La Couarde;265;7;272
79099;La Coudre;225;3;228
79100;Coulon;2210;124;2334
79101;Coulonges-sur-l'Autize;2362;42;2404
79102;Coulonges-Thouarsais;415;4;419
79103;Courlay;2356;59;2415
79104;Cours;517;12;529
79105;Coutières;147;3;150
79106;Couture-d'Argenson;400;13;413
79048;La Crèche;5374;140;5514
79107;Crézières;58;2;60
79108;Doux;245;2;247
79109;Échiré;3230;81;3311
79111;Ensigné;272;6;278
79112;Épannes;785;12;797
79113;Étusson;294;7;301
79114;Exireuil;1487;31;1518
79115;Exoudun;581;15;596
79116;Faye-l'Abbesse;1013;20;1033
79117;Faye-sur-Ardin;554;9;563
79118;Fénery;316;5;321
79119;Fenioux;723;14;737
79120;La Ferrière-en-Parthenay;783;22;805
79121;Fomperron;378;4;382
79122;Fontenille-Saint-Martin-d'Entraigues;575;13;588
79123;La Forêt-sur-Sèvre;2329;67;2396
79124;Les Forges;123;6;129
79125;Fors;1610;32;1642
79126;Les Fosses;416;4;420
79127;La Foye-Monjault;745;13;758
79128;François;842;24;866
79129;Fressines;1247;40;1287
79130;Frontenay-Rohan-Rohan;2952;75;3027
79131;Geay;350;3;353
79132;Genneton;348;4;352
79133;Germond-Rouvre;1075;24;1099
79134;Glénay;520;20;540
79135;Gourgé;897;25;922
79136;Gournay-Loizé;621;17;638
79137;Granzay-Gript;830;29;859
79139;Les Groseillers;70;3;73
79140;Hanc;251;3;254
79141;Irais;217;3;220
79142;Juillé;98;1;99
79144;Juscorps;333;10;343
79145;Lageon;361;10;371
79147;Largeasse;729;19;748
79148;Lezay;2045;45;2090
79149;Lhoumois;140;3;143
79150;Limalonges;879;9;888
79152;Lorigné;298;9;307
79153;Loubigné;169;4;173
79154;Loubillé;368;3;371
79156;Louin;741;15;756
79157;Louzy;1194;35;1229
79158;Luché-sur-Brioux;133;5;138
79159;Luché-Thouarsais;382;1;383
79160;Lusseray;170;7;177
79161;Luzay;539;26;565
79162;Magné;2886;85;2971
79163;Mairé-Levescault;544;12;556
79164;Maisonnay;266;6;272
79165;Maisontiers;181;1;182
79166;Marigny;894;17;911
79167;Marnes;225;11;236
79168;Massais;620;9;629
79079;Mauléon;7885;280;8165
79170;Mauzé-sur-le-Mignon;2675;59;2734
79171;Mauzé-Thouarsais;2042;50;2092
79172;Mazières-en-Gâtine;971;24;995
79173;Mazières-sur-Béronne;375;7;382
79174;Melle;3655;249;3904
79175;Melleran;511;11;522
79176;Ménigoute;875;18;893
79177;Messé;180;6;186
79178;Missé;861;27;888
79179;Moncoutant;3029;125;3154
79180;Montalembert;268;7;275
79183;Montravers;376;6;382
79184;La Mothe-Saint-Héray;1815;41;1856
79185;Mougon;1841;50;1891
79187;Moutiers-sous-Argenton;547;22;569
79188;Moutiers-sous-Chantemerle;618;17;635
79189;Nanteuil;1634;27;1661
79190;Neuvy-Bouin;490;6;496
79191;Niort;58576;2280;60856
79195;Nueil-les-Aubiers;5370;92;5462
79196;Oiron;955;11;966
79197;Oroux;101;0;101
79198;Paizay-le-Chapt;263;3;266
79199;Paizay-le-Tort;466;5;471
79200;Pamplie;267;1;268
79201;Pamproux;1671;38;1709
79202;Parthenay;10415;601;11016
79203;Pas-de-Jeu;381;10;391
79204;Périgné;1007;27;1034
79205;Pers;71;1;72
79207;La Petite-Boissière;623;18;641
79208;La Peyratte;1167;82;1249
79209;Pierrefitte;325;7;332
79210;Le Pin;1034;26;1060
79211;Pioussay;316;3;319
79212;Pliboux;195;0;195
79213;Pompaire;1913;88;2001
79214;Pouffonds;354;1;355
79215;Pougne-Hérisson;359;4;363
79216;Prahecq;1994;57;2051
79217;Prailles;683;25;708
79218;Pressigny;189;0;189
79219;Priaires;115;3;118
79220;Prin-Deyrançon;562;10;572
79078;Prissé-la-Charrière;606;8;614
79222;Pugny;240;7;247
79223;Puihardy;39;1;40
79225;Reffannes;369;7;376
79226;Le Retail;264;9;273
79229;La Rochénard;443;8;451
79230;Rom;794;10;804
79231;Romans;697;11;708
79235;Saint-Amand-sur-Sèvre;1268;41;1309
79236;Saint-André-sur-Sèvre;656;19;675
79238;Saint-Aubin-du-Plain;519;20;539
79239;Saint-Aubin-le-Cloud;1769;151;1920
79241;Saint-Christophe-sur-Roc;546;15;561
79242;Saint-Clémentin;554;18;572
79243;Saint-Coutant;263;2;265
79244;Saint-Cyr-la-Lande;335;10;345
79247;Saint-Étienne-la-Cigogne;120;3;123
79249;Saint-Gelais;1649;53;1702
79251;Saint-Génard;332;7;339
79252;Saint-Généroux;324;7;331
79253;Saint-Georges-de-Noisné;688;13;701
79254;Saint-Georges-de-Rex;392;11;403
79255;Saint-Germain-de-Longue-Chaume;378;3;381
79256;Saint-Germier;185;2;187
79257;Saint-Hilaire-la-Palud;1553;36;1589
79258;Saint-Jacques-de-Thouars;456;11;467
79259;Saint-Jean-de-Thouars;1362;44;1406
79260;Saint-Jouin-de-Marnes;609;12;621
79261;Saint-Jouin-de-Milly;207;8;215
79263;Saint-Laurs;474;15;489
79264;Saint-Léger-de-la-Martinière;991;58;1049
79265;Saint-Léger-de-Montbrun;1179;30;1209
79267;Saint-Lin;375;6;381
79268;Saint-Loup-Lamairé;961;44;1005
79269;Saint-Maixent-de-Beugné;329;7;336
79270;Saint-Maixent-l'École;7590;190;7780
79271;Saint-Marc-la-Lande;360;4;364
79273;Saint-Martin-de-Bernegoue;741;24;765
79274;Saint-Martin-de-Mâcon;321;6;327
79276;Saint-Martin-de-Saint-Maixent;1031;19;1050
79277;Saint-Martin-de-Sanzay;921;17;938
79278;Saint-Martin-du-Fouilloux;217;2;219
79279;Saint-Martin-lès-Melle;840;27;867
79280;Saint-Maurice-la-Fougereuse;545;14;559
79281;Saint-Maxire;1132;44;1176
79282;Saint-Médard;98;3;101
79285;Saint-Pardoux;1465;50;1515
79286;Saint-Paul-en-Gâtine;442;7;449
79289;Saint-Pierre-des-Échaubrognes;1384;25;1409
79290;Saint-Pompain;882;21;903
79293;Saint-Rémy;1025;33;1058
79294;Saint-Romans-des-Champs;176;5;181
79295;Saint-Romans-lès-Melle;657;29;686
79298;Saint-Symphorien;1752;43;1795
79299;Saint-Varent;2464;58;2522
79301;Saint-Vincent-la-Châtre;552;17;569
79240;Sainte-Blandine;618;16;634
79246;Sainte-Eanne;649;17;666
79250;Sainte-Gemme;369;3;372
79283;Sainte-Néomaye;1207;38;1245
79284;Sainte-Ouenne;704;12;716
79292;Sainte-Radegonde;1966;66;2032
79297;Sainte-Soline;406;12;418
79300;Sainte-Verge;1455;35;1490
79302;Saivres;1292;42;1334
79303;Salles;347;6;353
79304;Sansais;703;19;722
79306;Saurais;185;2;187
79307;Sauzé-Vaussais;1636;41;1677
79308;Sciecq;527;22;549
79309;Scillé;383;7;390
79310;Secondigné-sur-Belle;522;12;534
79311;Secondigny;1715;56;1771
79312;Séligné;123;3;126
79313;Sepvret;523;15;538
79314;Sompt;278;14;292
79316;Soudan;419;9;428
79318;Soutiers;227;16;243
79319;Souvigné;865;21;886
79320;Surin;589;10;599
79321;Taizé;751;27;778
79322;Le Tallud;1911;71;1982
79325;Tessonnière;291;6;297
79326;Thénezay;1458;30;1488
79327;Thorigné;1190;40;1230
79328;Thorigny-sur-le-Mignon;77;3;80
79329;Thouars;9928;302;10230
79330;Tillou;297;5;302
79331;Tourtenay;140;1;141
79332;Trayes;134;2;136
79333;Ulcot;60;2;62
79334;Usseau;845;18;863
79335;Vallans;730;13;743
79337;Le Vanneau-Irleau;933;14;947
79338;Vanzay;204;2;206
79336;Vançais;264;4;268
79339;Vasles;1667;34;1701
79340;Vausseroux;340;6;346
79341;Vautebis;115;3;118
79342;Vernoux-en-Gâtine;616;14;630
79343;Vernoux-sur-Boutonne;152;5;157
79345;Verruyes;902;23;925
79346;Le Vert;130;3;133
79347;Viennay;1114;31;1145
79348;Villefollet;189;2;191
79349;Villemain;174;9;183
79350;Villiers-en-Bois;154;8;162
79351;Villiers-en-Plaine;1555;53;1608
79352;Villiers-sur-Chizé;155;8;163
79353;Vitré;516;53;569
79354;Vouhé;365;4;369
79355;Vouillé;3025;126;3151
79356;Voultegon;533;9;542
79357;Xaintray;230;3;233
80001;Abbeville;24142;767;24909
80002;Ablaincourt-Pressoir;256;9;265
80003;Acheux-en-Amiénois;535;9;544
80004;Acheux-en-Vimeu;502;3;505
80005;Agenville;107;1;108
80006;Agenvillers;192;3;195
80008;Aigneville;827;10;837
80009;Ailly-le-Haut-Clocher;862;19;881
80010;Ailly-sur-Noye;2699;27;2726
80011;Ailly-sur-Somme;3164;26;3190
80013;Airaines;2153;15;2168
80014;Aizecourt-le-Bas;57;2;59
80015;Aizecourt-le-Haut;89;4;93
80016;Albert;10027;325;10352
80017;Allaines;435;19;454
80018;Allenay;248;6;254
80019;Allery;760;13;773
80020;Allonville;591;11;602
80021;Amiens;134737;3075;137812
80022;Andainville;226;0;226
80023;Andechy;245;1;246
80024;Argoeuves;561;12;573
80025;Argoules;335;6;341
80026;Arguel;33;0;33
80027;Armancourt;19;0;19
80028;Arquèves;147;3;150
80029;Arrest;866;12;878
80030;Arry;188;8;196
80031;Arvillers;728;18;746
80032;Assainvillers;164;4;168
80033;Assevillers;280;7;287
80034;Athies;640;23;663
80035;Aubercourt;58;1;59
80036;Aubigny;524;2;526
80037;Aubvillers;114;1;115
80038;Auchonvillers;130;5;135
80039;Ault;1846;23;1869
80040;Aumâtre;205;1;206
80041;Aumont;140;1;141
80042;Autheux;103;1;104
80043;Authie;274;5;279
80044;Authieule;339;5;344
80045;Authuille;165;5;170
80046;Avelesges;51;0;51
80047;Aveluy;499;12;511
80048;Avesnes-Chaussoy;59;2;61
80049;Ayencourt;179;18;197
80050;Bacouel-sur-Selle;516;8;524
80051;Bailleul;259;2;261
80052;Baizieux;227;1;228
80053;Balâtre;84;3;87
80054;Barleux;290;14;304
80055;Barly;153;2;155
80056;Bavelincourt;112;0;112
80057;Bayencourt;74;3;77
80058;Bayonvillers;357;8;365
80059;Bazentin;71;1;72
80060;Béalcourt;100;1;101
80061;Beaucamps-le-Jeune;188;4;192
80062;Beaucamps-le-Vieux;1443;24;1467
80063;Beauchamps;1040;20;1060
80064;Beaucourt-en-Santerre;169;4;173
80065;Beaucourt-sur-l'Ancre;83;0;83
80066;Beaucourt-sur-l'Hallue;232;3;235
80067;Beaufort-en-Santerre;165;1;166
80068;Beaumetz;199;2;201
80069;Beaumont-Hamel;175;5;180
80070;Beauquesne;1281;70;1351
80071;Beauval;2146;14;2160
80073;Bécordel-Bécourt;169;1;170
80074;Becquigny;105;3;108
80076;Béhen;435;16;451
80077;Béhencourt;356;3;359
80078;Bellancourt;497;15;512
80079;Belleuse;322;4;326
80080;Belloy-en-Santerre;179;4;183
80081;Belloy-Saint-Léonard;90;1;91
80082;Belloy-sur-Somme;730;11;741
80083;Bergicourt;153;2;155
80084;Bermesnil;249;8;257
80085;Bernâtre;45;1;46
80086;Bernaville;1079;24;1103
80087;Bernay-en-Ponthieu;241;5;246
80088;Bernes;298;12;310
80089;Berneuil;254;4;258
80090;Berny-en-Santerre;146;1;147
80092;Bertangles;604;10;614
80093;Berteaucourt-les-Dames;1154;15;1169
80094;Berteaucourt-lès-Thennes;376;6;382
80095;Bertrancourt;224;6;230
80096;Béthencourt-sur-Mer;1048;11;1059
80097;Béthencourt-sur-Somme;133;5;138
80098;Bettembos;98;1;99
80099;Bettencourt-Rivière;223;4;227
80100;Bettencourt-Saint-Ouen;516;3;519
80101;Beuvraignes;785;8;793
80102;Biaches;407;17;424
80103;Biarre;59;2;61
80104;Biencourt;123;3;126
80105;Billancourt;165;4;169
80106;Blangy-sous-Poix;183;5;188
80107;Blangy-Tronville;529;7;536
80108;Boisbergues;84;2;86
80109;Le Boisle;373;12;385
80110;Boismont;464;5;469
80112;Bonnay;258;3;261
80113;Bonneville;353;8;361
80114;Bosquel;300;3;303
80115;Bouchavesnes-Bergen;327;21;348
80116;Bouchoir;268;4;272
80117;Bouchon;152;0;152
80118;Boufflers;101;0;101
80119;Bougainville;491;5;496
80120;Bouillancourt-en-Séry;533;8;541
80121;Bouillancourt-la-Bataille;142;2;144
80122;Bouquemaison;488;12;500
80123;Bourdon;381;7;388
80124;Bourseville;719;19;738
80125;Boussicourt;72;0;72
80126;Bouttencourt;1052;18;1070
80127;Bouvaincourt-sur-Bresle;819;8;827
80128;Bouvincourt-en-Vermandois;150;6;156
80129;Bouzincourt;511;9;520
80130;Bovelles;367;2;369
80131;Boves;2814;29;2843
80132;Braches;223;3;226
80133;Brailly-Cornehotte;237;1;238
80134;Brassy;61;2;63
80135;Bray-lès-Mareuil;240;10;250
80136;Bray-sur-Somme;1270;33;1303
80137;Breilly;472;3;475
80138;Bresle;96;1;97
80139;Breuil;50;4;54
80140;Brévillers;102;0;102
80141;Brie;325;10;335
80142;Briquemesnil-Floxicourt;159;4;163
80143;Brocourt;101;4;105
80144;Brouchy;587;24;611
80145;Brucamps;137;1;138
80146;Brutelles;189;3;192
80147;Buigny-l'Abbé;312;5;317
80148;Buigny-lès-Gamaches;400;6;406
80149;Buigny-Saint-Maclou;519;7;526
80150;Buire-Courcelles;257;9;266
80151;Buire-sur-l'Ancre;330;3;333
80152;Bus-la-Mésière;137;2;139
80153;Bus-lès-Artois;144;3;147
80154;Bussu;216;7;223
80155;Bussus-Bussuel;268;4;272
80156;Bussy-lès-Daours;331;5;336
80157;Bussy-lès-Poix;90;1;91
80158;Buverchy;39;1;40
80159;Cachy;248;2;250
80160;Cagny;1291;21;1312
80161;Cahon;209;7;216
80162;Caix;711;3;714
80163;Cambron;718;12;730
80164;Camon;4572;62;4634
80165;Camps-en-Amiénois;171;8;179
80166;Canaples;607;14;621
80167;Canchy;298;4;302
80168;Candas;1000;17;1017
80169;Cannessières;78;8;86
80170;Cantigny;116;6;122
80171;Caours;598;13;611
80172;Cappy;543;2;545
80173;Cardonnette;427;7;434
80174;Le Cardonnois;82;0;82
80175;Carnoy;108;2;110
80176;Carrépuis;283;5;288
80177;Cartigny;659;14;673
80179;Caulières;208;1;209
80180;Cavillon;109;4;113
80181;Cayeux-en-Santerre;88;3;91
80182;Cayeux-sur-Mer;2781;47;2828
80184;Cerisy;435;2;437
80183;Cerisy-Buleux;254;3;257
80185;Champien;291;6;297
80186;Chaulnes;1936;41;1977
80187;La Chaussée-Tirancourt;658;8;666
80188;Chaussoy-Epagny;625;7;632
80189;La Chavatte;54;1;55
80190;Chépy;1293;25;1318
80191;Chilly;168;2;170
80192;Chipilly;179;2;181
80193;Chirmont;121;0;121
80194;Chuignes;117;3;120
80195;Chuignolles;153;4;157
80196;Citerne;256;7;263
80197;Cizancourt;37;4;41
80198;Clairy-Saulchoix;364;6;370
80199;Cléry-sur-Somme;531;26;557
80200;Cocquerel;202;4;206
80201;Coigneux;46;2;48
80202;Coisy;284;3;287
80203;Colincamps;91;1;92
80204;Combles;707;15;722
80205;Condé-Folie;843;8;851
80206;Contalmaison;119;1;120
80207;Contay;373;2;375
80208;Conteville;193;3;196
80209;Contoire;361;4;365
80210;Contre;119;4;123
80211;Conty;1714;54;1768
80212;Corbie;6342;87;6429
80213;Cottenchy;446;161;607
80214;Coullemelle;264;3;267
80215;Coulonvillers;240;3;243
80216;Courcelette;142;3;145
80217;Courcelles-au-Bois;72;0;72
80218;Courcelles-sous-Moyencourt;135;4;139
80219;Courcelles-sous-Thoix;59;0;59
80220;Courtemanche;93;1;94
80221;Cramont;290;2;292
80222;Crécy-en-Ponthieu;1536;45;1581
80223;Crémery;146;3;149
80224;Cressy-Omencourt;101;3;104
80225;Creuse;202;5;207
80226;Croix-Moligneaux;307;9;316
80227;Croixrault;414;3;417
80228;Le Crotoy;2314;30;2344
80229;Crouy-Saint-Pierre;331;1;332
80230;Curchy;321;10;331
80231;Curlu;137;1;138
80232;Damery;210;4;214
80233;Dancourt-Popincourt;146;5;151
80234;Daours;777;5;782
80235;Dargnies;1336;23;1359
80236;Davenescourt;494;5;499
80237;Démuin;459;7;466
80238;Dernancourt;442;12;454
80239;Devise;62;5;67
80240;Doingt;1323;87;1410
80241;Domart-en-Ponthieu;1163;12;1175
80242;Domart-sur-la-Luce;423;3;426
80243;Domesmont;40;0;40
80244;Dominois;149;3;152
80245;Domléger-Longvillers;265;11;276
80246;Dommartin;386;4;390
80247;Dompierre-Becquincourt;630;22;652
80248;Dompierre-sur-Authie;416;4;420
80249;Domqueur;274;6;280
80250;Domvast;314;1;315
80251;Doudelainville;245;3;248
80252;Douilly;246;10;256
80253;Doullens;6339;574;6913
80256;Dreuil-lès-Amiens;1267;17;1284
80258;Driencourt;88;3;91
80259;Dromesnil;102;4;106
80260;Drucat;873;42;915
80261;Dury;1248;67;1315
80262;Eaucourt-sur-Somme;381;14;395
80263;L' Échelle-Saint-Aurin;55;1;56
80264;Éclusier-Vaux;90;56;146
80265;Embreville;580;5;585
80266;Englebelmer;241;5;246
80267;Ennemain;230;5;235
80268;Épagne-Épagnette;574;23;597
80269;Épaumesnil;116;0;116
80270;Épécamps;8;0;8
80271;Épehy;1161;16;1177
80272;Épénancourt;95;3;98
80273;Éplessier;372;9;381
80274;Eppeville;1928;66;1994
80275;Équancourt;316;5;321
80276;Équennes-Éramecourt;323;5;328
80278;Erches;163;2;165
80279;Ercheu;790;10;800
80280;Ercourt;135;0;135
80281;Ergnies;193;7;200
80282;Érondelle;505;10;515
80283;Esclainvillers;139;0;139
80284;Esmery-Hallon;764;14;778
80285;Essertaux;250;3;253
80287;Estréboeuf;274;5;279
80288;Estrées-Deniécourt;273;12;285
80290;Estrées-lès-Crécy;367;8;375
80557;Estrées-Mons;573;20;593
80291;Estrées-sur-Noye;281;7;288
80292;Étalon;143;5;148
80293;Ételfay;373;9;382
80294;Éterpigny;179;9;188
80295;Étinehem;313;5;318
80296;L' Étoile;1241;12;1253
80297;Étréjust;43;0;43
80298;Étricourt-Manancourt;466;4;470
80299;La Faloise;239;2;241
80300;Falvy;128;15;143
80301;Famechon;227;0;227
80302;Faverolles;158;3;161
80303;Favières;456;17;473
80304;Fay;107;0;107
80305;Ferrières;467;6;473
80306;Fescamps;143;6;149
80307;Feuillères;140;3;143
80308;Feuquières-en-Vimeu;2483;34;2517
80566;Fieffes-Montrelet;317;6;323
80310;Fienvillers;569;4;573
80311;Fignières;142;2;144
80312;Fins;270;4;274
80313;Flaucourt;328;6;334
80314;Flers;159;3;162
80315;Flers-sur-Noye;361;14;375
80316;Flesselles;2004;22;2026
80317;Fleury;220;8;228
80318;Flixecourt;3145;75;3220
80319;Fluy;307;4;311
80320;Folies;114;2;116
80321;Folleville;130;2;132
80322;Fonches-Fonchette;144;3;147
80324;Fontaine-le-Sec;126;5;131
80325;Fontaine-lès-Cappy;42;0;42
80326;Fontaine-sous-Montdidier;122;6;128
80327;Fontaine-sur-Maye;151;2;153
80328;Fontaine-sur-Somme;532;7;539
80329;Forceville;167;4;171
80330;Forceville-en-Vimeu;269;4;273
80331;Forest-l'Abbaye;315;3;318
80332;Forest-Montiers;390;1;391
80333;Fort-Mahon-Plage;1298;19;1317
80334;Fossemanant;110;0;110
80335;Foucaucourt-en-Santerre;260;5;265
80336;Foucaucourt-Hors-Nesle;73;3;76
80337;Fouencamps;224;2;226
80338;Fouilloy;1812;9;1821
80339;Fouquescourt;152;0;152
80340;Fourcigny;171;6;177
80341;Fourdrinoy;347;9;356
80342;Framerville-Rainecourt;426;7;433
80343;Framicourt;157;5;162
80344;Francières;177;0;177
80345;Franleu;511;7;518
80346;Franqueville;167;0;167
80347;Fransart;140;2;142
80348;Fransu;119;1;120
80349;Fransures;130;2;132
80350;Franvillers;493;3;496
80351;Fréchencourt;229;7;236
80352;Frémontiers;165;0;165
80353;Fresnes-Mazancourt;104;0;104
80354;Fresnes-Tilloloy;131;4;135
80355;Fresneville;102;5;107
80356;Fresnoy-Andainville;86;0;86
80357;Fresnoy-au-Val;246;2;248
80358;Fresnoy-en-Chaussée;109;1;110
80359;Fresnoy-lès-Roye;311;3;314
80360;Fressenneville;2257;36;2293
80361;Frettecuisse;72;1;73
80362;Frettemeule;266;4;270
80364;Friaucourt;707;18;725
80365;Fricamps;131;2;133
80366;Fricourt;498;16;514
80367;Frise;181;3;184
80368;Friville-Escarbotin;4518;114;4632
80369;Frohen-sur-Authie;208;1;209
80371;Froyelles;96;1;97
80372;Frucourt;134;0;134
80373;Gamaches;2847;126;2973
80374;Gapennes;247;2;249
80375;Gauville;402;8;410
80376;Gentelles;465;11;476
80377;Gézaincourt;440;4;444
80378;Ginchy;66;0;66
80379;Glisy;563;8;571
80380;Gorenflos;259;0;259
80381;Gorges;43;1;44
80383;Goyencourt;95;1;96
80385;Grand-Laviers;344;47;391
80384;Grandcourt;165;7;172
80386;Gratibus;166;5;171
80387;Grattepanche;287;3;290
80388;Grébault-Mesnil;184;5;189
80389;Grécourt;24;0;24
80390;Grivesnes;356;9;365
80391;Grivillers;59;3;62
80392;Grouches-Luchuel;567;9;576
80393;Gruny;315;21;336
80395;Guerbigny;260;4;264
80396;Gueschart;320;4;324
80397;Gueudecourt;103;2;105
80399;Guignemicourt;243;3;246
80400;Guillaucourt;382;3;385
80401;Guillemont;123;2;125
80402;Guizancourt;130;0;130
80404;Guyencourt-Saulcourt;134;2;136
80403;Guyencourt-sur-Noye;169;6;175
80405;Hailles;426;1;427
80406;Hallencourt;1387;22;1409
80407;Hallivillers;131;4;135
80408;Halloy-lès-Pernois;367;1;368
80409;Hallu;171;7;178
80410;Ham;5207;220;5427
80411;Le Hamel;521;5;526
80412;Hamelet;462;5;467
80413;Hancourt;103;5;108
80414;Hangard;116;2;118
80415;Hangest-en-Santerre;995;11;1006
80416;Hangest-sur-Somme;678;6;684
80417;Harbonnières;1461;10;1471
80418;Hardecourt-aux-Bois;81;0;81
80419;Hargicourt;363;8;371
80420;Harponville;151;0;151
80421;Hattencourt;245;8;253
80422;Hautvillers-Ouville;435;7;442
80423;Havernas;368;4;372
80424;Hébécourt;492;4;496
80425;Hédauville;106;2;108
80426;Heilly;407;5;412
80427;Hem-Hardinval;347;5;352
80428;Hem-Monacu;133;4;137
80429;Hénencourt;177;3;180
80430;Herbécourt;172;3;175
80431;Hérissart;529;5;534
80432;Herleville;121;1;122
80433;Herly;47;0;47
80434;Hervilly;189;4;193
80435;Hesbécourt;61;7;68
80436;Hescamps;470;7;477
80437;Heucourt-Croquoison;115;2;117
80438;Heudicourt;509;13;522
80439;Heuzecourt;144;3;147
80440;Hiermont;128;4;132
80442;Hombleux;993;31;1024
80443;Hornoy-le-Bourg;1663;30;1693
80444;Huchenneville;657;11;668
80445;Humbercourt;259;5;264
80446;Huppy;771;20;791
80447;Hyencourt-le-Grand;88;3;91
80449;Ignaucourt;75;1;76
80450;Inval-Boiron;78;0;78
80451;Irles;115;2;117
80452;Jumel;354;8;362
80453;Laboissière-en-Santerre;142;1;143
80455;Lachapelle;66;1;67
80456;Lafresguimont-Saint-Martin;508;14;522
80458;Lahoussoye;340;5;345
80459;Laleu;90;1;91
80460;Lamaronde;76;4;80
80461;Lamotte-Brebière;212;9;221
80462;Lamotte-Buleux;339;5;344
80463;Lamotte-Warfusée;565;0;565
80464;Lanchères;989;11;1000
80466;Lanches-Saint-Hilaire;120;2;122
80465;Languevoisin-Quiquery;210;2;212
80467;Laucourt;189;4;193
80468;Laviéville;154;2;156
80469;Lawarde-Mauger-l'Hortoy;162;1;163
80470;Léalvillers;180;6;186
80472;Lesboeufs;164;5;169
80473;Liancourt-Fosse;235;6;241
80474;Licourt;402;4;406
80475;Liéramont;202;3;205
80476;Liercourt;355;2;357
80477;Ligescourt;226;8;234
80478;Lignières;140;1;141
80479;Lignières-Châtelain;360;4;364
80480;Lignières-en-Vimeu;114;1;115
80481;Lihons;383;7;390
80482;Limeux;139;3;142
80484;Liomer;359;9;368
80485;Loeuilly;838;10;848
80486;Long;658;12;670
80487;Longavesnes;100;2;102
80488;Longpré-les-Corps-Saints;1678;34;1712
80489;Longueau;5267;58;5325
80490;Longueval;268;5;273
80491;Longuevillette;75;1;76
80493;Louvencourt;263;0;263
80494;Louvrechy;165;0;165
80495;Lucheux;591;60;651
80496;Machiel;160;7;167
80497;Machy;124;5;129
80498;Mailly-Maillet;602;11;613
80499;Mailly-Raineval;257;2;259
80500;Maisnières;512;9;521
80501;Maison-Ponthieu;277;10;287
80502;Maison-Roland;112;2;114
80503;Maizicourt;176;0;176
80504;Malpart;68;0;68
80505;Mametz;165;9;174
80507;Marcelcave;1023;14;1037
80508;Marché-Allouarde;72;1;73
80509;Marchélepot;444;4;448
80511;Marestmontiers;97;0;97
80512;Mareuil-Caubert;913;116;1029
80513;Maricourt;155;8;163
80514;Marieux;107;1;108
80515;Marlers;168;6;174
80516;Marquaix;222;7;229
80517;Marquivillers;156;3;159
80518;Martainneville;379;7;386
80519;Matigny;508;10;518
80520;Maucourt;150;2;152
80521;Maurepas;207;2;209
80522;Le Mazis;94;3;97
80523;Méaulte;1316;44;1360
80524;Méharicourt;596;11;607
80525;Meigneux;157;0;157
80526;Le Meillard;147;5;152
80527;Méneslies;305;3;308
80528;Méréaucourt;14;0;14
80529;Mérélessart;200;4;204
80531;Méricourt-en-Vimeu;113;0;113
80530;Méricourt-l'Abbé;565;4;569
80532;Méricourt-sur-Somme;169;3;172
80533;Mers-les-Bains;3454;63;3517
80535;Le Mesge;172;0;172
80536;Mesnil-Bruntel;307;14;321
80537;Mesnil-Domqueur;83;0;83
80538;Mesnil-en-Arrouaise;136;8;144
80540;Mesnil-Martinsart;224;3;227
80541;Mesnil-Saint-Georges;177;5;182
80542;Mesnil-Saint-Nicaise;538;4;542
80543;Métigny;100;3;103
80544;Mézerolles;199;1;200
80545;Mézières-en-Santerre;538;14;552
80546;Miannay;599;37;636
80547;Millencourt;226;5;231
80548;Millencourt-en-Ponthieu;347;8;355
80549;Miraumont;705;12;717
80550;Mirvaux;153;3;156
80551;Misery;130;1;131
80552;Moislains;1316;75;1391
80553;Molliens-au-Bois;334;5;339
80554;Molliens-Dreuil;888;6;894
80555;Monchy-Lagache;733;32;765
80556;Mons-Boubert;537;10;547
80558;Monsures;239;2;241
80559;Montagne-Fayel;171;5;176
80560;Montauban-de-Picardie;214;3;217
80561;Montdidier;6012;166;6178
80563;Montigny-les-Jongleurs;75;1;76
80562;Montigny-sur-l'Hallue;211;3;214
80565;Montonvillers;97;0;97
80568;Morchain;299;6;305
80569;Morcourt;274;3;277
80570;Moreuil;3988;39;4027
80571;Morisel;537;7;544
80572;Morlancourt;347;17;364
80573;Morvillers-Saint-Saturnin;357;13;370
80574;Mouflers;88;1;89
80575;Mouflières;89;0;89
80576;Moyencourt;296;0;296
80577;Moyencourt-lès-Poix;161;1;162
80578;Moyenneville;661;13;674
80579;Muille-Villette;802;26;828
80580;Nampont;264;9;273
80582;Namps-Maisnil;1032;18;1050
80583;Nampty;239;1;240
80584;Naours;1141;15;1156
80585;Nesle;2493;65;2558
80586;Nesle-l'Hôpital;184;2;186
80587;Neslette;94;2;96
80588;Neufmoulin;351;10;361
80590;Neuilly-l'Hôpital;316;4;320
80589;Neuilly-le-Dien;105;5;110
80591;Neuville-au-Bois;183;2;185
80592;Neuville-Coppegueule;593;2;595
80593;La Neuville-lès-Bray;274;1;275
80594;Neuville-lès-Loeuilly;112;4;116
80595;La Neuville-Sire-Bernard;271;2;273
80596;Neuvillette;181;1;182
80597;Nibas;832;21;853
80598;Nouvion;1232;47;1279
80599;Noyelles-en-Chaussée;259;2;261
80600;Noyelles-sur-Mer;867;12;879
80601;Nurlu;373;11;384
80602;Occoches;129;2;131
80603;Ochancourt;254;4;258
80604;Offignies;66;2;68
80605;Offoy;217;5;222
80606;Oisemont;1267;54;1321
80607;Oissy;232;4;236
80608;Omiécourt;240;2;242
80609;Oneux;356;11;367
80611;Oresmaux;822;12;834
80613;Oust-Marest;649;12;661
80614;Outrebois;263;3;266
80615;Ovillers-la-Boisselle;373;8;381
80616;Pargny;118;0;118
80617;Parvillers-le-Quesnoy;200;3;203
80618;Pendé;1118;16;1134
80619;Pernois;716;9;725
80620;Péronne;8155;539;8694
80621;Pertain;364;10;374
80622;Picquigny;1382;10;1392
80623;Piennes-Onvillers;339;8;347
80624;Pierregot;249;3;252
80625;Pierrepont-sur-Avre;544;11;555
80626;Pissy;267;9;276
80627;Plachy-Buyon;894;13;907
80628;Le Plessier-Rozainvillers;609;3;612
80629;Poeuilly;103;6;109
80630;Poix-de-Picardie;2353;35;2388
80631;Ponches-Estruval;108;1;109
80632;Pont-de-Metz;1830;31;1861
80634;Pont-Noyelles;726;4;730
80635;Pont-Remy;1497;27;1524
80633;Ponthoile;603;14;617
80637;Port-le-Grand;300;9;309
80638;Potte;98;2;100
80639;Poulainville;1320;29;1349
80640;Pozières;236;2;238
80642;Prouville;305;4;309
80643;Prouzel;492;11;503
80644;Proyart;607;16;623
80645;Puchevillers;502;9;511
80646;Punchy;69;0;69
80647;Puzeaux;241;2;243
80648;Pys;97;0;97
80649;Quend;1387;22;1409
80650;Querrieu;690;6;696
80651;Le Quesne;278;2;280
80652;Le Quesnel;677;8;685
80654;Quesnoy-le-Montant;566;10;576
80655;Quesnoy-sur-Airaines;473;7;480
80656;Quevauvillers;1030;20;1050
80657;Quiry-le-Sec;301;7;308
80658;Quivières;173;3;176
80659;Raincheval;266;4;270
80661;Rainneville;759;9;768
80662;Ramburelles;251;3;254
80663;Rambures;410;7;417
80664;Rancourt;176;2;178
80665;Regnière-Écluse;136;2;138
80666;Remaisnil;38;0;38
80667;Remaugies;115;1;116
80668;Remiencourt;180;7;187
80669;Rethonvillers;332;10;342
80670;Revelles;537;7;544
80671;Ribeaucourt;185;3;188
80672;Ribemont-sur-Ancre;666;6;672
80673;Riencourt;165;3;168
80674;Rivery;3378;42;3420
80675;Rogy;140;5;145
80676;Roiglise;172;7;179
80677;Roisel;1821;100;1921
80678;Rollot;701;11;712
80679;Ronssoy;537;9;546
80680;Rosières-en-Santerre;2877;42;2919
80681;Rouvrel;276;6;282
80682;Rouvroy-en-Santerre;209;2;211
80683;Rouy-le-Grand;107;2;109
80684;Rouy-le-Petit;127;1;128
80685;Roye;6233;114;6347
80686;Rubempré;774;11;785
80687;Rubescourt;133;3;136
80688;Rue;3102;105;3207
80690;Rumigny;580;4;584
80691;Saigneville;398;4;402
80692;Sailly-Flibeaucourt;1026;3;1029
80693;Sailly-Laurette;290;6;296
80694;Sailly-le-Sec;365;1;366
80695;Sailly-Saillisel;446;8;454
80696;Sains-en-Amiénois;1219;32;1251
80697;Saint-Acheul;27;0;27
80698;Saint-Aubin-Montenoy;205;1;206
80699;Saint-Aubin-Rivière;113;1;114
80700;Saint-Blimont;947;25;972
80701;Saint-Christ-Briost;440;8;448
80702;Saint-Fuscien;896;22;918
80703;Saint-Germain-sur-Bresle;176;10;186
80704;Saint-Gratien;351;7;358
80705;Saint-Léger-lès-Authie;90;3;93
80706;Saint-Léger-lès-Domart;1851;16;1867
80707;Saint-Léger-sur-Bresle;78;1;79
80708;Saint-Mard;191;10;201
80709;Saint-Maulvis;251;5;256
80710;Saint-Maxent;389;5;394
80711;Saint-Ouen;2060;16;2076
80713;Saint-Quentin-en-Tourmont;309;9;318
80714;Saint-Quentin-la-Motte-Croix-au-Bailly;1304;26;1330
80716;Saint-Riquier;1254;20;1274
80717;Saint-Sauflieu;877;16;893
80718;Saint-Sauveur;1398;12;1410
80722;Saint-Vaast-en-Chaussée;511;5;516
80721;Saint-Valery-sur-Somme;2805;32;2837
80719;Sainte-Segrée;56;0;56
80723;Saisseval;220;3;223
80724;Saleux;2391;25;2416
80725;Salouël;4363;103;4466
80726;Sancourt;279;12;291
80728;Saulchoy-sous-Poix;48;0;48
80729;Sauvillers-Mongival;188;1;189
80730;Saveuse;719;13;732
80732;Senarpont;707;20;727
80733;Senlis-le-Sec;285;2;287
80734;Sentelie;209;5;214
80735;Seux;164;2;166
80737;Sorel;166;2;168
80736;Sorel-en-Vimeu;202;1;203
80738;Soues;120;1;121
80740;Sourdon;281;6;287
80741;Soyécourt;190;8;198
80742;Surcamps;69;0;69
80743;Suzanne;190;9;199
80744;Tailly;63;1;64
80746;Talmas;1086;19;1105
80747;Templeux-la-Fosse;155;3;158
80748;Templeux-le-Guérard;191;4;195
80749;Terramesnil;272;5;277
80750;Tertry;184;4;188
80751;Thennes;432;5;437
80752;Thézy-Glimont;451;1;452
80753;Thiepval;106;1;107
80754;Thieulloy-l'Abbaye;302;0;302
80755;Thieulloy-la-Ville;103;1;104
80756;Thièvres;52;0;52
80757;Thoix;135;1;136
80758;Thory;162;2;164
80759;Tilloloy;385;12;397
80760;Tilloy-Floriville;365;7;372
80761;Tilloy-lès-Conty;247;5;252
80762;Tincourt-Boucly;400;8;408
80763;Le Titre;371;2;373
80764;Toeufles;284;12;296
80765;Tours-en-Vimeu;869;9;878
80766;Toutencourt;494;9;503
80767;Le Translay;201;2;203
80769;Treux;257;6;263
80770;Tully;624;11;635
80771;Ugny-l'Équipée;42;1;43
80773;Vadencourt;101;3;104
80774;Vaire-sous-Corbie;262;3;265
80775;Valines;639;10;649
80776;Varennes;190;3;193
80777;Vauchelles-lès-Authie;122;2;124
80778;Vauchelles-lès-Domart;127;2;129
80779;Vauchelles-les-Quesnoy;899;19;918
80780;Vaudricourt;437;14;451
80781;Vauvillers;285;2;287
80782;Vaux-en-Amiénois;437;9;446
80783;Vaux-Marquenneville;82;0;82
80784;Vaux-sur-Somme;325;6;331
80785;Vecquemont;547;7;554
80786;Velennes;154;1;155
80787;Vercourt;109;5;114
80788;Vergies;191;2;193
80789;Vermandovillers;111;0;111
80790;Verpillières;169;9;178
80791;Vers-sur-Selles;681;9;690
80792;La Vicogne;248;1;249
80793;Vignacourt;2232;16;2248
80795;Ville-le-Marclet;479;41;520
80807;Ville-sur-Ancre;284;3;287
80794;Villecourt;59;2;61
80796;Villeroy;215;3;218
80797;Villers-aux-Érables;129;1;130
80798;Villers-Bocage;1433;99;1532
80799;Villers-Bretonneux;4116;41;4157
80800;Villers-Campsart;157;5;162
80801;Villers-Carbonnel;299;10;309
80802;Villers-Faucon;660;16;676
80803;Villers-lès-Roye;221;1;222
80804;Villers-sous-Ailly;180;3;183
80806;Villers-sur-Authie;375;13;388
80805;Villers-Tournelle;157;4;161
80808;Vironchaux;433;10;443
80809;Vismes;355;4;359
80810;Vitz-sur-Authie;111;0;111
80811;Voyennes;592;16;608
80812;Vraignes-en-Vermandois;165;0;165
80813;Vraignes-lès-Hornoy;89;2;91
80814;Vrély;458;6;464
80815;Vron;835;17;852
80819;Wargnies;87;1;88
80820;Warloy-Baillon;740;15;755
80821;Warlus;226;2;228
80822;Warsy;118;5;123
80823;Warvillers;121;2;123
80824;Wiencourt-l'Équipée;248;0;248
80825;Wiry-au-Mont;116;0;116
80826;Woignarue;802;12;814
80827;Woincourt;1453;31;1484
80828;Woirel;36;0;36
80829;Y;80;5;85
80830;Yaucourt-Bussus;226;2;228
80836;Yonval;237;4;241
80832;Yvrench;281;7;288
80833;Yvrencheux;150;6;156
80834;Yzengremer;565;43;608
80835;Yzeux;255;5;260
81001;Aguts;218;3;221
81002;Aiguefonde;2701;76;2777
81003;Alban;953;58;1011
81004;Albi;48889;2413;51302
81005;Albine;535;7;542
81006;Algans;211;8;219
81008;Almayrac;283;11;294
81007;Alos;120;1;121
81009;Amarens;67;4;71
81010;Ambialet;440;13;453
81011;Ambres;859;26;885
81012;Andillac;115;1;116
81013;Andouque;386;8;394
81014;Anglès;554;21;575
81015;Appelle;62;4;66
81016;Arfons;186;7;193
81017;Arifat;162;0;162
81018;Arthès;2367;65;2432
81019;Assac;155;1;156
81020;Aussac;270;6;276
81021;Aussillon;6674;183;6857
81022;Bannières;152;4;156
81023;Barre;211;4;215
81024;Beauvais-sur-Tescou;287;9;296
81025;Belcastel;189;9;198
81026;Bellegarde;384;8;392
81027;Belleserre;155;8;163
81028;Berlats;105;5;110
81029;Bernac;163;4;167
81030;Bertre;84;2;86
81031;Le Bez;791;23;814
81032;Blan;922;16;938
81033;Blaye-les-Mines;3063;147;3210
81034;Boissezon;384;8;392
81035;Bournazel;166;5;171
81036;Bout-du-Pont-de-Larn;1043;35;1078
81037;Brassac;1424;32;1456
81038;Brens;2063;55;2118
81039;Briatexte;1770;36;1806
81040;Brousse;296;9;305
81041;Broze;104;2;106
81042;Burlats;1879;50;1929
81043;Busque;699;20;719
81044;Cabanès;181;3;184
81045;Les Cabannes;346;4;350
81046;Cadalen;1363;27;1390
81047;Cadix;232;9;241
81048;Cagnac-les-Mines;2151;47;2198
81049;Cahuzac;337;4;341
81051;Cahuzac-sur-Vère;1022;24;1046
81052;Cambon;1784;51;1835
81050;Cambon-lès-Lavaur;259;3;262
81053;Cambounès;344;9;353
81054;Cambounet-sur-le-Sor;791;25;816
81055;Les Cammazes;304;9;313
81056;Campagnac;101;2;103
81058;Carbes;201;4;205
81059;Carlus;649;11;660
81060;Carmaux;10268;193;10461
81061;Castanet;179;2;181
81062;Castelnau-de-Brassac;781;28;809
81063;Castelnau-de-Lévis;1518;37;1555
81064;Castelnau-de-Montmiral;946;24;970
81065;Castres;43347;1676;45023
81066;Caucalières;324;16;340
81067;Cestayrols;512;8;520
81068;Combefa;140;9;149
81069;Cordes-sur-Ciel;1014;60;1074
81070;Coufouleux;2137;59;2196
81071;Courris;83;1;84
81072;Crespin;119;0;119
81073;Crespinet;143;0;143
81074;Cunac;1341;36;1377
81075;Cuq;469;16;485
81076;Cuq-Toulza;606;8;614
81077;Curvalle;457;15;472
81078;Damiatte;880;17;897
81079;Dénat;728;21;749
81080;Donnazac;93;0;93
81081;Dourgne;1268;60;1328
81082;Le Dourn;130;4;134
81083;Durfort;289;9;298
81084;Escoussens;636;11;647
81085;Escroux;48;2;50
81086;Espérausses;149;4;153
81088;Fauch;478;6;484
81089;Faussergues;138;3;141
81087;Fayssac;342;11;353
81090;Fénols;238;9;247
81091;Ferrières;146;4;150
81092;Fiac;817;21;838
81093;Florentin;671;37;708
81094;Fraissines;94;6;100
81095;Frausseilles;93;1;94
81096;Le Fraysse;388;6;394
81097;Fréjairolles;1230;29;1259
81098;Fréjeville;618;11;629
81099;Gaillac;12939;361;13300
81100;Garrevaques;303;6;309
81101;Le Garric;1135;33;1168
81102;Garrigues;291;13;304
81103;Gijounet;135;2;137
81104;Giroussens;1296;27;1323
81105;Graulhet;12009;289;12298
81106;Grazac;458;7;465
81132;Guitalens-L'Albarède;730;15;745
81108;Itzac;128;5;133
81109;Jonquières;482;13;495
81110;Jouqueviel;96;1;97
81111;Labarthe-Bleys;83;4;87
81112;Labastide-de-Lévis;935;36;971
81113;Labastide-Dénat;348;7;355
81114;Labastide-Gabausse;422;9;431
81115;Labastide-Rouairoux;1614;21;1635
81116;Labastide-Saint-Georges;1627;45;1672
81117;Labessière-Candeil;732;23;755
81118;Laboulbène;143;3;146
81119;Laboutarie;447;5;452
81120;Labruguière;5904;180;6084
81121;Lacabarède;321;3;324
81122;Lacapelle-Pinet;67;0;67
81123;Lacapelle-Ségalar;96;2;98
81124;Lacaune;2763;105;2868
81125;Lacaze;319;6;325
81126;Lacougotte-Cadoul;152;3;155
81127;Lacroisille;143;0;143
81128;Lacrouzette;1785;40;1825
81129;Lagardiolle;227;12;239
81130;Lagarrigue;1716;48;1764
81131;Lagrave;1718;24;1742
81133;Lamillarié;401;8;409
81134;Lamontélarié;60;2;62
81135;Laparrouquial;104;3;107
81136;Larroque;170;3;173
81137;Lasfaillades;72;3;75
81138;Lasgraisses;345;4;349
81139;Lautrec;1706;43;1749
81140;Lavaur;10036;506;10542
81141;Lédas-et-Penthiès;166;3;169
81142;Lempaut;669;17;686
81143;Lescout;504;6;510
81144;Lescure-d'Albigeois;3980;110;4090
81145;Lisle-sur-Tarn;4171;61;4232
81146;Livers-Cazelles;248;8;256
81147;Lombers;981;20;1001
81148;Loubers;93;4;97
81149;Loupiac;348;10;358
81150;Lugan;414;10;424
81151;Magrin;131;6;137
81152;Mailhoc;234;4;238
81153;Le Margnès;47;0;47
81154;Marnaves;83;0;83
81155;Marsal;281;6;287
81156;Marssac-sur-Tarn;2823;59;2882
81157;Marzens;292;17;309
81158;Le Masnau-Massuguiès;315;6;321
81159;Massac-Séran;256;8;264
81160;Massaguel;444;12;456
81161;Massals;131;8;139
81162;Maurens-Scopont;178;2;180
81163;Mazamet;10055;535;10590
81164;Mézens;390;14;404
81165;Milhars;262;5;267
81166;Milhavet;84;3;87
81167;Miolles;108;2;110
81168;Mirandol-Bourgnounac;1065;20;1085
81169;Missècle;93;1;94
81170;Monestiés;1309;31;1340
81183;Mont-Roc;182;2;184
81171;Montans;1256;28;1284
81172;Montauriol;53;0;53
81173;Montcabrier;217;0;217
81174;Montdragon;593;6;599
81175;Montdurausse;301;4;305
81176;Montels;112;0;112
81177;Montfa;329;9;338
81178;Montgaillard;312;10;322
81179;Montgey;255;3;258
81180;Montirat;265;5;270
81181;Montpinier;166;5;171
81182;Montredon-Labessonnié;2058;53;2111
81184;Montrosier;31;0;31
81185;Montvalen;196;11;207
81186;Moularès;277;12;289
81187;Moulayrès;160;2;162
81188;Moulin-Mage;332;14;346
81189;Mouzens;121;3;124
81191;Mouzieys-Panens;209;7;216
81190;Mouzieys-Teulet;419;6;425
81192;Murat-sur-Vèbre;845;22;867
81193;Nages;340;9;349
81195;Navès;714;36;750
81196;Noailhac;808;26;834
81197;Noailles;176;6;182
81198;Orban;310;4;314
81199;Padiès;192;8;200
81200;Palleville;391;60;451
81201;Pampelonne;718;14;732
81202;Parisot;727;16;743
81203;Paulinet;552;18;570
81204;Payrin-Augmontel;2145;72;2217
81205;Péchaudier;192;3;195
81206;Penne;552;10;562
81207;Peyregoux;93;32;125
81208;Peyrole;463;12;475
81209;Pont-de-Larn;2863;96;2959
81210;Poudis;208;2;210
81211;Poulan-Pouzols;433;9;442
81212;Prades;132;4;136
81213;Pratviel;94;0;94
81214;Puéchoursi;90;5;95
81215;Puybegon;526;6;532
81216;Puycalvel;196;6;202
81217;Puycelci;491;11;502
81218;Puygouzon;2837;121;2958
81219;Puylaurens;2968;95;3063
81220;Rabastens;4819;124;4943
81221;Rayssac;264;2;266
81222;Réalmont;3214;59;3273
81223;Le Rialet;46;2;48
81224;Le Riols;110;7;117
81225;Rivières;925;15;940
81226;Ronel;209;3;212
81227;Roquecourbe;2236;43;2279
81228;Roquemaure;354;6;360
81229;Roquevidal;122;1;123
81230;Rosières;730;13;743
81231;Rouairoux;380;7;387
81232;Rouffiac;555;16;571
81233;Roumégoux;232;3;235
81234;Roussayrolles;69;2;71
81235;Saint-Affrique-les-Montagnes;714;25;739
81236;Saint-Agnan;218;11;229
81237;Saint-Amancet;169;6;175
81238;Saint-Amans-Soult;1679;84;1763
81239;Saint-Amans-Valtoret;913;28;941
81240;Saint-André;102;5;107
81241;Saint-Antonin-de-Lacalm;240;4;244
81242;Saint-Avit;219;7;226
81243;Saint-Beauzile;113;2;115
81244;Saint-Benoît-de-Carmaux;2131;32;2163
81245;Saint-Christophe;126;3;129
81247;Saint-Cirgue;216;7;223
81248;Saint-Gauzens;725;16;741
81250;Saint-Genest-de-Contest;247;2;249
81251;Saint-Germain-des-Prés;781;24;805
81252;Saint-Germier;137;9;146
81253;Saint-Grégoire;418;7;425
81254;Saint-Jean-de-Marcel;318;12;330
81255;Saint-Jean-de-Rives;353;12;365
81256;Saint-Jean-de-Vals;64;0;64
81257;Saint-Juéry;7041;150;7191
81258;Saint-Julien-du-Puy;387;6;393
81259;Saint-Julien-Gaulène;184;3;187
81260;Saint-Lieux-Lafenasse;428;4;432
81261;Saint-Lieux-lès-Lavaur;815;12;827
81262;Saint-Marcel-Campes;242;2;244
81263;Saint-Martin-Laguépie;436;12;448
81265;Saint-Michel-de-Vax;65;4;69
81264;Saint-Michel-Labadié;97;3;100
81266;Saint-Paul-Cap-de-Joux;1038;24;1062
81267;Saint-Pierre-de-Trivisy;614;7;621
81268;Saint-Salvi-de-Carcavès;91;1;92
81269;Saint-Salvy-de-la-Balme;575;13;588
81270;Saint-Sernin-lès-Lavaur;122;2;124
81271;Saint-Sulpice;7612;207;7819
81272;Saint-Urcisse;219;4;223
81246;Sainte-Cécile-du-Cayrou;123;2;125
81326;Sainte-Croix;335;11;346
81249;Sainte-Gemme;774;14;788
81273;Saïx;3332;116;3448
81274;Saliès;760;18;778
81275;Salles;196;4;200
81276;Salvagnac;1027;29;1056
81277;Saussenac;474;18;492
81278;Sauveterre;171;3;174
81279;La Sauzière-Saint-Jean;216;4;220
81280;Le Ségur;241;3;244
81281;Sémalens;1999;49;2048
81282;Senaux;41;1;42
81283;Senouillac;997;34;1031
81284;Le Sequestre;1570;59;1629
81285;Sérénac;477;6;483
81286;Serviès;606;15;621
81287;Sieurac;200;4;204
81288;Sorèze;2550;59;2609
81289;Soual;2152;23;2175
81290;Souel;178;2;180
81291;Taïx;323;5;328
81292;Tanus;535;12;547
81293;Tauriac;226;3;229
81294;Técou;810;14;824
81295;Teillet;445;8;453
81296;Terre-Clapier;238;9;247
81297;Terssac;1013;16;1029
81298;Teulat;437;10;447
81299;Teyssode;346;13;359
81300;Tonnac;127;1;128
81301;Le Travet;132;3;135
81302;Tréban;46;0;46
81303;Trébas;412;9;421
81304;Trévien;181;4;185
81305;Vabre;825;18;843
81306;Valderiès;904;12;916
81307;Valdurenque;718;15;733
81308;Valence-d'Albigeois;1270;16;1286
81309;Vaour;290;8;298
81310;Veilhes;106;2;108
81311;Vénès;697;11;708
81312;Verdalle;980;170;1150
81313;Le Verdier;228;7;235
81314;Viane;610;60;670
81315;Vielmur-sur-Agout;1340;23;1363
81316;Vieux;173;4;177
81317;Villefranche-d'Albigeois;1053;17;1070
81318;Villeneuve-lès-Lavaur;139;3;142
81319;Villeneuve-sur-Vère;421;5;426
81320;Vindrac-Alayrac;150;6;156
81321;Le Vintrou;83;1;84
81322;Virac;228;4;232
81323;Viterbe;341;9;350
81324;Viviers-lès-Lavaur;176;10;186
81325;Viviers-lès-Montagnes;1676;51;1727
82001;Albefeuille-Lagarde;631;21;652
82002;Albias;2608;45;2653
82003;Angeville;194;6;200
82004;Asques;124;4;128
82005;Aucamville;904;20;924
82006;Auterive;59;1;60
82007;Auty;115;3;118
82008;Auvillar;977;60;1037
82009;Balignac;26;0;26
82010;Bardigues;257;5;262
82011;Barry-d'Islemade;799;9;808
82012;Les Barthes;456;15;471
82013;Beaumont-de-Lomagne;3733;238;3971
82014;Beaupuy;271;1;272
82015;Belbèse;104;1;105
82016;Belvèze;211;8;219
82017;Bessens;1118;12;1130
82018;Bioule;902;27;929
82019;Boudou;644;18;662
82020;Bouillac;503;13;516
82021;Bouloc;215;4;219
82022;Bourg-de-Visa;405;13;418
82023;Bourret;690;9;699
82024;Brassac;265;4;269
82025;Bressols;3441;73;3514
82026;Bruniquel;583;23;606
82027;Campsas;1080;33;1113
82028;Canals;619;6;625
82029;Castanet;232;4;236
82030;Castelferrus;430;18;448
82031;Castelmayran;976;12;988
82032;Castelsagrat;537;13;550
82033;Castelsarrasin;12862;508;13370
82034;Castéra-Bouzet;116;1;117
82035;Caumont;314;1;315
82036;Le Causé;164;1;165
82037;Caussade;6508;238;6746
82038;Caylus;1536;36;1572
82039;Cayrac;463;5;468
82040;Cayriech;259;12;271
82041;Cazals;203;4;207
82042;Cazes-Mondenard;1208;24;1232
82043;Comberouger;296;2;298
82044;Corbarieu;1430;21;1451
82045;Cordes-Tolosannes;257;7;264
82046;Coutures;103;0;103
82047;Cumont;65;0;65
82048;Dieupentale;1180;19;1199
82049;Donzac;988;14;1002
82050;Dunes;1106;11;1117
82051;Durfort-Lacapelette;765;98;863
82052;Escatalens;966;70;1036
82053;Escazeaux;278;9;287
82054;Espalais;394;11;405
82055;Esparsac;248;7;255
82056;Espinas;179;8;187
82057;Fabas;464;11;475
82058;Fajolles;105;0;105
82059;Faudoas;291;8;299
82060;Fauroux;207;5;212
82061;Féneyrols;175;8;183
82062;Finhan;1290;28;1318
82063;Garganvillar;590;7;597
82064;Gariès;99;4;103
82065;Gasques;393;12;405
82066;Génébrières;586;12;598
82067;Gensac;107;3;110
82068;Gimat;174;7;181
82069;Ginals;196;4;200
82070;Glatens;56;0;56
82071;Goas;37;0;37
82072;Golfech;824;27;851
82073;Goudourville;891;29;920
82074;Gramont;156;7;163
82075;Grisolles;3308;43;3351
82076;L' Honor-de-Cos;1547;37;1584
82077;Labarthe;366;3;369
82078;Labastide-de-Penne;132;4;136
82080;Labastide-du-Temple;1020;41;1061
82079;Labastide-Saint-Pierre;3539;52;3591
82081;Labourgade;170;4;174
82082;Lacapelle-Livron;187;6;193
82083;Lachapelle;111;4;115
82084;Lacour;187;2;189
82085;Lacourt-Saint-Pierre;1030;21;1051
82086;Lafitte;228;6;234
82087;Lafrançaise;2805;99;2904
82088;Laguépie;736;9;745
82089;Lamagistère;1227;20;1247
82090;Lamothe-Capdeville;969;65;1034
82091;Lamothe-Cumont;112;2;114
82092;Lapenche;168;3;171
82093;Larrazet;584;6;590
82094;Lauzerte;1503;32;1535
82095;Lavaurette;216;11;227
82097;Lavit;1534;31;1565
82098;Léojac;1090;44;1134
82099;Lizac;441;2;443
82100;Loze;128;3;131
82101;Malause;934;25;959
82102;Mansonville;266;3;269
82103;Marignac;95;4;99
82104;Marsac;199;1;200
82105;Mas-Grenier;1040;15;1055
82106;Maubec;139;9;148
82107;Maumusson;49;0;49
82108;Meauzac;1022;22;1044
82109;Merles;238;6;244
82110;Mirabel;974;11;985
82111;Miramont-de-Quercy;339;8;347
82112;Moissac;12377;446;12823
82113;Molières;1080;16;1096
82114;Monbéqui;553;3;556
82115;Monclar-de-Quercy;1522;25;1547
82116;Montagudet;165;4;169
82117;Montaigu-de-Quercy;1418;41;1459
82118;Montaïn;93;1;94
82119;Montalzat;575;8;583
82120;Montastruc;266;12;278
82121;Montauban;55438;1867;57305
82122;Montbarla;168;3;171
82123;Montbartier;995;27;1022
82124;Montbeton;3433;92;3525
82125;Montech;5065;77;5142
82126;Monteils;1249;26;1275
82127;Montesquieu;745;19;764
82128;Montfermier;111;0;111
82129;Montgaillard;83;2;85
82130;Montjoi;182;1;183
82131;Montpezat-de-Quercy;1424;22;1446
82132;Montricoux;1022;20;1042
82133;Mouillac;72;2;74
82134;Nègrepelisse;4655;72;4727
82135;Nohic;1104;24;1128
82136;Orgueil;1301;19;1320
82137;Parisot;540;11;551
82138;Perville;110;3;113
82139;Le Pin;119;2;121
82140;Piquecos;362;9;371
82141;Pommevic;510;9;519
82142;Pompignan;1311;11;1322
82143;Poupas;88;1;89
82144;Puycornet;621;10;631
82146;Puygaillard-de-Lomagne;54;1;55
82145;Puygaillard-de-Quercy;305;5;310
82147;Puylagarde;340;9;349
82148;Puylaroque;647;12;659
82149;Réalville;1777;46;1823
82150;Reyniès;851;11;862
82151;Roquecor;454;5;459
82152;Saint-Aignan;413;10;423
82154;Saint-Amans-de-Pellagal;237;3;240
82153;Saint-Amans-du-Pech;186;4;190
82155;Saint-Antonin-Noble-Val;1795;33;1828
82156;Saint-Arroumex;141;1;142
82157;Saint-Beauzeil;122;0;122
82158;Saint-Cirice;163;3;166
82159;Saint-Cirq;426;15;441
82160;Saint-Clair;229;6;235
82161;Saint-Etienne-de-Tulmont;3212;57;3269
82162;Saint-Georges;196;4;200
82163;Saint-Jean-du-Bouzet;67;1;68
82165;Saint-Loup;456;17;473
82166;Saint-Michel;244;9;253
82167;Saint-Nauphary;1592;16;1608
82168;Saint-Nazaire-de-Valentane;329;7;336
82169;Saint-Nicolas-de-la-Grave;2131;61;2192
82170;Saint-Paul-d'Espis;604;14;618
82171;Saint-Porquier;1304;19;1323
82172;Saint-Projet;288;3;291
82173;Saint-Sardos;639;12;651
82174;Saint-Vincent;305;5;310
82175;Saint-Vincent-Lespinasse;222;6;228
82164;Sainte-Juliette;115;5;120
82176;La Salvetat-Belmontet;562;19;581
82177;Sauveterre;167;1;168
82178;Savenès;667;8;675
82179;Septfonds;2065;31;2096
82180;Sérignac;492;19;511
82181;Sistels;185;2;187
82182;Touffailles;381;6;387
82183;Tréjouls;259;7;266
82184;Vaïssac;720;16;736
82185;Valeilles;233;1;234
82186;Valence;5077;191;5268
82187;Varen;730;14;744
82188;Varennes;556;8;564
82189;Vazerac;709;6;715
82190;Verdun-sur-Garonne;3910;63;3973
82191;Verfeil;325;4;329
82192;Verlhac-Tescou;425;10;435
82193;Vigueron;118;1;119
82096;La Ville-Dieu-du-Temple;2415;65;2480
82194;Villebrumier;1218;24;1242
82195;Villemade;677;17;694
83001;Les Adrets-de-l'Estérel;2709;59;2768
83002;Aiguines;255;2;257
83003;Ampus;843;20;863
83004;Les Arcs;6217;158;6375
83005;Artignosc-sur-Verdon;256;11;267
83006;Artigues;216;2;218
83007;Aups;2047;60;2107
83008;Bagnols-en-Forêt;2215;28;2243
83009;Bandol;8747;112;8859
83010;Bargème;140;2;142
83011;Bargemon;1468;25;1493
83012;Barjols;3041;47;3088
83013;La Bastide;182;3;185
83014;Baudinard-sur-Verdon;150;5;155
83015;Bauduen;310;10;320
83016;Le Beausset;8841;152;8993
83017;Belgentier;2367;33;2400
83018;Besse-sur-Issole;2721;25;2746
83019;Bormes-les-Mimosas;7153;103;7256
83020;Le Bourguet;24;0;24
83021;Bras;2138;34;2172
83022;Brenon;26;2;28
83023;Brignoles;15679;380;16059
83025;Brue-Auriac;1137;23;1160
83026;Cabasse;1769;32;1801
83027;La Cadière-d'Azur;5151;89;5240
83028;Callas;1759;23;1782
83029;Callian;3004;58;3062
83030;Camps-la-Source;1522;41;1563
83031;Le Cannet-des-Maures;3908;87;3995
83032;Carcès;2988;51;3039
83033;Carnoules;3162;39;3201
83034;Carqueiranne;9630;168;9798
83035;Le Castellet;4252;79;4331
83036;Cavalaire-sur-Mer;6509;116;6625
83037;La Celle;1260;80;1340
83038;Châteaudouble;470;9;479
83039;Châteauvert;125;32;157
83040;Châteauvieux;69;0;69
83041;Claviers;660;16;676
83042;Cogolin;11131;187;11318
83043;Collobrières;1749;81;1830
83044;Comps-sur-Artuby;319;11;330
83045;Correns;803;22;825
83046;Cotignac;2163;68;2231
83047;La Crau;16152;455;16607
83048;La Croix-Valmer;3194;131;3325
83049;Cuers;9737;133;9870
83050;Draguignan;37117;1133;38250
83051;Entrecasteaux;1032;8;1040
83052;Esparron;253;4;257
83053;Évenos;2149;51;2200
83054;La Farlède;7851;120;7971
83055;Fayence;4867;83;4950
83056;Figanières;2492;44;2536
83057;Flassans-sur-Issole;2860;45;2905
83058;Flayosc;4341;98;4439
83059;Forcalqueiret;2083;24;2107
83060;Fox-Amphoux;423;6;429
83061;Fréjus;52436;850;53286
83062;La Garde;25551;404;25955
83063;La Garde-Freinet;1792;35;1827
83064;Garéoult;5514;112;5626
83065;Gassin;2899;56;2955
83066;Ginasservis;1412;22;1434
83067;Gonfaron;3844;56;3900
83068;Grimaud;4233;67;4300
83069;Hyères;54888;1311;56199
83070;Le Lavandou;5825;88;5913
83071;La Londe-les-Maures;10043;141;10184
83072;Lorgues;8846;329;9175
83073;Le Luc;8804;115;8919
83074;La Martre;159;3;162
83075;Les Mayons;600;13;613
83076;Mazaugues;716;10;726
83077;Méounes-lès-Montrieux;1836;31;1867
83078;Moissac-Bellevue;272;4;276
83079;La Môle;942;16;958
83080;Mons;863;20;883
83081;Montauroux;5048;92;5140
83082;Montferrat;1153;7;1160
83083;Montfort-sur-Argens;1121;14;1135
83084;Montmeyan;532;7;539
83085;La Motte;2850;25;2875
83086;Le Muy;8716;142;8858
83087;Nans-les-Pins;3995;70;4065
83088;Néoules;2419;44;2463
83089;Ollières;624;15;639
83090;Ollioules;13245;207;13452
83091;Pierrefeu-du-Var;5084;73;5157
83092;Pignans;3115;43;3158
83093;Plan-d'Aups-Sainte-Baume;1176;19;1195
83094;Le Plan-de-la-Tour;2752;53;2805
83095;Pontevès;669;19;688
83096;Pourcieux;1071;10;1081
83097;Pourrières;4443;62;4505
83098;Le Pradet;10998;275;11273
83099;Puget-sur-Argens;6988;127;7115
83100;Puget-Ville;3628;47;3675
83101;Ramatuelle;2272;55;2327
83152;Rayol-Canadel-sur-Mer;582;4;586
83102;Régusse;1792;22;1814
83103;Le Revest-les-Eaux;3697;77;3774
83104;Rians;4205;94;4299
83105;Riboux;36;0;36
83106;Rocbaron;3361;70;3431
83109;La Roque-Esclapon;237;3;240
83107;Roquebrune-sur-Argens;11451;226;11677
83108;La Roquebrussanne;2149;31;2180
83110;Rougiers;1387;24;1411
83154;Saint-Antonin-du-Var;600;12;612
83112;Saint-Cyr-sur-Mer;11795;147;11942
83113;Saint-Julien;1744;18;1762
83153;Saint-Mandrier-sur-Mer;6303;68;6371
83114;Saint-Martin;199;2;201
83116;Saint-Maximin-la-Sainte-Baume;14142;328;14470
83117;Saint-Paul-en-Forêt;1498;23;1521
83118;Saint-Raphaël;34381;577;34958
83119;Saint-Tropez;5640;78;5718
83120;Saint-Zacharie;4802;60;4862
83111;Sainte-Anastasie-sur-Issole;1810;31;1841
83115;Sainte-Maxime;13619;290;13909
83121;Salernes;3629;78;3707
83122;Les Salles-sur-Verdon;206;4;210
83123;Sanary-sur-Mer;17774;292;18066
83124;Seillans;2543;46;2589
83125;Seillons-Source-d'Argens;2068;30;2098
83126;La Seyne-sur-Mer;58252;780;59032
83127;Signes;2771;39;2810
83128;Sillans-la-Cascade;523;66;589
83129;Six-Fours-les-Plages;35091;414;35505
83130;Solliès-Pont;10792;133;10925
83131;Solliès-Toucas;4983;94;5077
83132;Solliès-Ville;2433;48;2481
83133;Tanneron;1473;19;1492
83134;Taradeau;1694;27;1721
83135;Tavernes;1050;9;1059
83136;Le Thoronet;2061;38;2099
83137;Toulon;166537;2231;168768
83138;Tourrettes;2605;45;2650
83139;Tourtour;532;3;535
83140;Tourves;4774;71;4845
83141;Trans-en-Provence;5388;98;5486
83142;Trigance;159;3;162
83143;Le Val;3927;73;4000
83144;La Valette-du-Var;22282;374;22656
83145;Varages;1085;28;1113
83146;La Verdière;1357;15;1372
83147;Vérignon;17;0;17
83148;Vidauban;9545;156;9701
83149;Villecroze;1094;36;1130
83150;Vinon-sur-Verdon;3840;65;3905
83151;Vins-sur-Caramy;809;15;824
84001;Althen-des-Paluds;2431;38;2469
84002;Ansouis;1100;33;1133
84003;Apt;11158;292;11450
84004;Aubignan;4619;125;4744
84005;Aurel;180;6;186
84006;Auribeau;71;1;72
84007;Avignon;91283;2283;93566
84008;Le Barroux;618;13;631
84009;La Bastide-des-Jourdans;1241;64;1305
84010;La Bastidonne;737;25;762
84011;Le Beaucet;363;14;377
84012;Beaumes-de-Venise;2238;39;2277
84013;Beaumettes;199;3;202
84014;Beaumont-de-Pertuis;1011;13;1024
84015;Beaumont-du-Ventoux;328;8;336
84016;Bédarrides;5103;70;5173
84017;Bédoin;3019;70;3089
84018;Blauvac;425;9;434
84019;Bollène;14001;308;14309
84020;Bonnieux;1408;41;1449
84021;Brantes;82;1;83
84022;Buisson;315;12;327
84023;Buoux;134;0;134
84024;Cabrières-d'Aigues;845;11;856
84025;Cabrières-d'Avignon;1744;35;1779
84026;Cadenet;3963;82;4045
84027;Caderousse;2712;53;2765
84028;Cairanne;885;23;908
84029;Camaret-sur-Aigues;4302;90;4392
84030;Caromb;3186;54;3240
84031;Carpentras;28526;1075;29601
84032;Caseneuve;407;15;422
84033;Castellet;101;4;105
84034;Caumont-sur-Durance;4554;82;4636
84035;Cavaillon;25596;509;26105
84036;Châteauneuf-de-Gadagne;3199;72;3271
84037;Châteauneuf-du-Pape;2112;39;2151
84038;Cheval-Blanc;4048;82;4130
84039;Courthézon;5309;76;5385
84040;Crestet;473;5;478
84041;Crillon-le-Brave;445;12;457
84042;Cucuron;1816;34;1850
84043;Entraigues-sur-la-Sorgue;7473;122;7595
84044;Entrechaux;1008;11;1019
84045;Faucon;410;10;420
84046;Flassan;410;7;417
84139;Fontaine-de-Vaucluse;680;14;694
84047;Gargas;2995;109;3104
84048;Gignac;64;3;67
84049;Gigondas;585;12;597
84050;Gordes;2130;44;2174
84051;Goult;1207;65;1272
84052;Grambois;1147;27;1174
84053;Grillon;1702;46;1748
84054;L' Isle-sur-la-Sorgue;18799;499;19298
84055;Jonquerettes;1224;31;1255
84056;Jonquières;4294;64;4358
84057;Joucas;315;9;324
84058;Lacoste;436;14;450
84059;Lafare;102;3;105
84060;Lagarde-d'Apt;36;0;36
84061;Lagarde-Paréol;275;6;281
84062;Lagnes;1674;44;1718
84063;Lamotte-du-Rhône;402;13;415
84064;Lapalud;3425;79;3504
84065;Lauris;3302;71;3373
84066;Lioux;251;7;258
84067;Loriol-du-Comtat;2238;48;2286
84068;Lourmarin;1011;33;1044
84069;Malaucène;2691;59;2750
84070;Malemort-du-Comtat;1409;29;1438
84071;Maubec;1791;39;1830
84072;Mazan;5515;113;5628
84073;Ménerbes;1144;30;1174
84074;Mérindol;1926;39;1965
84075;Méthamis;394;4;398
84076;Mirabeau;1076;22;1098
84077;Modène;388;4;392
84078;Mondragon;3548;61;3609
84079;Monieux;334;8;342
84080;Monteux;10728;193;10921
84081;Morières-lès-Avignon;7589;129;7718
84082;Mormoiron;1817;42;1859
84083;Mornas;2248;49;2297
84084;La Motte-d'Aigues;1288;31;1319
84085;Murs;425;8;433
84086;Oppède;1324;33;1357
84087;Orange;30025;730;30755
84088;Pernes-les-Fontaines;10506;197;10703
84089;Pertuis;18680;257;18937
84090;Peypin-d'Aigues;595;16;611
84091;Piolenc;4548;124;4672
84092;Le Pontet;17531;229;17760
84093;Puget;658;12;670
84094;Puyméras;626;13;639
84095;Puyvert;711;15;726
84096;Rasteau;750;14;764
84097;Richerenches;696;78;774
84098;Roaix;608;13;621
84099;Robion;3982;89;4071
84100;La Roque-Alric;71;0;71
84101;La Roque-sur-Pernes;408;19;427
84102;Roussillon;1280;29;1309
84103;Rustrel;683;12;695
84104;Sablet;1301;43;1344
84105;Saignon;1030;34;1064
84107;Saint-Christol;1116;2;1118
84108;Saint-Didier;2048;25;2073
84109;Saint-Hippolyte-le-Graveyron;166;5;171
84110;Saint-Léger-du-Ventoux;31;1;32
84111;Saint-Marcellin-lès-Vaison;345;7;352
84112;Saint-Martin-de-Castillon;726;36;762
84113;Saint-Martin-de-la-Brasque;727;13;740
84114;Saint-Pantaléon;189;3;192
84115;Saint-Pierre-de-Vassols;487;15;502
84116;Saint-Romain-en-Viennois;833;25;858
84117;Saint-Roman-de-Malegarde;294;3;297
84118;Saint-Saturnin-lès-Apt;2628;78;2706
84119;Saint-Saturnin-lès-Avignon;4961;88;5049
84120;Saint-Trinit;121;5;126
84106;Sainte-Cécile-les-Vignes;2214;71;2285
84121;Sannes;161;2;163
84122;Sarrians;5705;78;5783
84123;Sault;1301;30;1331
84124;Saumane-de-Vaucluse;779;18;797
84125;Savoillan;100;1;101
84126;Séguret;911;34;945
84127;Sérignan-du-Comtat;2414;74;2488
84128;Sivergues;46;1;47
84129;Sorgues;18521;243;18764
84130;Suzette;119;4;123
84131;Taillades;1902;29;1931
84132;Le Thor;7722;159;7881
84133;La Tour-d'Aigues;3915;146;4061
84134;Travaillan;658;14;672
84135;Uchaux;1360;53;1413
84136;Vacqueyras;1060;20;1080
84137;Vaison-la-Romaine;6248;144;6392
84138;Valréas;9771;322;10093
84140;Vaugines;569;17;586
84141;Vedène;9805;326;10131
84142;Velleron;3040;61;3101
84143;Venasque;1137;21;1158
84144;Viens;573;12;585
84145;Villars;724;16;740
84146;Villedieu;506;15;521
84147;Villelaure;3093;74;3167
84148;Villes-sur-Auzon;1249;22;1271
84149;Violès;1547;42;1589
84150;Visan;1934;36;1970
84151;Vitrolles-en-Lubéron;179;7;186
85001;L' Aiguillon-sur-Mer;2293;33;2326
85002;L' Aiguillon-sur-Vie;1580;18;1598
85003;Aizenay;7573;129;7702
85004;Angles;2095;37;2132
85005;Antigny;1016;36;1052
85006;Apremont;1374;24;1398
85008;Aubigny;2824;61;2885
85009;Auzay;584;19;603
85010;Avrillé;1105;18;1123
85011;Barbâtre;1751;35;1786
85012;La Barre-de-Monts;2100;40;2140
85013;Bazoges-en-Paillers;990;15;1005
85014;Bazoges-en-Pareds;1138;28;1166
85015;Beaufou;1087;25;1112
85016;Beaulieu-sous-la-Roche;1935;32;1967
85017;Beaurepaire;1982;60;2042
85018;Beauvoir-sur-Mer;3689;62;3751
85019;Belleville-sur-Vie;3595;80;3675
85020;Benet;3565;95;3660
85022;Le Bernard;872;24;896
85021;La Bernardière;1535;27;1562
85023;Bessay;400;9;409
85024;Bois-de-Céné;1477;30;1507
85025;La Boissière-de-Montaigu;1957;38;1995
85026;La Boissière-des-Landes;1250;31;1281
85027;Boufféré;2528;63;2591
85028;Bouillé-Courdault;444;16;460
85029;Bouin;2201;34;2235
85030;Boulogne;666;13;679
85031;Le Boupère;2856;65;2921
85033;Bourneau;760;16;776
85034;Bournezeau;2907;82;2989
85243;Brem-sur-Mer;2485;38;2523
85035;Bretignolles-sur-Mer;3673;55;3728
85036;La Bretonnière-la-Claye;631;6;637
85037;Breuil-Barret;659;19;678
85038;Les Brouzils;2455;35;2490
85039;La Bruffière;3378;78;3456
85040;La Caillère-Saint-Hilaire;1041;42;1083
85041;Cezais;318;10;328
85042;Chaillé-les-Marais;1808;31;1839
85043;Chaillé-sous-les-Ormeaux;1167;19;1186
85044;Chaix;431;17;448
85045;La Chaize-Giraud;753;13;766
85046;La Chaize-le-Vicomte;3090;62;3152
85047;Challans;18035;636;18671
85048;Chambretaud;1419;32;1451
85050;Le Champ-Saint-Père;1533;29;1562
85049;Champagné-les-Marais;1589;19;1608
85051;Chantonnay;8040;344;8384
85052;La Chapelle-Achard;1553;10;1563
85053;La Chapelle-aux-Lys;249;1;250
85054;La Chapelle-Hermier;714;6;720
85055;La Chapelle-Palluau;888;11;899
85056;La Chapelle-Thémer;317;7;324
85058;Chasnais;602;14;616
85059;La Châtaigneraie;2624;48;2672
85060;Château-d'Olonne;13319;443;13762
85061;Château-Guibert;1387;27;1414
85062;Châteauneuf;780;15;795
85063;Les Châtelliers-Châteaumur;708;27;735
85064;Chauché;2159;31;2190
85065;Chavagnes-en-Paillers;3249;81;3330
85066;Chavagnes-les-Redoux;789;16;805
85067;Cheffois;909;30;939
85069;Les Clouzeaux;2415;66;2481
85070;Coëx;2944;52;2996
85071;Commequiers;2686;52;2738
85072;La Copechagnière;802;8;810
85073;Corpe;870;10;880
85074;La Couture;193;5;198
85076;Cugand;3168;82;3250
85077;Curzon;448;5;453
85078;Damvix;753;15;768
85080;Doix;808;18;826
85081;Dompierre-sur-Yon;3886;116;4002
85082;Les Epesses;2477;54;2531
85083;L' Épine;1707;48;1755
85084;Les Essarts;4813;106;4919
85086;Falleron;1341;20;1361
85307;La Faute-sur-Mer;1001;27;1028
85087;Faymoreau;242;2;244
85088;Le Fenouiller;4107;91;4198
85089;La Ferrière;4466;119;4585
85090;La Flocellière;2309;55;2364
85091;Fontaines;821;34;855
85092;Fontenay-le-Comte;14464;795;15259
85093;Fougeré;912;21;933
85094;Foussais-Payré;1187;25;1212
85095;Froidfond;1245;20;1265
85096;La Garnache;4276;87;4363
85097;La Gaubretière;2802;62;2864
85098;La Génétouze;1569;23;1592
85099;Le Girouard;761;7;768
85100;Givrand;1826;44;1870
85101;Le Givre;383;9;392
85102;Grand'Landes;463;4;467
85103;Grosbreuil;1886;21;1907
85104;Grues;760;10;770
85105;Le Gué-de-Velluire;513;4;517
85106;La Guérinière;1525;49;1574
85107;La Guyonnière;2657;164;2821
85108;L' Herbergement;2551;67;2618
85109;Les Herbiers;14893;556;15449
85110;L' Hermenault;851;23;874
85111;L' Île-d'Elle;1398;35;1433
85112;L' Île-d'Olonne;2579;42;2621
85113;L' Île-d'Yeu;4906;120;5026
85114;Jard-sur-Mer;2480;49;2529
85115;La Jaudonnière;569;13;582
85116;La Jonchère;371;8;379
85117;Lairoux;596;16;612
85118;Landeronde;2093;57;2150
85119;Les Landes-Genusson;2265;41;2306
85120;Landevieille;1100;19;1119
85121;Le Langon;1075;16;1091
85123;Liez;257;7;264
85125;Loge-Fougereuse;356;11;367
85126;Longèves;1161;40;1201
85127;Longeville-sur-Mer;2300;33;2333
85129;Les Lucs-sur-Boulogne;3172;42;3214
85128;Luçon;9722;374;10096
85130;Maché;1273;22;1295
85131;Les Magnils-Reigniers;1462;44;1506
85132;Maillé;762;13;775
85133;Maillezais;967;54;1021
85134;Mallièvre;238;9;247
85135;Mareuil-sur-Lay-Dissais;2588;117;2705
85136;Marillet;119;4;123
85137;Marsais-Sainte-Radégonde;488;16;504
85138;Martinet;764;9;773
85139;Le Mazeau;431;16;447
85140;La Meilleraie-Tillay;1508;31;1539
85141;Menomblet;659;22;681
85142;La Merlatière;721;8;729
85143;Mervent;1079;26;1105
85144;Mesnard-la-Barotière;1201;19;1220
85145;Monsireigne;836;11;847
85146;Montaigu;4909;140;5049
85147;Montournais;1744;42;1786
85148;Montreuil;821;23;844
85149;Moreilles;310;3;313
85150;Mormaison;1027;16;1043
85151;Mortagne-sur-Sèvre;6080;176;6256
85152;La Mothe-Achard;2381;67;2448
85153;Mouchamps;2585;58;2643
85154;Mouilleron-en-Pareds;1221;64;1285
85155;Mouilleron-le-Captif;4246;139;4385
85156;Moutiers-les-Mauxfaits;1676;27;1703
85157;Moutiers-sur-le-Lay;614;9;623
85158;Mouzeuil-Saint-Martin;1135;24;1159
85159;Nalliers;2133;36;2169
85160;Nesmy;2366;48;2414
85161;Nieul-le-Dolent;2160;33;2193
85162;Nieul-sur-l'Autise;1135;28;1163
85163;Noirmoutier-en-l'Île;4842;136;4978
85164;Notre-Dame-de-Monts;1806;22;1828
85189;Notre-Dame-de-Riez;1805;23;1828
85165;L' Oie;1045;15;1060
85166;Olonne-sur-Mer;12510;548;13058
85167;L' Orbrie;825;29;854
85168;Oulmes;734;28;762
85169;Palluau;868;20;888
85171;Péault;523;11;534
85172;Le Perrier;1797;36;1833
85174;Petosse;537;12;549
85175;Les Pineaux;550;11;561
85176;Pissotte;1178;28;1206
85177;Le Poiré-sur-Velluire;629;14;643
85178;Le Poiré-sur-Vie;7206;202;7408
85179;Poiroux;815;15;830
85180;La Pommeraie-sur-Sèvre;1013;24;1037
85181;Pouillé;609;6;615
85182;Pouzauges;5362;192;5554
85184;Puy-de-Serre;302;9;311
85185;Puyravault;637;9;646
85186;La Rabatelière;805;14;819
85187;Réaumur;786;13;799
85188;La Réorthe;970;20;990
85191;La Roche-sur-Yon;51124;3441;54565
85190;Rocheservière;2789;57;2846
85192;Rochetrejoux;804;21;825
85193;Rosnay;516;9;525
85194;Les Sables-d'Olonne;15433;497;15930
85196;Saint-André-Goule-d'Oie;1584;16;1600
85197;Saint-André-Treize-Voies;1212;33;1245
85198;Saint-Aubin-des-Ormeaux;1248;36;1284
85199;Saint-Aubin-la-Plaine;430;7;437
85200;Saint-Avaugourd-des-Landes;856;8;864
85201;Saint-Benoist-sur-Mer;341;5;346
85204;Saint-Christophe-du-Ligneron;2226;20;2246
85205;Saint-Cyr-des-Gâts;516;11;527
85206;Saint-Cyr-en-Talmondais;393;10;403
85207;Saint-Denis-du-Payré;364;9;373
85208;Saint-Denis-la-Chevasse;1979;33;2012
85209;Saint-Étienne-de-Brillouet;449;10;459
85210;Saint-Étienne-du-Bois;1666;31;1697
85213;Saint-Florent-des-Bois;2556;104;2660
85215;Saint-Fulgent;3385;127;3512
85217;Saint-Georges-de-Montaigu;3727;65;3792
85218;Saint-Georges-de-Pointindoux;1406;22;1428
85220;Saint-Germain-de-Prinçay;1444;34;1478
85219;Saint-Germain-l'Aiguiller;343;10;353
85221;Saint-Gervais;2124;35;2159
85222;Saint-Gilles-Croix-de-Vie;7260;165;7425
85224;Saint-Hilaire-de-Loulay;4104;121;4225
85226;Saint-Hilaire-de-Riez;10248;219;10467
85229;Saint-Hilaire-de-Voust;635;14;649
85227;Saint-Hilaire-des-Loges;1866;33;1899
85231;Saint-Hilaire-la-Forêt;580;8;588
85232;Saint-Hilaire-le-Vouhis;935;15;950
85233;Saint-Jean-de-Beugné;541;2;543
85234;Saint-Jean-de-Monts;7699;192;7891
85235;Saint-Juire-Champgillon;454;10;464
85236;Saint-Julien-des-Landes;1288;13;1301
85237;Saint-Laurent-de-la-Salle;371;8;379
85238;Saint-Laurent-sur-Sèvre;3397;905;4302
85239;Saint-Maixent-sur-Vie;783;9;792
85240;Saint-Malô-du-Bois;1434;66;1500
85242;Saint-Mars-la-Réorthe;796;13;809
85244;Saint-Martin-de-Fraigneau;832;47;879
85245;Saint-Martin-des-Fontaines;158;2;160
85246;Saint-Martin-des-Noyers;2179;24;2203
85247;Saint-Martin-des-Tilleuls;903;19;922
85248;Saint-Martin-Lars-en-Sainte-Hermine;451;10;461
85250;Saint-Mathurin;1676;43;1719
85251;Saint-Maurice-des-Noues;579;25;604
85252;Saint-Maurice-le-Girard;578;7;585
85254;Saint-Mesmin;1868;48;1916
85255;Saint-Michel-en-l'Herm;2010;94;2104
85256;Saint-Michel-le-Cloucq;1226;44;1270
85257;Saint-Michel-Mont-Mercure;1927;197;2124
85259;Saint-Paul-en-Pareds;1123;16;1139
85260;Saint-Paul-Mont-Penit;606;15;621
85262;Saint-Philbert-de-Bouaine;2598;49;2647
85264;Saint-Pierre-du-Chemin;1367;38;1405
85265;Saint-Pierre-le-Vieux;954;22;976
85266;Saint-Prouant;1416;28;1444
85268;Saint-Révérend;1304;12;1316
85269;Saint-Sigismond;354;1;355
85271;Saint-Sulpice-en-Pareds;389;6;395
85272;Saint-Sulpice-le-Verdon;753;14;767
85273;Saint-Urbain;1341;15;1356
85274;Saint-Valérien;465;16;481
85276;Saint-Vincent-Sterlanges;661;15;676
85277;Saint-Vincent-sur-Graon;1290;23;1313
85278;Saint-Vincent-sur-Jard;1184;17;1201
85202;Sainte-Cécile;1460;165;1625
85211;Sainte-Flaive-des-Loups;1977;39;2016
85212;Sainte-Florence;992;21;1013
85214;Sainte-Foy;1755;37;1792
85216;Sainte-Gemme-la-Plaine;1817;201;2018
85223;Sainte-Hermine;2531;44;2575
85261;Sainte-Pexine;232;2;234
85267;Sainte-Radégonde-des-Noyers;774;20;794
85279;Saligny;1612;29;1641
85280;Sallertaine;2684;55;2739
85281;Sérigné;1000;25;1025
85282;Sigournais;830;20;850
85284;Soullans;3912;94;4006
85285;Le Tablier;565;14;579
85286;La Taillée;501;9;510
85287;Tallud-Sainte-Gemme;431;14;445
85288;Talmont-Saint-Hilaire;6693;122;6815
85289;La Tardière;1239;24;1263
85290;Thiré;532;10;542
85291;Thorigny;996;27;1023
85292;Thouarsais-Bouildroux;685;13;698
85293;Tiffauges;1479;43;1522
85294;La Tranche-sur-Mer;2673;48;2721
85295;Treize-Septiers;2695;61;2756
85296;Treize-Vents;1010;23;1033
85297;Triaize;978;17;995
85298;Vairé;1405;26;1431
85299;Velluire;532;11;543
85300;Venansault;4186;142;4328
85301;Vendrennes;1391;26;1417
85302;La Verrie;3629;102;3731
85303;Vix;1728;52;1780
85304;Vouillé-les-Marais;658;8;666
85305;Vouvant;805;62;867
85306;Xanton-Chassenon;690;24;714
86001;Adriers;732;26;758
86002;Amberre;478;9;487
86003;Anché;302;4;306
86004;Angles-sur-l'Anglin;391;5;396
86005;Angliers;661;11;672
86006;Antigny;600;9;609
86007;Antran;1118;35;1153
86009;Archigny;1024;17;1041
86008;Arçay;405;2;407
86010;Aslonnes;966;20;986
86011;Asnières-sur-Blour;203;5;208
86012;Asnois;146;3;149
86013;Aulnay;109;1;110
86014;Availles-en-Châtellerault;1499;51;1550
86015;Availles-Limouzine;1312;27;1339
86016;Avanton;1829;29;1858
86017;Ayron;1092;17;1109
86018;Basses;351;12;363
86019;Beaumont;1726;32;1758
86020;Bellefonds;233;3;236
86021;Benassay;841;38;879
86022;Berrie;262;3;265
86023;Berthegon;273;9;282
86024;Béruges;1271;31;1302
86025;Béthines;486;12;498
86026;Beuxes;504;10;514
86027;Biard;1585;78;1663
86028;Bignoux;1040;29;1069
86029;Blanzay;835;17;852
86030;Blaslay;507;7;514
86031;Bonnes;1669;31;1700
86032;Bonneuil-Matours;1963;41;2004
86034;Bouresse;597;23;620
86035;Bourg-Archambault;192;11;203
86036;Bournand;647;15;662
86037;Brigueil-le-Chantre;504;9;513
86038;Brion;242;3;245
86039;Brux;677;15;692
86040;La Bussière;374;6;380
86041;Buxerolles;9679;210;9889
86042;Buxeuil;930;20;950
86043;Ceaux-en-Couhé;520;14;534
86044;Ceaux-en-Loudun;592;9;601
86045;Celle-Lévescault;1284;10;1294
86046;Cenon-sur-Vienne;1822;54;1876
86047;Cernay;425;12;437
86048;Chabournay;867;17;884
86049;Chalais;527;14;541
86050;Chalandray;731;6;737
86051;Champagné-le-Sec;208;9;217
86052;Champagné-Saint-Hilaire;925;23;948
86053;Champigny-le-Sec;1019;23;1042
86054;Champniers;365;10;375
86055;La Chapelle-Bâton;373;6;379
86056;La Chapelle-Montreuil;618;7;625
86058;La Chapelle-Moulière;606;19;625
86059;Chapelle-Viviers;443;44;487
86060;Charrais;845;13;858
86061;Charroux;1185;30;1215
86062;Chasseneuil-du-Poitou;4497;111;4608
86063;Chatain;322;12;334
86064;Château-Garnier;633;7;640
86065;Château-Larcher;918;28;946
86066;Châtellerault;33993;1103;35096
86067;Châtillon;210;4;214
86068;Chaunay;1202;19;1221
86069;La Chaussée;163;3;166
86070;Chauvigny;6895;133;7028
86071;Cheneché;297;9;306
86072;Chenevelles;438;5;443
86073;Cherves;568;13;581
86074;Chiré-en-Montreuil;862;24;886
86075;Chouppes;736;10;746
86076;Cissé;2428;44;2472
86077;Civaux;945;12;957
86078;Civray;2819;183;3002
86080;Cloué;445;5;450
86081;Colombiers;1471;27;1498
86082;Couhé;1849;87;1936
86083;Coulombiers;1091;20;1111
86084;Coulonges;259;7;266
86085;Coussay;265;7;272
86086;Coussay-les-Bois;825;11;836
86087;Craon;198;3;201
86088;Croutelle;785;11;796
86089;Cuhon;360;4;364
86091;Curzay-sur-Vonne;458;7;465
86090;Curçay-sur-Dive;235;3;238
86092;Dangé-Saint-Romain;3143;68;3211
86093;Dercé;160;6;166
86094;Dienné;485;8;493
86095;Dissay;2912;41;2953
86096;Doussay;598;6;604
86097;La Ferrière-Airoux;325;3;328
86098;Fleix;149;1;150
86099;Fleuré;1003;11;1014
86100;Fontaine-le-Comte;3408;79;3487
86102;Frozes;484;11;495
86104;Genouillé;524;9;533
86103;Gençay;1676;45;1721
86105;Gizay;384;8;392
86106;Glénouze;113;0;113
86107;Gouex;520;17;537
86108;La Grimaudière;392;11;403
86109;Guesnes;234;3;237
86110;Haims;231;5;236
86111;Ingrandes;1812;108;1920
86112;L' Isle-Jourdain;1231;28;1259
86113;Iteuil;2829;58;2887
86114;Jardres;1050;75;1125
86115;Jaunay-Clan;5805;177;5982
86116;Jazeneuil;795;16;811
86117;Jouhet;508;11;519
86118;Journet;378;4;382
86119;Joussé;336;2;338
86120;Lathus-Saint-Rémy;1202;36;1238
86121;Latillé;1425;22;1447
86122;Lauthiers;96;3;99
86123;Lavausseau;774;16;790
86124;Lavoux;1121;19;1140
86125;Leigné-les-Bois;570;14;584
86127;Leigné-sur-Usseau;454;15;469
86126;Leignes-sur-Fontaine;543;8;551
86128;Lencloître;2373;33;2406
86129;Lésigny;539;2;541
86130;Leugny;438;4;442
86131;Lhommaizé;806;17;823
86132;Liglet;297;9;306
86133;Ligugé;2880;62;2942
86134;Linazay;221;4;225
86135;Liniers;504;11;515
86136;Lizant;462;5;467
86137;Loudun;7173;330;7503
86138;Luchapt;311;6;317
86139;Lusignan;2637;58;2695
86140;Lussac-les-Châteaux;2360;74;2434
86141;Magné;614;11;625
86142;Maillé;552;8;560
86143;Mairé;201;1;202
86144;Maisonneuve;297;8;305
86146;Marigny-Brizay;1118;17;1135
86147;Marigny-Chemereau;505;2;507
86148;Marnay;591;10;601
86149;Martaizé;371;7;378
86145;Marçay;802;11;813
86150;Massognes;269;2;271
86151;Maulay;192;2;194
86152;Mauprévoir;652;13;665
86153;Mazerolles;781;27;808
86154;Mazeuil;245;7;252
86156;Messemé;214;2;216
86157;Mignaloux-Beauvoir;3881;205;4086
86158;Migné-Auxances;5969;120;6089
86159;Millac;525;19;544
86160;Mirebeau;2245;42;2287
86161;Moncontour;1013;21;1034
86162;Mondion;135;4;139
86163;Montamisé;3031;57;3088
86164;Monthoiron;638;21;659
86165;Montmorillon;6514;434;6948
86166;Montreuil-Bonnin;648;18;666
86167;Monts-sur-Guesnes;626;13;639
86169;Morton;335;5;340
86170;Moulismes;407;10;417
86171;Moussac;489;20;509
86173;Mouterre-Silly;712;13;725
86172;Mouterre-sur-Blourde;177;0;177
86174;Naintré;5775;125;5900
86175;Nalliers;314;7;321
86176;Nérignac;141;3;144
86177;Neuville-de-Poitou;4799;88;4887
86178;Nieuil-l'Espoir;2220;22;2242
86180;Nouaillé-Maupertuis;2731;68;2799
86181;Nueil-sous-Faye;246;7;253
86182;Orches;410;8;418
86183;Les Ormes;1557;16;1573
86184;Ouzilly;802;8;810
86186;Oyré;906;28;934
86187;Paizay-le-Sec;432;7;439
86188;Payré;973;71;1044
86189;Payroux;506;10;516
86190;Persac;838;39;877
86191;Pindray;256;6;262
86192;Plaisance;160;2;162
86193;Pleumartin;1164;15;1179
86194;Poitiers;89253;2648;91901
86195;Port-de-Piles;530;9;539
86197;Pouant;427;15;442
86196;Pouançay;240;9;249
86198;Pouillé;589;15;604
86200;Pressac;523;17;540
86201;Prinçay;237;1;238
86202;La Puye;581;7;588
86203;Queaux;599;18;617
86204;Quinçay;2101;53;2154
86205;Ranton;192;2;194
86206;Raslay;111;3;114
86207;La Roche-Posay;1560;48;1608
86079;La Roche-Rigault;536;44;580
86208;Le Rochereau;680;16;696
86209;Roches-Prémarie-Andillé;1638;26;1664
86210;Roiffé;668;10;678
86211;Romagne;875;110;985
86213;Rouillé;2436;179;2615
86214;Saint-Benoît;6989;245;7234
86217;Saint-Christophe;347;7;354
86218;Saint-Clair;202;1;203
86219;Saint-Cyr;993;9;1002
86220;Saint-Gaudent;290;12;302
86221;Saint-Genest-d'Ambière;1210;17;1227
86222;Saint-Georges-lès-Baillargeaux;3681;50;3731
86223;Saint-Germain;957;20;977
86224;Saint-Gervais-les-Trois-Clochers;1323;40;1363
86225;Saint-Jean-de-Sauves;1317;46;1363
86226;Saint-Julien-l'Ars;2212;43;2255
86227;Saint-Laon;126;1;127
86228;Saint-Laurent-de-Jourdes;166;2;168
86229;Saint-Léger-de-Montbrillais;387;6;393
86230;Saint-Léomer;178;5;183
86231;Saint-Macoux;465;10;475
86234;Saint-Martin-l'Ars;409;2;411
86235;Saint-Maurice-la-Clouère;1136;33;1169
86237;Saint-Pierre-d'Exideuil;789;38;827
86236;Saint-Pierre-de-Maillé;920;19;939
86241;Saint-Rémy-sur-Creuse;405;7;412
86242;Saint-Romain;416;5;421
86244;Saint-Sauvant;1318;24;1342
86245;Saint-Sauveur;1055;18;1073
86246;Saint-Savin;913;32;945
86247;Saint-Saviol;453;18;471
86248;Saint-Secondin;559;7;566
86239;Sainte-Radégonde;145;1;146
86249;Saires;147;6;153
86250;Saix;211;5;216
86252;Sammarçolles;601;8;609
86253;Sanxay;549;16;565
86254;Saulgé;965;27;992
86255;Savigné;1309;35;1344
86256;Savigny-Lévescault;1009;27;1036
86257;Savigny-sous-Faye;327;10;337
86258;Scorbé-Clairvaux;2376;65;2441
86259;Senillé;640;25;665
86260;Sérigny;297;3;300
86261;Sèvres-Anxaumont;1895;96;1991
86262;Sillars;602;21;623
86263;Smarves;2406;50;2456
86264;Sommières-du-Clain;764;16;780
86265;Sossais;403;6;409
86266;Surin;146;4;150
86268;Tercé;1061;21;1082
86269;Ternay;208;5;213
86270;Thollet;171;3;174
86271;Thurageau;811;12;823
86272;Thuré;2762;154;2916
86273;La Trimouille;966;15;981
86274;Les Trois-Moutiers;960;24;984
86275;Usseau;643;19;662
86276;Usson-du-Poitou;1320;34;1354
86233;Valdivienne;2455;35;2490
86277;Varennes;360;7;367
86278;Vaux;693;7;700
86279;Vaux-sur-Vienne;590;18;608
86280;Vellèches;371;14;385
86281;Vendeuvre-du-Poitou;2806;50;2856
86284;Vernon;612;12;624
86285;Verrières;868;22;890
86286;Verrue;374;1;375
86287;Vézières;350;13;363
86288;Vicq-sur-Gartempe;716;17;733
86289;Le Vigeant;725;35;760
86290;La Villedieu-du-Clain;1437;28;1465
86291;Villemort;113;0;113
86292;Villiers;808;7;815
86293;Vivonne;3051;45;3096
86294;Vouillé;3322;68;3390
86295;Voulême;359;7;366
86296;Voulon;339;5;344
86297;Vouneuil-sous-Biard;4758;143;4901
86298;Vouneuil-sur-Vienne;1910;44;1954
86299;Vouzailles;503;7;510
86300;Yversay;258;5;263
87001;Aixe-sur-Vienne;5532;76;5608
87002;Ambazac;5254;96;5350
87003;Arnac-la-Poste;1024;21;1045
87004;Augne;109;4;113
87005;Aureil;853;12;865
87006;Azat-le-Ris;275;11;286
87007;Balledent;209;5;214
87008;La Bazeuge;169;7;176
87009;Beaumont-du-Lac;158;3;161
87011;Bellac;4401;241;4642
87012;Berneuil;417;7;424
87013;Bersac-sur-Rivalier;618;15;633
87014;Bessines-sur-Gartempe;2912;65;2977
87015;Beynac;618;76;694
87016;Les Billanges;301;5;306
87017;Blanzac;453;10;463
87018;Blond;724;39;763
87019;Boisseuil;2463;82;2545
87020;Bonnac-la-Côte;1427;14;1441
87021;Bosmie-l'Aiguille;2279;43;2322
87022;Breuilaufa;143;3;146
87023;Le Buis;195;2;197
87024;Bujaleuf;897;17;914
87025;Burgnac;719;9;728
87026;Bussière-Boffy;344;7;351
87027;Bussière-Galant;1391;32;1423
87028;Bussière-Poitevine;956;23;979
87029;Les Cars;605;7;612
87030;Chaillac-sur-Vienne;1058;40;1098
87031;Le Chalard;290;5;295
87032;Châlus;1636;78;1714
87033;Chamboret;756;19;775
87034;Champagnac-la-Rivière;549;11;560
87035;Champnétery;518;3;521
87036;Champsac;592;8;600
87037;La Chapelle-Montbrandeix;253;5;258
87038;Chaptelat;1542;33;1575
87039;Château-Chervix;772;18;790
87040;Châteauneuf-la-Forêt;1616;30;1646
87041;Châteauponsac;2175;61;2236
87042;Le Châtenet-en-Dognon;412;7;419
87043;Cheissoux;207;6;213
87044;Chéronnac;302;7;309
87045;Cieux;975;33;1008
87046;Cognac-la-Forêt;1059;64;1123
87047;Compreignac;1648;32;1680
87048;Condat-sur-Vienne;4667;100;4767
87049;Coussac-Bonneval;1355;39;1394
87050;Couzeix;7526;183;7709
87051;La Croisille-sur-Briance;704;27;731
87052;La Croix-sur-Gartempe;173;5;178
87053;Cromac;278;7;285
87054;Cussac;1182;62;1244
87055;Darnac;387;5;392
87056;Dinsac;256;14;270
87057;Dompierre-les-Églises;360;19;379
87058;Domps;147;5;152
87059;Le Dorat;1875;117;1992
87060;Dournazac;697;7;704
87061;Droux;418;17;435
87062;Eybouleuf;359;6;365
87063;Eyjeaux;1191;29;1220
87064;Eymoutiers;2062;36;2098
87065;Feytiat;5655;100;5755
87066;Flavignac;1021;12;1033
87067;Folles;534;10;544
87068;Fromental;534;8;542
87069;Gajoubert;173;4;177
87070;La Geneytouse;808;19;827
87071;Glandon;813;25;838
87072;Glanges;501;8;509
87073;Gorre;379;15;394
87074;Les Grands-Chézeaux;257;10;267
87075;Isle;7517;181;7698
87076;Jabreilles-les-Bordes;263;3;266
87077;Janailhac;433;12;445
87078;Javerdat;611;6;617
87079;La Jonchère-Saint-Maurice;777;19;796
87080;Jouac;208;1;209
87081;Jourgnac;971;13;984
87082;Ladignac-le-Long;1119;15;1134
87083;Laurière;630;12;642
87084;Lavignac;140;4;144
87085;Limoges;138882;2405;141287
87086;Linards;1065;75;1140
87087;Lussac-les-Églises;498;24;522
87088;Magnac-Bourg;959;22;981
87089;Magnac-Laval;1966;139;2105
87090;Mailhac-sur-Benaize;311;7;318
87091;Maisonnais-sur-Tardoire;456;7;463
87092;Marval;570;12;582
87093;Masléon;346;4;350
87094;Meilhac;463;12;475
87095;Meuzac;721;18;739
87096;La Meyze;833;26;859
87097;Mézières-sur-Issoire;864;29;893
87099;Moissannes;347;12;359
87100;Montrol-Sénard;233;5;238
87101;Mortemart;130;4;134
87103;Nantiat;1630;50;1680
87104;Nedde;534;16;550
87105;Neuvic-Entier;973;18;991
87106;Nexon;2412;39;2451
87107;Nieul;1545;26;1571
87108;Nouic;526;9;535
87109;Oradour-Saint-Genest;396;69;465
87110;Oradour-sur-Glane;2205;36;2241
87111;Oradour-sur-Vayres;1526;25;1551
87112;Pageas;615;16;631
87113;Le Palais-sur-Vienne;5738;118;5856
87114;Panazol;10076;239;10315
87115;Pensol;183;0;183
87116;Peyrat-de-Bellac;1120;31;1151
87117;Peyrat-le-Château;1009;25;1034
87118;Peyrilhac;1161;19;1180
87119;Pierre-Buffière;1131;14;1145
87120;La Porcherie;604;11;615
87121;Rancon;549;16;565
87122;Razès;1088;21;1109
87123;Rempnat;166;6;172
87124;Rilhac-Lastours;338;7;345
87125;Rilhac-Rancon;4038;78;4116
87127;La Roche-l'Abeille;594;11;605
87126;Rochechouart;3839;119;3958
87128;Roussac;457;14;471
87129;Royères;835;21;856
87130;Roziers-Saint-Georges;197;6;203
87131;Saillat-sur-Vienne;812;20;832
87132;Saint-Amand-le-Petit;112;4;116
87133;Saint-Amand-Magnazeix;520;10;530
87135;Saint-Auvent;917;14;931
87136;Saint-Barbant;353;3;356
87137;Saint-Bazile;136;5;141
87138;Saint-Bonnet-Briance;520;11;531
87139;Saint-Bonnet-de-Bellac;534;14;548
87140;Saint-Brice-sur-Vienne;1495;41;1536
87141;Saint-Cyr;694;14;708
87142;Saint-Denis-des-Murs;492;10;502
87143;Saint-Gence;1897;40;1937
87144;Saint-Genest-sur-Roselle;436;9;445
87145;Saint-Georges-les-Landes;252;11;263
87146;Saint-Germain-les-Belles;1144;29;1173
87147;Saint-Gilles-les-Forêts;53;3;56
87148;Saint-Hilaire-Bonneval;792;14;806
87149;Saint-Hilaire-la-Treille;429;11;440
87150;Saint-Hilaire-les-Places;849;12;861
87151;Saint-Jean-Ligoure;412;4;416
87152;Saint-Jouvent;1585;25;1610
87153;Saint-Julien-le-Petit;305;5;310
87154;Saint-Junien;11695;365;12060
87155;Saint-Junien-les-Combes;204;10;214
87156;Saint-Just-le-Martel;2349;44;2393
87157;Saint-Laurent-les-Églises;788;35;823
87158;Saint-Laurent-sur-Gorre;1480;73;1553
87159;Saint-Léger-la-Montagne;314;7;321
87160;Saint-Léger-Magnazeix;514;16;530
87161;Saint-Léonard-de-Noblat;4650;109;4759
87163;Saint-Martial-sur-Isop;137;2;139
87164;Saint-Martin-de-Jussac;489;8;497
87165;Saint-Martin-le-Mault;133;1;134
87166;Saint-Martin-le-Vieux;819;14;833
87167;Saint-Martin-Terressus;534;12;546
87168;Saint-Mathieu;1178;16;1194
87169;Saint-Maurice-les-Brousses;787;10;797
87170;Saint-Méard;374;5;379
87172;Saint-Ouen-sur-Gartempe;229;4;233
87173;Saint-Pardoux;520;20;540
87174;Saint-Paul;1185;21;1206
87176;Saint-Priest-Ligoure;629;14;643
87177;Saint-Priest-sous-Aixe;1589;34;1623
87178;Saint-Priest-Taurion;2684;66;2750
87179;Saint-Sornin-la-Marche;234;10;244
87180;Saint-Sornin-Leulac;645;20;665
87181;Saint-Sulpice-Laurière;945;24;969
87182;Saint-Sulpice-les-Feuilles;1239;41;1280
87183;Saint-Sylvestre;828;8;836
87184;Saint-Symphorien-sur-Couze;207;3;210
87185;Saint-Victurnien;1605;94;1699
87186;Saint-Vitte-sur-Briance;338;5;343
87187;Saint-Yrieix-la-Perche;6980;463;7443
87188;Saint-Yrieix-sous-Aixe;382;9;391
87134;Sainte-Anne-Saint-Priest;159;3;162
87162;Sainte-Marie-de-Vaux;165;0;165
87189;Les Salles-Lavauguyon;176;2;178
87190;Sauviat-sur-Vige;942;26;968
87191;Séreilhac;1734;22;1756
87192;Solignac;1471;26;1497
87193;Surdoux;44;0;44
87194;Sussac;353;14;367
87195;Tersannes;167;7;174
87196;Thiat;192;8;200
87197;Thouron;479;2;481
87198;Vaulry;407;8;415
87199;Vayres;837;86;923
87200;Verneuil-Moustiers;162;2;164
87201;Verneuil-sur-Vienne;3864;200;4064
87202;Veyrac;1925;31;1956
87203;Vicq-sur-Breuilh;1244;23;1267
87204;Videix;253;3;256
87205;Le Vigen;2032;46;2078
87206;Villefavard;157;11;168
88001;Les Ableuvenettes;62;2;64
88002;Ahéville;63;0;63
88003;Aingeville;65;3;68
88004;Ainvelle;161;2;163
88005;Allarmont;246;11;257
88006;Ambacourt;274;11;285
88007;Ameuvelle;68;0;68
88008;Anglemont;174;3;177
88009;Anould;3261;62;3323
88010;Aouze;194;5;199
88011;Arches;1726;120;1846
88012;Archettes;1084;14;1098
88013;Aroffe;96;1;97
88014;Arrentès-de-Corcieux;171;4;175
88015;Attignéville;226;13;239
88016;Attigny;258;7;265
88017;Aulnois;145;4;149
88018;Aumontzey;470;4;474
88019;Autigny-la-Tour;163;2;165
88020;Autreville;169;0;169
88021;Autrey;305;10;315
88022;Auzainvilliers;216;5;221
88023;Avillers;84;2;86
88024;Avrainville;93;1;94
88025;Avranville;70;2;72
88026;Aydoilles;1060;39;1099
88027;Badménil-aux-Bois;141;2;143
88028;La Baffe;630;75;705
88029;Bains-les-Bains;1339;127;1466
88030;Bainville-aux-Saules;119;8;127
88031;Balléville;110;2;112
88032;Ban-de-Laveline;1268;30;1298
88033;Ban-de-Sapt;335;9;344
88106;Ban-sur-Meurthe-Clefcy;954;27;981
88035;Barbey-Seroux;137;1;138
88036;Barville;82;2;84
88037;Basse-sur-le-Rupt;890;29;919
88038;Battexey;29;2;31
88039;Baudricourt;310;13;323
88040;Bayecourt;277;4;281
88041;Bazegney;81;5;86
88042;Bazien;86;1;87
88043;Bazoilles-et-Ménil;118;3;121
88044;Bazoilles-sur-Meuse;569;31;600
88045;Beaufremont;69;4;73
88046;Beauménil;130;1;131
88047;Begnécourt;167;9;176
88048;Bellefontaine;952;28;980
88049;Belmont-lès-Darney;121;2;123
88050;Belmont-sur-Buttant;273;5;278
88051;Belmont-sur-Vair;123;3;126
88052;Belrupt;107;0;107
88053;Belval;174;3;177
88054;Bertrimoutier;374;8;382
88055;Bettegney-Saint-Brice;125;3;128
88056;Bettoncourt;96;2;98
88057;Le Beulay;102;2;104
88058;Biécourt;96;1;97
88059;Biffontaine;440;1;441
88060;Blémerey;16;1;17
88061;Bleurville;361;12;373
88062;Blevaincourt;113;5;118
88063;Bocquegney;127;4;131
88064;Bois-de-Champ;111;3;114
88065;Bonvillet;339;9;348
88066;Boulaincourt;63;1;64
88068;La Bourgonce;829;13;842
88069;Bouxières-aux-Bois;120;2;122
88070;Bouxurulles;149;7;156
88071;Bouzemont;56;1;57
88073;Brantigny;176;3;179
88074;Brechainville;48;1;49
88075;La Bresse;4700;216;4916
88076;Brouvelieures;520;8;528
88077;Brû;610;21;631
88078;Bruyères;3310;72;3382
88079;Bulgnéville;1326;99;1425
88080;Bult;294;9;303
88081;Bussang;1631;25;1656
88082;Celles-sur-Plaine;851;18;869
88083;Certilleux;247;16;263
88084;Chamagne;472;9;481
88086;Champ-le-Duc;577;15;592
88085;Champdray;163;7;170
88087;Chantraine;3029;124;3153
88088;La Chapelle-aux-Bois;656;19;675
88089;La Chapelle-devant-Bruyères;622;10;632
88090;Charmes;4560;85;4645
88091;Charmois-devant-Bruyères;416;26;442
88092;Charmois-l'Orgueilleux;591;11;602
88093;Châtas;57;2;59
88094;Châtel-sur-Moselle;1671;66;1737
88095;Châtenois;1801;52;1853
88096;Châtillon-sur-Saône;160;2;162
88097;Chauffecourt;32;0;32
88098;Chaumousey;868;29;897
88099;Chavelot;1495;35;1530
88100;Chef-Haut;48;2;50
88101;Cheniménil;1165;36;1201
88102;Chermisey;99;6;105
88103;Circourt;100;1;101
88104;Circourt-sur-Mouzon;221;7;228
88105;Claudon;214;6;220
88107;Clérey-la-Côte;38;2;40
88108;Le Clerjus;556;12;568
88109;Cleurie;622;22;644
88110;Clézentaine;218;5;223
88111;Coinches;342;8;350
88112;Colroy-la-Grande;585;5;590
88113;Combrimont;156;6;162
88114;Contrexéville;3526;224;3750
88115;Corcieux;1655;30;1685
88116;Cornimont;3732;89;3821
88117;Courcelles-sous-Châtenois;85;2;87
88118;Coussey;714;20;734
88119;Crainvilliers;192;0;192
88120;La Croix-aux-Mines;548;5;553
88121;Damas-aux-Bois;268;3;271
88122;Damas-et-Bettegney;380;9;389
88123;Damblain;300;8;308
88124;Darney;1238;70;1308
88125;Darney-aux-Chênes;69;4;73
88126;Darnieulles;1332;38;1370
88127;Deinvillers;58;2;60
88128;Denipaire;244;8;252
88129;Derbamont;89;2;91
88130;Destord;240;3;243
88131;Deycimont;270;4;274
88132;Deyvillers;1486;45;1531
88133;Dignonville;187;5;192
88134;Dinozé;486;14;500
88135;Docelles;1003;24;1027
88136;Dogneville;1503;52;1555
88137;Dolaincourt;85;5;90
88138;Dombasle-devant-Darney;99;1;100
88139;Dombasle-en-Xaintois;122;3;125
88140;Dombrot-le-Sec;354;10;364
88141;Dombrot-sur-Vair;251;4;255
88144;Domèvre-sous-Montfort;58;4;62
88142;Domèvre-sur-Avière;450;8;458
88143;Domèvre-sur-Durbion;260;11;271
88145;Domfaing;240;2;242
88146;Domjulien;203;1;204
88147;Dommartin-aux-Bois;390;9;399
88148;Dommartin-lès-Remiremont;1847;64;1911
88149;Dommartin-lès-Vallois;55;3;58
88150;Dommartin-sur-Vraine;326;6;332
88151;Dompaire;1024;25;1049
88152;Dompierre;269;8;277
88153;Domptail;304;6;310
88154;Domrémy-la-Pucelle;154;1;155
88155;Domvallier;126;5;131
88156;Doncières;149;5;154
88157;Dounoux;790;24;814
88158;Éloyes;3286;84;3370
88159;Entre-deux-Eaux;465;22;487
88160;Épinal;33528;1859;35387
88161;Escles;471;9;480
88162;Esley;176;5;181
88163;Essegney;670;7;677
88164;Estrennes;92;5;97
88165;Étival-Clairefontaine;2421;52;2473
88166;Évaux-et-Ménil;332;3;335
88167;Faucompierre;213;5;218
88168;Fauconcourt;125;6;131
88169;Fays;242;11;253
88170;Ferdrupt;803;24;827
88171;Fignévelle;57;1;58
88172;Fiménil;251;6;257
88173;Florémont;447;6;453
88174;Fomerey;149;3;152
88175;Fontenay;479;10;489
88176;Fontenoy-le-Château;696;44;740
88177;La Forge;563;21;584
88178;Les Forges;2050;72;2122
88179;Fouchécourt;56;1;57
88180;Frain;146;1;147
88181;Fraize;3058;51;3109
88182;Frapelle;217;7;224
88183;Frebécourt;304;14;318
88184;Fremifontaine;403;8;411
88185;Frenelle-la-Grande;129;6;135
88186;Frenelle-la-Petite;44;1;45
88187;Frénois;39;0;39
88188;Fresse-sur-Moselle;1906;43;1949
88189;Fréville;134;5;139
88190;Frizon;413;10;423
88192;Gelvécourt-et-Adompt;87;4;91
88193;Gemaingoutte;123;5;128
88194;Gemmelaincourt;156;4;160
88195;Gendreville;111;4;115
88196;Gérardmer;8738;641;9379
88197;Gerbamont;340;9;349
88198;Gerbépal;530;11;541
88199;Gignéville;62;2;64
88200;Gigney;68;1;69
88201;Girancourt;828;24;852
88202;Gircourt-lès-Viéville;174;2;176
88203;Girecourt-sur-Durbion;304;6;310
88204;Girmont;937;21;958
88205;Girmont-Val-d'Ajol;241;12;253
88206;Gironcourt-sur-Vraine;972;20;992
88208;Godoncourt;134;6;140
88209;Golbey;8220;131;8351
88210;Gorhey;141;3;144
88212;Grand;459;10;469
88213;La Grande-Fosse;115;3;118
88215;Grandrupt;89;1;90
88214;Grandrupt-de-Bains;79;2;81
88216;Grandvillers;698;22;720
88218;Granges-sur-Vologne;2315;41;2356
88219;Greux;164;5;169
88220;Grignoncourt;45;0;45
88221;Gruey-lès-Surance;245;5;250
88222;Gugnécourt;185;18;203
88223;Gugney-aux-Aulx;140;8;148
88224;Hadigny-les-Verrières;419;11;430
88225;Hadol;2231;142;2373
88226;Hagécourt;121;3;124
88227;Hagnéville-et-Roncourt;83;2;85
88228;Haillainville;153;12;165
88229;Harchéchamp;109;2;111
88230;Hardancourt;44;0;44
88231;Haréville;531;14;545
88232;Harmonville;224;6;230
88233;Harol;567;66;633
88234;Harsault;418;10;428
88235;Hautmougey;151;7;158
88236;La Haye;129;3;132
88237;Hennecourt;348;12;360
88238;Hennezel;425;11;436
88239;Hergugney;138;4;142
88240;Herpelmont;237;2;239
88241;Houécourt;432;8;440
88242;Houéville;39;2;41
88243;Housseras;459;21;480
88244;La Houssière;583;8;591
88245;Hurbache;312;10;322
88246;Hymont;494;14;508
88247;Igney;1112;33;1145
88248;Isches;214;9;223
88249;Jainvillotte;90;0;90
88250;Jarménil;425;4;429
88251;Jeanménil;1048;48;1096
88252;Jésonville;119;4;123
88253;Jeuxey;661;38;699
88254;Jorxey;91;3;94
88255;Jubainville;89;1;90
88256;Jussarupt;288;13;301
88257;Juvaincourt;171;6;177
88258;Lamarche;1073;26;1099
88259;Landaville;312;11;323
88260;Langley;186;0;186
88261;Laval-sur-Vologne;627;18;645
88262;Laveline-devant-Bruyères;652;5;657
88263;Laveline-du-Houx;220;7;227
88264;Légéville-et-Bonfays;64;0;64
88265;Lemmecourt;28;2;30
88266;Lépanges-sur-Vologne;922;22;944
88267;Lerrain;461;18;479
88268;Lesseux;147;1;148
88269;Liézey;288;8;296
88270;Liffol-le-Grand;2360;59;2419
88271;Lignéville;295;9;304
88272;Lironcourt;71;6;77
88273;Longchamp;396;18;414
88274;Longchamp-sous-Châtenois;113;4;117
88275;Lubine;242;3;245
88276;Lusse;447;7;454
88277;Luvigny;112;2;114
88278;Maconcourt;92;3;95
88279;Madecourt;60;0;60
88280;Madegney;71;3;74
88281;Madonne-et-Lamerey;384;13;397
88282;Le Magny;44;0;44
88283;Malaincourt;90;6;96
88284;Mandray;611;16;627
88285;Mandres-sur-Vair;318;32;350
88286;Marainville-sur-Madon;86;6;92
88287;Marey;60;7;67
88288;Maroncourt;11;0;11
88289;Martigny-les-Bains;847;65;912
88290;Martigny-les-Gerbonvaux;123;2;125
88291;Martinvelle;129;7;136
88292;Mattaincourt;850;22;872
88293;Maxey-sur-Meuse;262;9;271
88294;Mazeley;243;6;249
88295;Mazirot;219;3;222
88296;Médonville;74;4;78
88297;Méménil;153;2;155
88298;Ménarmont;46;1;47
88302;Le Ménil;1191;30;1221
88300;Ménil-de-Senones;134;1;135
88299;Ménil-en-Xaintois;144;3;147
88301;Ménil-sur-Belvitte;312;6;318
88303;Midrevaux;209;6;215
88304;Mirecourt;5956;459;6415
88305;Moncel-sur-Vair;223;16;239
88306;Le Mont;52;1;53
88307;Mont-lès-Lamarche;101;5;106
88308;Mont-lès-Neufchâteau;261;6;267
88309;Monthureux-le-Sec;161;7;168
88310;Monthureux-sur-Saône;944;16;960
88311;Montmotier;55;1;56
88312;Morelmaison;191;7;198
88313;Moriville;438;5;443
88314;Morizécourt;129;4;133
88315;Mortagne;164;4;168
88316;Morville;62;2;64
88317;Moussey;722;9;731
88318;Moyemont;221;4;225
88319;Moyenmoutier;3326;69;3395
88320;Nayemont-les-Fosses;889;34;923
88321;Neufchâteau;7056;339;7395
88322;La Neuveville-devant-Lépanges;432;6;438
88324;La Neuveville-sous-Châtenois;360;7;367
88325;La Neuveville-sous-Montfort;172;2;174
88326;Neuvillers-sur-Fave;295;5;300
88327;Nomexy;2128;33;2161
88328;Nompatelize;555;18;573
88330;Nonville;163;4;167
88331;Nonzeville;39;0;39
88332;Norroy;234;5;239
88333;Nossoncourt;104;2;106
88334;Oëlleville;295;14;309
88335;Offroicourt;151;3;154
88336;Ollainville;73;2;75
88337;Oncourt;161;6;167
88338;Ortoncourt;81;1;82
88340;Padoux;460;19;479
88341;Pair-et-Grandrupt;473;16;489
88342;Pallegney;162;4;166
88343;Parey-sous-Montfort;144;14;158
88344;Pargny-sous-Mureau;191;6;197
88345;La Petite-Fosse;91;1;92
88346;La Petite-Raon;910;18;928
88347;Pierrefitte;93;3;96
88348;Pierrepont-sur-l'Arentèle;160;3;163
88349;Plainfaing;1819;35;1854
88350;Pleuvezain;80;1;81
88351;Plombières-les-Bains;1955;49;2004
88352;Pompierre;229;11;240
88353;Pont-lès-Bonfays;89;0;89
88354;Pont-sur-Madon;150;6;156
88355;Portieux;1324;11;1335
88356;Les Poulières;213;2;215
88357;Poussay;725;22;747
88358;Pouxeux;1962;29;1991
88359;Prey;94;4;98
88360;Provenchères-lès-Darney;158;8;166
88361;Provenchères-sur-Fave;857;23;880
88362;Le Puid;99;6;105
88363;Punerot;168;6;174
88364;Puzieux;157;0;157
88365;Racécourt;147;5;152
88366;Rainville;271;10;281
88367;Rambervillers;5669;205;5874
88368;Ramecourt;170;7;177
88369;Ramonchamp;1996;126;2122
88370;Rancourt;67;2;69
88371;Raon-aux-Bois;1154;41;1195
88372;Raon-l'Étape;6710;177;6887
88373;Raon-sur-Plaine;159;0;159
88374;Rapey;15;2;17
88375;Raves;427;7;434
88376;Rebeuville;264;14;278
88377;Regnévelle;146;3;149
88378;Regney;91;0;91
88379;Rehaincourt;330;7;337
88380;Rehaupal;188;6;194
88381;Relanges;219;6;225
88382;Remicourt;77;5;82
88383;Remiremont;8104;495;8599
88386;Remomeix;469;9;478
88385;Remoncourt;594;11;605
88387;Removille;200;8;208
88388;Renauvoid;120;5;125
88389;Repel;63;2;65
88390;Robécourt;120;5;125
88391;Rochesson;656;21;677
88392;Rocourt;24;0;24
88393;Rollainville;327;12;339
88394;Romain-aux-Bois;43;0;43
88395;Romont;359;18;377
88398;Les Rouges-Eaux;78;2;80
88399;Le Roulier;190;4;194
88400;Rouvres-en-Xaintois;295;13;308
88401;Rouvres-la-Chétive;435;15;450
88402;Roville-aux-Chênes;368;199;567
88403;Rozerotte;197;5;202
88404;Rozières-sur-Mouzon;89;0;89
88406;Rugney;135;1;136
88407;Ruppes;128;3;131
88408;Rupt-sur-Moselle;3560;74;3634
88409;Saint-Amé;2111;67;2178
88411;Saint-Baslemont;90;2;92
88412;Saint-Benoît-la-Chipotte;412;11;423
88413;Saint-Dié-des-Vosges;21882;1044;22926
88415;Saint-Étienne-lès-Remiremont;3899;95;3994
88416;Saint-Genest;127;4;131
88417;Saint-Gorgon;381;5;386
88419;Saint-Jean-d'Ormont;159;5;164
88421;Saint-Julien;136;4;140
88423;Saint-Léonard;1377;25;1402
88425;Saint-Maurice-sur-Mortagne;177;7;184
88426;Saint-Maurice-sur-Moselle;1502;28;1530
88427;Saint-Menge;102;6;108
88428;Saint-Michel-sur-Meurthe;2052;79;2131
88429;Saint-Nabord;3953;229;4182
88430;Saint-Ouen-lès-Parey;497;4;501
88431;Saint-Paul;136;3;139
88432;Saint-Pierremont;158;7;165
88433;Saint-Prancher;73;1;74
88434;Saint-Remimont;212;4;216
88435;Saint-Remy;497;14;511
88436;Saint-Stail;75;4;79
88437;Saint-Vallier;92;0;92
88410;Sainte-Barbe;287;4;291
88418;Sainte-Hélène;458;12;470
88424;Sainte-Marguerite;2415;65;2480
88438;La Salle;379;11;390
88439;Sanchey;776;25;801
88440;Sandaucourt;201;3;204
88441;Sans-Vallois;118;6;124
88442;Sapois;654;21;675
88443;Sartes;102;4;106
88444;Le Saulcy;314;7;321
88445;Saulcy-sur-Meurthe;2332;61;2393
88446;Saulxures-lès-Bulgnéville;256;6;262
88447;Saulxures-sur-Moselotte;2830;149;2979
88448;Sauville;202;2;204
88449;Savigny;190;7;197
88450;Senaide;206;5;211
88451;Senones;2772;66;2838
88452;Senonges;150;3;153
88453;Seraumont;46;0;46
88454;Sercoeur;270;8;278
88455;Serécourt;107;1;108
88456;Serocourt;101;1;102
88457;Sionne;136;7;143
88458;Socourt;239;5;244
88459;Soncourt;54;1;55
88460;Soulosse-sous-Saint-Élophe;584;18;602
88461;Suriauville;203;5;208
88462;Le Syndicat;1901;64;1965
88463;Taintrux;1566;43;1609
88464;Tendon;477;17;494
88465;Thaon-les-Vosges;8041;216;8257
88466;They-sous-Montfort;161;2;163
88467;Thiéfosse;590;21;611
88468;Le Thillot;3760;81;3841
88469;Thiraucourt;97;5;102
88470;Le Tholy;1554;51;1605
88471;Les Thons;129;6;135
88472;Thuillières;135;5;140
88473;Tignécourt;110;3;113
88474;Tilleux;62;1;63
88475;Tollaincourt;132;3;135
88476;Totainville;127;4;131
88477;Trampot;117;4;121
88478;Tranqueville-Graux;82;2;84
88479;Trémonzey;235;7;242
88480;Ubexy;171;5;176
88481;Uriménil;1353;21;1374
88482;Urville;71;0;71
88483;Uxegney;2017;52;2069
88484;Uzemain;1102;15;1117
88485;La Vacheresse-et-la-Rouillie;120;1;121
88486;Vagney;3965;131;4096
88487;Le Val-d'Ajol;4138;156;4294
88488;Valfroicourt;249;11;260
88489;Valleroy-aux-Saules;237;1;238
88490;Valleroy-le-Sec;173;3;176
88491;Les Vallois;104;2;106
88492;Le Valtin;94;2;96
88493;Varmonzey;24;0;24
88494;Vaubexy;110;3;113
88495;Vaudéville;177;6;183
88496;Vaudoncourt;132;3;135
88497;Vaxoncourt;457;4;461
88498;Vecoux;1001;49;1050
88499;Velotte-et-Tatignécourt;163;7;170
88500;Ventron;928;21;949
88501;Le Vermont;52;1;53
88502;Vervezelle;147;3;150
88503;Vexaincourt;210;2;212
88504;Vicherey;182;5;187
88505;Vienville;119;2;121
88506;Vieux-Moulin;307;9;316
88508;Ville-sur-Illon;502;8;510
88507;Villers;219;15;234
88509;Villoncourt;97;4;101
88510;Villotte;173;6;179
88511;Villouxel;91;0;91
88512;Viménil;191;6;197
88513;Vincey;2276;39;2315
88514;Viocourt;146;2;148
88515;Vioménil;143;11;154
88516;Vittel;5586;159;5745
88517;Viviers-le-Gras;164;4;168
88518;Viviers-lès-Offroicourt;31;1;32
88519;La Voivre;753;24;777
88520;Les Voivres;313;17;330
88521;Vomécourt;263;6;269
88522;Vomécourt-sur-Madon;69;4;73
88523;Vouxey;167;5;172
88524;Vrécourt;361;5;366
88525;Vroville;139;6;145
88526;Wisembach;402;7;409
88527;Xaffévillers;141;7;148
88528;Xamontarupt;152;10;162
88529;Xaronval;83;2;85
88530;Xertigny;2795;48;2843
88531;Xonrupt-Longemer;1573;57;1630
88532;Zincourt;83;1;84
89001;Accolay;466;10;476
89002;Aigremont;68;4;72
89003;Aillant-sur-Tholon;1442;33;1475
89004;Aisy-sur-Armançon;267;3;270
89005;Ancy-le-Franc;1062;30;1092
89006;Ancy-le-Libre;176;5;181
89007;Andryes;480;9;489
89008;Angely;124;2;126
89009;Annay-la-Côte;359;9;368
89010;Annay-sur-Serein;246;7;253
89011;Annéot;144;9;153
89012;Annoux;95;3;98
89013;Appoigny;3105;70;3175
89014;Arces-Dilo;592;19;611
89015;Arcy-sur-Cure;509;12;521
89016;Argentenay;97;3;100
89017;Argenteuil-sur-Armançon;252;7;259
89018;Armeau;703;17;720
89019;Arthonnay;170;6;176
89020;Asnières-sous-Bois;142;1;143
89021;Asquins;316;10;326
89022;Athie;150;2;152
89023;Augy;1084;91;1175
89024;Auxerre;37218;2538;39756
89025;Avallon;7366;377;7743
89027;Bagneaux;230;2;232
89028;Baon;83;2;85
89029;Bassou;761;28;789
89030;Bazarnes;406;7;413
89031;Beaumont;540;16;556
89032;Beauvilliers;93;2;95
89033;Beauvoir;336;5;341
89034;Beine;473;18;491
89035;Bellechaume;460;12;472
89036;La Belliole;253;4;257
89037;Béon;507;15;522
89038;Bernouil;116;2;118
89039;Béru;74;2;76
89040;Bessy-sur-Cure;162;3;165
89041;Beugnon;323;5;328
89042;Bierry-les-Belles-Fontaines;219;8;227
89043;Blacy;105;3;108
89044;Blannay;126;6;132
89045;Bleigny-le-Carreau;314;5;319
89046;Bléneau;1463;29;1492
89048;Boeurs-en-Othe;320;4;324
89049;Bois-d'Arcy;35;2;37
89050;Bonnard;919;18;937
89051;Les Bordes;485;8;493
89053;Branches;413;12;425
89054;Brannay;652;14;666
89055;Brienon-sur-Armançon;3151;54;3205
89056;Brion;604;17;621
89057;Brosses;286;5;291
89058;Bussières;123;5;128
89059;Bussy-en-Othe;758;16;774
89060;Bussy-le-Repos;369;9;378
89061;Butteaux;266;9;275
89062;Carisey;380;8;388
89063;La Celle-Saint-Cyr;787;11;798
89064;Censy;56;0;56
89065;Cérilly;49;2;51
89066;Cerisiers;912;20;932
89067;Cézy;1100;18;1118
89068;Chablis;2472;108;2580
89069;Chailley;583;10;593
89070;Chambeugle;69;1;70
89071;Chamoux;86;1;87
89072;Champcevrais;315;4;319
89073;Champignelles;1040;77;1117
89074;Champigny;2038;31;2069
89075;Champlay;672;14;686
89076;Champlost;793;18;811
89077;Champs-sur-Yonne;1578;134;1712
89078;Champvallon;574;23;597
89079;Chamvres;666;18;684
89080;La Chapelle-sur-Oreuse;554;8;562
89081;La Chapelle-Vaupelteigne;92;8;100
89083;Charbuy;1638;46;1684
89084;Charentenay;275;2;277
89085;Charmoy;1217;20;1237
89086;Charny;1683;33;1716
89087;Chassignelles;295;12;307
89088;Chassy;477;7;484
89089;Chastellux-sur-Cure;160;4;164
89091;Châtel-Censoir;676;12;688
89092;Châtel-Gérard;251;14;265
89093;Chaumont;602;14;616
89094;Chaumot;652;11;663
89095;Chemilly-sur-Serein;179;4;183
89096;Chemilly-sur-Yonne;796;27;823
89097;Chêne-Arnoult;122;7;129
89098;Cheney;271;7;278
89099;Cheny;2572;62;2634
89100;Chéroy;1572;11;1583
89101;Chéu;524;16;540
89102;Chevannes;2154;84;2238
89103;Chevillon;314;7;321
89104;Chichée;344;7;351
89105;Chichery;480;14;494
89107;Chigy;263;7;270
89108;Chitry;342;5;347
89109;Cisery;59;2;61
89111;Les Clérimois;242;7;249
89112;Collan;182;5;187
89113;Collemiers;568;17;585
89115;Compigny;158;4;162
89116;Cornant;342;14;356
89117;Coulangeron;197;3;200
89118;Coulanges-la-Vineuse;932;16;948
89119;Coulanges-sur-Yonne;546;6;552
89120;Coulours;150;2;152
89122;Courgenay;538;11;549
89123;Courgis;255;10;265
89124;Courlon-sur-Yonne;1159;34;1193
89125;Courson-les-Carrières;849;22;871
89126;Courtoin;41;1;42
89127;Courtois-sur-Yonne;740;12;752
89128;Coutarnoux;101;5;106
89129;Crain;369;11;380
89130;Cravant;810;7;817
89131;Cruzy-le-Châtel;254;3;257
89132;Cry;179;3;182
89133;Cudot;353;4;357
89134;Cussy-les-Forges;330;12;342
89136;Cuy;727;11;738
89137;Dannemoine;426;28;454
89138;Dicy;324;11;335
89139;Diges;1138;33;1171
89141;Dissangis;136;3;139
89142;Dixmont;899;15;914
89143;Dollot;305;6;311
89144;Domats;719;13;732
89145;Domecy-sur-Cure;381;17;398
89146;Domecy-sur-le-Vault;91;3;94
89147;Dracy;205;8;213
89148;Druyes-les-Belles-Fontaines;296;5;301
89149;Dyé;178;9;187
89150;Égleny;428;7;435
89151;Égriselles-le-Bocage;1209;14;1223
89152;Épineau-les-Voves;720;12;732
89153;Épineuil;619;47;666
89154;Escamps;804;26;830
89155;Escolives-Sainte-Camille;719;21;740
89156;Esnon;380;7;387
89158;Étais-la-Sauvin;706;18;724
89159;Étaule;416;17;433
89160;Étigny;757;5;762
89161;Étivey;236;9;245
89162;Évry;362;9;371
89163;La Ferté-Loupière;574;9;583
89164;Festigny;76;4;80
89165;Flacy;143;2;145
89167;Fleury-la-Vallée;1109;30;1139
89168;Fleys;174;3;177
89169;Flogny-la-Chapelle;1001;36;1037
89170;Foissy-lès-Vézelay;151;6;157
89171;Foissy-sur-Vanne;284;8;292
89172;Fontaine-la-Gaillarde;507;19;526
89173;Fontaines;469;7;476
89174;Fontenailles;69;0;69
89175;Fontenay-près-Chablis;132;4;136
89176;Fontenay-près-Vézelay;170;4;174
89177;Fontenay-sous-Fouronnes;75;2;77
89178;Fontenouilles;204;2;206
89179;Fontenoy;320;7;327
89180;Fouchères;396;10;406
89181;Fournaudin;117;1;118
89182;Fouronnes;150;1;151
89183;Fresnes;74;1;75
89184;Fulvy;140;4;144
89186;Germigny;576;11;587
89187;Gigny;106;4;110
89188;Girolles;186;4;190
89189;Gisy-les-Nobles;598;14;612
89190;Givry;191;3;194
89191;Gland;50;1;51
89192;Grandchamp;363;7;370
89194;Grimault;123;1;124
89195;Gron;1216;92;1308
89196;Guerchy;634;25;659
89197;Guillon;451;9;460
89198;Gurgy;1650;45;1695
89199;Gy-l'Évêque;465;16;481
89200;Hauterive;425;4;429
89201;Héry;1844;77;1921
89202;Irancy;306;6;312
89203;Island;218;14;232
89204;L' Isle-sur-Serein;764;11;775
89205;Jaulges;451;6;457
89206;Joigny;10605;449;11054
89207;Jouancy;33;0;33
89208;Joux-la-Ville;1173;16;1189
89209;Jouy;423;9;432
89210;Jully;138;7;145
89211;Junay;105;2;107
89212;Jussy;444;18;462
89213;Laduz;301;6;307
89214;Lailly;211;5;216
89215;Lain;160;9;169
89216;Lainsecq;364;14;378
89217;Lalande;132;1;133
89218;Laroche-Saint-Cydroine;1384;48;1432
89219;Lasson;143;3;146
89220;Lavau;526;4;530
89221;Leugny;353;12;365
89222;Levis;247;4;251
89223;Lézinnes;741;21;762
89224;Lichères-près-Aigremont;177;1;178
89225;Lichères-sur-Yonne;61;1;62
89226;Lignorelles;168;4;172
89227;Ligny-le-Châtel;1314;36;1350
89228;Lindry;1227;37;1264
89229;Lixy;443;5;448
89230;Looze;456;10;466
89232;Lucy-le-Bois;323;18;341
89233;Lucy-sur-Cure;205;1;206
89234;Lucy-sur-Yonne;150;1;151
89235;Magny;809;38;847
89236;Maillot;1090;27;1117
89237;Mailly-la-Ville;604;5;609
89238;Mailly-le-Château;589;8;597
89239;Malay-le-Grand;1583;46;1629
89240;Malay-le-Petit;348;9;357
89241;Malicorne;166;5;171
89242;Maligny;735;19;754
89243;Marchais-Beton;124;2;126
89244;Marmeaux;76;0;76
89245;Marsangy;816;27;843
89246;Massangis;406;7;413
89247;Mélisey;285;7;292
89248;Menades;58;1;59
89249;Mercy;73;3;76
89250;Méré;192;10;202
89251;Merry-la-Vallée;418;12;430
89252;Merry-Sec;175;3;178
89253;Merry-sur-Yonne;218;4;222
89254;Mézilles;575;9;584
89255;Michery;1001;11;1012
89256;Migé;442;8;450
89257;Migennes;7373;128;7501
89259;Môlay;120;4;124
89260;Molesmes;167;5;172
89261;Molinons;282;9;291
89262;Molosmes;230;6;236
89263;Monéteau;3826;137;3963
89268;Mont-Saint-Sulpice;777;17;794
89264;Montacher-Villegardin;701;15;716
89265;Montigny-la-Resle;610;22;632
89266;Montillot;280;7;287
89267;Montréal;197;6;203
89270;Mouffy;116;0;116
89271;Moulins-en-Tonnerrois;114;5;119
89272;Moulins-sur-Ouanne;245;3;248
89273;Moutiers-en-Puisaye;288;6;294
89274;Nailly;1179;28;1207
89275;Neuilly;444;11;455
89276;Neuvy-Sautour;963;10;973
89277;Nitry;403;12;415
89278;Noé;433;10;443
89279;Noyers;734;10;744
89280;Nuits;417;15;432
89281;Les Ormes;265;6;271
89282;Ormoy;663;20;683
89283;Ouanne;698;17;715
89284;Pacy-sur-Armançon;234;4;238
89285;Pailly;226;5;231
89286;Parly;788;17;805
89287;Paron;4489;134;4623
89288;Paroy-en-Othe;208;3;211
89289;Paroy-sur-Tholon;314;6;320
89290;Pasilly;52;1;53
89291;Passy;304;11;315
89469;Perceneige;863;24;887
89292;Percey;265;4;269
89294;Perreux;298;7;305
89295;Perrigny;1156;43;1199
89296;Perrigny-sur-Armançon;115;4;119
89297;Pierre-Perthuis;122;1;123
89298;Piffonds;580;9;589
89299;Pimelles;62;4;66
89300;Pisy;66;0;66
89302;Plessis-Saint-Jean;218;1;219
89303;Poilly-sur-Serein;270;6;276
89304;Poilly-sur-Tholon;687;12;699
89308;Pont-sur-Vanne;197;3;200
89309;Pont-sur-Yonne;3125;52;3177
89306;Pontaubert;391;10;401
89307;Pontigny;746;22;768
89310;La Postolle;157;5;162
89311;Pourrain;1409;48;1457
89312;Précy-le-Sec;290;4;294
89313;Précy-sur-Vrin;486;10;496
89314;Prégilbert;186;5;191
89315;Préhy;125;5;130
89316;Provency;231;6;237
89317;Prunoy;305;6;311
89318;Quarré-les-Tombes;716;25;741
89319;Quenne;452;10;462
89320;Quincerot;73;0;73
89321;Ravières;878;26;904
89323;Roffey;148;3;151
89324;Rogny-les-Sept-Écluses;706;22;728
89325;Ronchères;96;1;97
89326;Rosoy;1071;13;1084
89327;Rousson;366;5;371
89328;Rouvray;348;4;352
89329;Rugny;107;3;110
89330;Sacy;209;2;211
89331;Sainpuits;330;2;332
89332;Saint-Agnan;893;10;903
89333;Saint-André-en-Terre-Plaine;189;13;202
89334;Saint-Aubin-Château-Neuf;510;16;526
89335;Saint-Aubin-sur-Yonne;483;14;497
89336;Saint-Brancher;328;6;334
89337;Saint-Bris-le-Vineux;1101;38;1139
89338;Saint-Clément;2868;90;2958
89341;Saint-Cyr-les-Colons;412;4;416
89342;Saint-Denis;679;39;718
89343;Saint-Denis-sur-Ouanne;147;2;149
89344;Saint-Fargeau;1710;25;1735
89345;Saint-Florentin;4993;96;5089
89346;Saint-Georges-sur-Baulche;3261;107;3368
89347;Saint-Germain-des-Champs;380;17;397
89348;Saint-Julien-du-Sault;2353;71;2424
89349;Saint-Léger-Vauban;424;7;431
89350;Saint-Loup-d'Ordon;229;3;232
89353;Saint-Martin-d'Ordon;283;6;289
89352;Saint-Martin-des-Champs;280;7;287
89354;Saint-Martin-du-Tertre;1515;41;1556
89355;Saint-Martin-sur-Armançon;149;3;152
89356;Saint-Martin-sur-Ocre;50;1;51
89358;Saint-Martin-sur-Ouanne;436;7;443
89359;Saint-Maurice-aux-Riches-Hommes;445;2;447
89360;Saint-Maurice-le-Vieil;277;6;283
89361;Saint-Maurice-Thizouaille;257;3;260
89362;Saint-Moré;184;8;192
89364;Saint-Père;378;8;386
89365;Saint-Privé;549;17;566
89366;Saint-Romain-le-Preux;178;5;183
89368;Saint-Sauveur-en-Puisaye;956;10;966
89369;Saint-Sérotin;514;16;530
89370;Saint-Valérien;1570;36;1606
89339;Sainte-Colombe;163;4;167
89340;Sainte-Colombe-sur-Loing;188;6;194
89351;Sainte-Magnance;390;4;394
89363;Sainte-Pallaye;115;0;115
89371;Sainte-Vertu;104;1;105
89367;Saints;592;15;607
89373;Saligny;666;25;691
89374;Sambourg;95;8;103
89375;Santigny;115;2;117
89376;Sarry;177;10;187
89377;Sauvigny-le-Beuréal;60;0;60
89378;Sauvigny-le-Bois;706;27;733
89379;Savigny-en-Terre-Plaine;140;22;162
89380;Savigny-sur-Clairis;380;12;392
89381;Sceaux;143;2;145
89382;Seignelay;1583;36;1619
89383;Sementron;117;3;120
89384;Senan;721;14;735
89385;Sennevoy-le-Bas;107;14;121
89386;Sennevoy-le-Haut;88;3;91
89387;Sens;25844;802;26646
89388;Sépeaux;419;12;431
89390;Serbonnes;529;10;539
89391;Sergines;1201;22;1223
89392;Sermizelles;267;7;274
89393;Serrigny;117;4;121
89394;Sery;110;1;111
89395;Les Sièges;432;19;451
89397;Sommecaise;323;1;324
89398;Sormery;383;13;396
89399;Soucy;1371;33;1404
89400;Sougères-en-Puisaye;343;7;350
89402;Soumaintrain;198;9;207
89403;Stigny;129;4;133
89404;Subligny;484;13;497
89405;Taingy;298;6;304
89406;Talcy;87;4;91
89407;Tanlay;1158;33;1191
89408;Tannerre-en-Puisaye;322;11;333
89409;Tharoiseau;75;1;76
89410;Tharot;99;3;102
89411;Theil-sur-Vanne;533;19;552
89412;Thizy;163;1;164
89413;Thorey;50;2;52
89414;Thorigny-sur-Oreuse;1448;20;1468
89415;Thory;188;15;203
89416;Thury;461;11;472
89417;Tissey;99;8;107
89418;Tonnerre;5274;235;5509
89419;Toucy;2672;110;2782
89420;Treigny;874;19;893
89421;Trévilly;58;0;58
89422;Trichey;52;1;53
89423;Tronchoy;155;7;162
89424;Trucy-sur-Yonne;144;3;147
89425;Turny;729;25;754
89426;Val-de-Mercy;366;7;373
89427;Vallan;713;13;726
89428;Vallery;483;15;498
89429;Vareilles;207;6;213
89430;Varennes;277;8;285
89431;Vassy;83;2;85
89432;Vaudeurs;495;7;502
89433;Vault-de-Lugny;325;8;333
89434;Vaumort;307;5;312
89436;Venizy;872;15;887
89437;Venouse;286;12;298
89438;Venoy;1687;174;1861
89439;Vergigny;1529;26;1555
89440;Verlin;414;5;419
89441;Vermenton;1203;21;1224
89442;Vernoy;191;1;192
89443;Véron;1942;36;1978
89445;Vézannes;47;3;50
89446;Vézelay;478;8;486
89447;Vézinnes;166;2;168
89448;Vignes;90;2;92
89449;Villeblevin;1772;28;1800
89450;Villebougis;590;14;604
89451;Villechétive;187;3;190
89452;Villecien;412;7;419
89453;Villefargeau;840;34;874
89454;Villefranche;607;10;617
89456;Villemanoche;611;11;622
89457;Villemer;257;8;265
89458;Villenavotte;190;2;192
89461;Villeneuve-l'Archevêque;1242;28;1270
89459;Villeneuve-la-Dondagre;227;9;236
89460;Villeneuve-la-Guyard;2924;47;2971
89462;Villeneuve-les-Genêts;307;13;320
89463;Villeneuve-Saint-Salves;250;9;259
89464;Villeneuve-sur-Yonne;5294;91;5385
89465;Villeperrot;313;2;315
89466;Villeroy;271;10;281
89467;Villethierry;738;15;753
89468;Villevallier;459;21;480
89470;Villiers-les-Hauts;145;3;148
89471;Villiers-Louis;448;14;462
89472;Villiers-Saint-Benoît;508;29;537
89473;Villiers-sur-Tholon;451;16;467
89474;Villiers-Vineux;286;3;289
89475;Villon;102;4;106
89477;Villy;114;2;116
89478;Vincelles;955;87;1042
89479;Vincelottes;321;14;335
89480;Vinneuf;1295;30;1325
89481;Vireaux;170;0;170
89482;Viviers;130;3;133
89483;Voisines;402;27;429
89484;Volgré;321;7;328
89485;Voutenay-sur-Cure;195;8;203
89486;Yrouerre;203;3;206
90001;Andelnans;1261;16;1277
90002;Angeot;297;10;307
90003;Anjoutey;665;10;675
90004;Argiésans;444;16;460
90082;Autrechêne;284;4;288
90005;Auxelles-Bas;474;9;483
90006;Auxelles-Haut;305;11;316
90007;Banvillars;272;8;280
90008;Bavilliers;4809;160;4969
90009;Beaucourt;5013;82;5095
90010;Belfort;51327;1015;52342
90011;Bermont;304;11;315
90012;Bessoncourt;943;36;979
90013;Bethonvilliers;248;6;254
90014;Boron;412;5;417
90015;Botans;273;9;282
90016;Bourg-sous-Châtelet;130;2;132
90017;Bourogne;1940;22;1962
90018;Brebotte;324;12;336
90019;Bretagne;246;1;247
90020;Buc;307;11;318
90021;Charmois;289;9;298
90022;Châtenois-les-Forges;2802;44;2846
90023;Chaux;1066;28;1094
90024;Chavanatte;157;0;157
90025;Chavannes-les-Grands;313;4;317
90026;Chèvremont;1402;53;1455
90027;Courcelles;120;3;123
90028;Courtelevant;392;6;398
90029;Cravanche;1859;74;1933
90030;Croix;161;4;165
90031;Cunelières;280;9;289
90032;Danjoutin;3572;78;3650
90033;Delle;6047;112;6159
90034;Denney;760;16;776
90035;Dorans;565;19;584
90036;Eguenigue;269;11;280
90037;Éloie;950;22;972
90039;Essert;3128;112;3240
90041;Étueffont;1477;75;1552
90042;Évette-Salbert;2011;103;2114
90043;Faverois;498;11;509
90045;Fêche-l'Église;767;18;785
90044;Felon;248;5;253
90046;Florimont;417;6;423
90047;Fontaine;602;20;622
90048;Fontenelle;114;2;116
90049;Foussemagne;932;11;943
90050;Frais;237;5;242
90051;Froidefontaine;462;7;469
90052;Giromagny;3259;89;3348
90053;Grandvillars;3139;52;3191
90054;Grosmagny;521;20;541
90055;Grosne;303;4;307
90056;Joncherey;1366;28;1394
90057;Lachapelle-sous-Chaux;672;30;702
90058;Lachapelle-sous-Rougemont;509;12;521
90059;Lacollonge;239;10;249
90060;Lagrange;96;4;100
90061;Lamadeleine-Val-des-Anges;32;1;33
90062;Larivière;286;7;293
90063;Lebetain;456;8;464
90065;Lepuix;1203;20;1223
90064;Lepuix-Neuf;263;3;266
90066;Leval;181;3;184
90067;Menoncourt;384;19;403
90068;Meroux;789;25;814
90069;Méziré;1366;21;1387
90070;Montbouton;431;11;442
90071;Montreux-Château;917;14;931
90072;Morvillars;1008;13;1021
90073;Moval;313;6;319
90074;Novillard;245;3;248
90075;Offemont;3360;93;3453
90076;Pérouse;948;38;986
90077;Petit-Croix;331;8;339
90078;Petitefontaine;197;3;200
90079;Petitmagny;275;11;286
90080;Phaffans;336;12;348
90081;Réchésy;781;19;800
90083;Recouvrance;62;1;63
90084;Reppe;285;8;293
90085;Riervescemont;72;1;73
90086;Romagny-sous-Rougemont;215;6;221
90087;Roppe;810;19;829
90088;Rougegoutte;975;21;996
90089;Rougemont-le-Château;1392;58;1450
90090;Saint-Dizier-l'Évêque;394;8;402
90091;Saint-Germain-le-Châtelet;601;15;616
90093;Sermamagny;831;14;845
90094;Sevenans;789;17;806
90095;Suarce;431;3;434
90096;Thiancourt;248;5;253
90097;Trévenans;1030;28;1058
90098;Urcerey;233;14;247
90099;Valdoie;5022;227;5249
90100;Vauthiermont;236;8;244
90101;Vellescot;242;3;245
90102;Vescemont;720;24;744
90103;Vétrigne;499;19;518
90104;Vézelois;835;20;855
90105;Villars-le-Sec;141;3;144
91001;Abbéville-la-Rivière;289;5;294
91016;Angerville;3375;59;3434
91017;Angervilliers;1598;13;1611
91021;Arpajon;9918;139;10057
91022;Arrancourt;134;1;135
91027;Athis-Mons;30462;396;30858
91035;Authon-la-Plaine;348;7;355
91037;Auvernaux;318;4;322
91038;Auvers-Saint-Georges;1165;14;1179
91041;Avrainville;683;9;692
91044;Ballainvilliers;3780;20;3800
91045;Ballancourt-sur-Essonne;7206;69;7275
91047;Baulne;1364;11;1375
91064;Bièvres;4982;122;5104
91067;Blandy;128;0;128
91069;Boigneville;422;4;426
91075;Bois-Herpin;76;0;76
91079;Boissy-la-Rivière;507;10;517
91080;Boissy-le-Cutté;1308;17;1325
91081;Boissy-le-Sec;629;16;645
91085;Boissy-sous-Saint-Yon;3641;50;3691
91086;Bondoufle;9451;97;9548
91093;Boullay-les-Troux;643;15;658
91095;Bouray-sur-Juine;1926;19;1945
91097;Boussy-Saint-Antoine;6536;49;6585
91098;Boutervilliers;328;11;339
91099;Boutigny-sur-Essonne;3085;39;3124
91100;Bouville;646;12;658
91103;Brétigny-sur-Orge;22837;328;23165
91105;Breuillet;8150;120;8270
91106;Breux-Jouy;1230;13;1243
91109;Brières-les-Scellés;945;13;958
91111;Briis-sous-Forges;3352;56;3408
91112;Brouy;122;5;127
91114;Brunoy;25981;343;26324
91115;Bruyères-le-Châtel;3077;43;3120
91121;Buno-Bonnevaux;471;12;483
91122;Bures-sur-Yvette;9773;221;9994
91129;Cerny;3225;87;3312
91130;Chalo-Saint-Mars;1137;25;1162
91131;Chalou-Moulineux;395;13;408
91132;Chamarande;1071;17;1088
91135;Champcueil;2753;58;2811
91136;Champlan;2444;18;2462
91137;Champmotteux;345;1;346
91145;Chatignonville;64;4;68
91148;Chauffour-lès-Étréchy;131;1;132
91156;Cheptainville;1824;13;1837
91159;Chevannes;1655;24;1679
91161;Chilly-Mazarin;18577;121;18698
91613;Congerville-Thionville;221;8;229
91174;Corbeil-Essonnes;41308;645;41953
91175;Corbreuse;1666;28;1694
91179;Le Coudray-Montceaux;4250;38;4288
91180;Courances;348;5;353
91182;Courcouronnes;14336;169;14505
91184;Courdimanche-sur-Essonne;283;1;284
91186;Courson-Monteloup;582;4;586
91191;Crosne;9094;88;9182
91198;D'Huison-Longueville;1327;18;1345
91195;Dannemois;820;9;829
91200;Dourdan;9435;167;9602
91201;Draveil;28335;312;28647
91204;Écharcon;724;9;733
91207;Égly;5240;42;5282
91215;Épinay-sous-Sénart;12652;81;12733
91216;Épinay-sur-Orge;10261;115;10376
91222;Estouches;208;1;209
91223;Étampes;22306;373;22679
91225;Étiolles;3040;97;3137
91226;Étréchy;6219;49;6268
91228;Évry;52802;722;53524
91232;La Ferté-Alais;4015;49;4064
91235;Fleury-Mérogis;9141;34;9175
91240;Fontaine-la-Rivière;203;2;205
91244;Fontenay-le-Vicomte;1298;14;1312
91243;Fontenay-lès-Briis;1713;27;1740
91247;La Forêt-le-Roi;471;15;486
91248;La Forêt-Sainte-Croix;145;1;146
91249;Forges-les-Bains;3671;67;3738
91272;Gif-sur-Yvette;21736;534;22270
91273;Gironville-sur-Essonne;776;9;785
91274;Gometz-la-Ville;1190;39;1229
91275;Gometz-le-Châtel;2091;28;2119
91284;Les Granges-le-Roi;975;16;991
91286;Grigny;26637;153;26790
91292;Guibeville;744;7;751
91293;Guigneville-sur-Essonne;975;18;993
91294;Guillerval;745;9;754
91312;Igny;10208;540;10748
91315;Itteville;6325;61;6386
91318;Janville-sur-Juine;1855;65;1920
91319;Janvry;615;22;637
91326;Juvisy-sur-Orge;14153;113;14266
91330;Lardy;5754;43;5797
91332;Leudeville;1294;15;1309
91333;Leuville-sur-Orge;4208;50;4258
91338;Limours;6344;142;6486
91339;Linas;6290;83;6373
91340;Lisses;6871;89;6960
91345;Longjumeau;21166;122;21288
91347;Longpont-sur-Orge;6609;52;6661
91359;Maisse;2805;46;2851
91363;Marcoussis;7736;127;7863
91374;Marolles-en-Beauce;213;4;217
91376;Marolles-en-Hurepoix;4740;55;4795
91377;Massy;40386;418;40804
91378;Mauchamps;289;2;291
91386;Mennecy;13225;223;13448
91390;Méréville;3173;65;3238
91393;Mérobert;540;11;551
91399;Mespuits;170;9;179
91405;Milly-la-Forêt;4746;93;4839
91408;Moigny-sur-École;1252;29;1281
91411;Les Molières;1825;55;1880
91412;Mondeville;667;13;680
91414;Monnerville;395;4;399
91421;Montgeron;22929;234;23163
91425;Montlhéry;6455;276;6731
91432;Morangis;11511;66;11577
91433;Morigny-Champigny;4246;100;4346
91434;Morsang-sur-Orge;21165;158;21323
91435;Morsang-sur-Seine;512;39;551
91441;Nainville-les-Roches;443;41;484
91457;La Norville;4009;80;4089
91458;Nozay;4723;57;4780
91461;Ollainville;4565;99;4664
91463;Oncy-sur-École;939;13;952
91468;Ormoy;1746;21;1767
91469;Ormoy-la-Rivière;950;64;1014
91471;Orsay;16411;227;16638
91473;Orveau;205;5;210
91477;Palaiseau;30149;393;30542
91479;Paray-Vieille-Poste;7179;63;7242
91482;Pecqueuse;593;11;604
91494;Le Plessis-Pâté;3921;30;3951
91495;Plessis-Saint-Benoist;307;6;313
91507;Prunay-sur-Essonne;308;4;312
91508;Puiselet-le-Marais;284;13;297
91511;Pussay;1790;23;1813
91514;Quincy-sous-Sénart;7608;74;7682
91519;Richarville;439;12;451
91521;Ris-Orangis;26691;172;26863
91525;Roinville;1164;16;1180
91526;Roinvilliers;76;3;79
91533;Saclas;1798;12;1810
91534;Saclay;3013;54;3067
91538;Saint-Aubin;641;25;666
91540;Saint-Chéron;4796;88;4884
91544;Saint-Cyr-la-Rivière;491;8;499
91546;Saint-Cyr-sous-Dourdan;997;14;1011
91547;Saint-Escobille;465;8;473
91552;Saint-Germain-lès-Arpajon;9146;72;9218
91553;Saint-Germain-lès-Corbeil;7177;122;7299
91556;Saint-Hilaire;345;8;353
91560;Saint-Jean-de-Beauregard;275;6;281
91568;Saint-Maurice-Montcouronne;1577;30;1607
91570;Saint-Michel-sur-Orge;20148;215;20363
91573;Saint-Pierre-du-Perray;7818;96;7914
91578;Saint-Sulpice-de-Favières;323;2;325
91579;Saint-Vrain;2791;28;2819
91581;Saint-Yon;885;13;898
91549;Sainte-Geneviève-des-Bois;34411;314;34725
91577;Saintry-sur-Seine;5190;63;5253
91587;Saulx-les-Chartreux;4883;74;4957
91589;Savigny-sur-Orge;37469;332;37801
91593;Sermaise;1631;22;1653
91599;Soisy-sur-École;1372;18;1390
91600;Soisy-sur-Seine;7200;118;7318
91602;Souzy-la-Briche;375;5;380
91617;Tigery;2062;109;2171
91619;Torfou;268;6;274
91692;Les Ulis;24528;263;24791
91630;Le Val-Saint-Germain;1457;33;1490
91629;Valpuiseaux;610;3;613
91631;Varennes-Jarcy;2314;26;2340
91634;Vaugrigneuse;1213;12;1225
91635;Vauhallan;2004;46;2050
91639;Vayres-sur-Essonne;900;64;964
91645;Verrières-le-Buisson;15805;237;16042
91648;Vert-le-Grand;2356;22;2378
91649;Vert-le-Petit;2530;24;2554
91654;Videlles;644;10;654
91657;Vigneux-sur-Seine;26497;231;26728
91659;Villabé;4852;69;4921
91665;La Ville-du-Bois;6833;61;6894
91661;Villebon-sur-Yvette;9637;155;9792
91662;Villeconin;714;10;724
91666;Villejust;2174;20;2194
91667;Villemoisson-sur-Orge;6879;85;6964
91671;Villeneuve-sur-Auvers;621;9;630
91679;Villiers-le-Bâcle;1150;11;1161
91685;Villiers-sur-Orge;3917;36;3953
91687;Viry-Châtillon;31249;351;31600
91689;Wissous;5112;160;5272
91691;Yerres;28789;324;29113
92002;Antony;61761;699;62460
92004;Asnières-sur-Seine;82056;664;82720
92007;Bagneux;38592;298;38890
92009;Bois-Colombes;27600;193;27793
92012;Boulogne-Billancourt;111045;998;112043
92014;Bourg-la-Reine;19615;291;19906
92019;Châtenay-Malabry;31946;433;32379
92020;Châtillon;32609;326;32935
92022;Chaville;18576;249;18825
92023;Clamart;51000;572;51572
92024;Clichy;58646;311;58957
92025;Colombes;82552;668;83220
92026;Courbevoie;84974;742;85716
92032;Fontenay-aux-Roses;24066;240;24306
92033;Garches;18196;308;18504
92035;La Garenne-Colombes;27001;210;27211
92036;Gennevilliers;41960;315;42275
92040;Issy-les-Moulineaux;62316;728;63044
92044;Levallois-Perret;63225;418;63643
92046;Malakoff;30735;272;31007
92047;Marnes-la-Coquette;1696;37;1733
92048;Meudon;44873;809;45682
92049;Montrouge;46500;300;46800
92050;Nanterre;88875;2028;90903
92051;Neuilly-sur-Seine;60454;759;61213
92060;Le Plessis-Robinson;23242;173;23415
92062;Puteaux;43994;284;44278
92063;Rueil-Malmaison;78145;1234;79379
92064;Saint-Cloud;29542;439;29981
92071;Sceaux;19679;307;19986
92072;Sèvres;23174;331;23505
92073;Suresnes;44738;301;45039
92075;Vanves;26886;241;27127
92076;Vaucresson;8670;309;8979
92077;Ville-d'Avray;10956;173;11129
92078;Villeneuve-la-Garenne;24516;190;24706
93001;Aubervilliers;73699;522;74221
93005;Aulnay-sous-Bois;82513;535;83048
93006;Bagnolet;34269;326;34595
93007;Le Blanc-Mesnil;50910;310;51220
93008;Bobigny;48196;332;48528
93010;Bondy;53159;344;53503
93013;Le Bourget;12961;58;13019
93014;Clichy-sous-Bois;29674;175;29849
93015;Coubron;4646;50;4696
93027;La Courneuve;37228;311;37539
93029;Drancy;65843;611;66454
93030;Dugny;10439;80;10519
93031;Épinay-sur-Seine;52020;298;52318
93032;Gagny;38220;389;38609
93033;Gournay-sur-Marne;6196;50;6246
93039;L' Île-Saint-Denis;7083;40;7123
93045;Les Lilas;22324;155;22479
93046;Livry-Gargan;41893;182;42075
93047;Montfermeil;25824;236;26060
93048;Montreuil;102097;792;102889
93049;Neuilly-Plaisance;20156;198;20354
93050;Neuilly-sur-Marne;33422;258;33680
93051;Noisy-le-Grand;62529;476;63005
93053;Noisy-le-Sec;38802;264;39066
93055;Pantin;53315;343;53658
93057;Les Pavillons-sous-Bois;20424;220;20644
93059;Pierrefitte-sur-Seine;28338;137;28475
93061;Le Pré-Saint-Gervais;17244;91;17335
93062;Le Raincy;13981;340;14321
93063;Romainville;25563;220;25783
93064;Rosny-sous-Bois;41283;282;41565
93066;Saint-Denis;100800;1080;101880
93070;Saint-Ouen;43954;355;44309
93071;Sevran;51110;339;51449
93072;Stains;34663;227;34890
93073;Tremblay-en-France;35410;255;35665
93074;Vaujours;6047;126;6173
93077;Villemomble;28283;279;28562
93078;Villepinte;35444;195;35639
93079;Villetaneuse;12378;142;12520
94001;Ablon-sur-Seine;5155;29;5184
94002;Alfortville;44116;255;44371
94003;Arcueil;19592;185;19777
94004;Boissy-Saint-Léger;15894;220;16114
94011;Bonneuil-sur-Marne;16437;357;16794
94015;Bry-sur-Marne;15183;172;15355
94016;Cachan;27383;335;27718
94017;Champigny-sur-Marne;74909;647;75556
94018;Charenton-le-Pont;28414;265;28679
94019;Chennevières-sur-Marne;17313;148;17461
94021;Chevilly-Larue;19152;176;19328
94022;Choisy-le-Roi;37165;321;37486
94028;Créteil;89410;787;90197
94033;Fontenay-sous-Bois;52143;532;52675
94034;Fresnes;25115;197;25312
94037;Gentilly;17103;127;17230
94038;L' Haÿ-les-Roses;29357;314;29671
94041;Ivry-sur-Seine;55583;395;55978
94042;Joinville-le-Pont;17303;117;17420
94043;Le Kremlin-Bicêtre;25859;159;26018
94044;Limeil-Brévannes;18657;137;18794
94046;Maisons-Alfort;53085;522;53607
94047;Mandres-les-Roses;4307;44;4351
94048;Marolles-en-Brie;5073;135;5208
94052;Nogent-sur-Marne;30912;364;31276
94053;Noiseau;4375;34;4409
94054;Orly;21117;255;21372
94055;Ormesson-sur-Marne;9864;73;9937
94056;Périgny;2232;22;2254
94058;Le Perreux-sur-Marne;32100;289;32389
94059;Le Plessis-Trévise;18246;152;18398
94060;La Queue-en-Brie;11392;119;11511
94065;Rungis;5618;70;5688
94067;Saint-Mandé;22737;209;22946
94068;Saint-Maur-des-Fossés;75748;950;76698
94069;Saint-Maurice;14596;122;14718
94070;Santeny;3610;47;3657
94071;Sucy-en-Brie;26070;337;26407
94073;Thiais;29273;436;29709
94074;Valenton;12294;88;12382
94075;Villecresnes;9295;126;9421
94076;Villejuif;51410;329;51739
94077;Villeneuve-le-Roi;18503;72;18575
94078;Villeneuve-Saint-Georges;30609;265;30874
94079;Villiers-sur-Marne;28158;263;28421
94080;Vincennes;47372;473;47845
94081;Vitry-sur-Seine;83650;719;84369
95002;Ableiges;946;10;956
95008;Aincourt;913;9;922
95011;Ambleville;352;7;359
95012;Amenucourt;183;1;184
95014;Andilly;2449;55;2504
95018;Argenteuil;102572;1577;104149
95019;Arnouville-lès-Gonesse;13215;167;13382
95023;Arronville;667;11;678
95024;Arthies;284;4;288
95026;Asnières-sur-Oise;2541;46;2587
95028;Attainville;1819;14;1833
95039;Auvers-sur-Oise;6917;165;7082
95040;Avernes;817;12;829
95042;Baillet-en-France;1868;17;1885
95046;Banthelu;117;2;119
95051;Beauchamp;8843;85;8928
95052;Beaumont-sur-Oise;8825;168;8993
95054;Le Bellay-en-Vexin;250;8;258
95055;Bellefontaine;464;7;471
95056;Belloy-en-France;1819;12;1831
95058;Bernes-sur-Oise;2363;18;2381
95059;Berville;335;5;340
95060;Bessancourt;7231;94;7325
95061;Béthemont-la-Forêt;425;7;432
95063;Bezons;27892;300;28192
95074;Boisemont;726;16;742
95078;Boissy-l'Aillerie;1762;19;1781
95088;Bonneuil-en-France;711;6;717
95091;Bouffémont;5701;55;5756
95094;Bouqueval;309;4;313
95101;Bray-et-Lû;933;5;938
95102;Bréançon;381;9;390
95110;Brignancourt;209;10;219
95116;Bruyères-sur-Oise;3297;59;3356
95119;Buhy;295;0;295
95120;Butry-sur-Oise;1974;36;2010
95127;Cergy;57600;665;58265
95134;Champagne-sur-Oise;4451;47;4498
95139;La Chapelle-en-Vexin;322;3;325
95141;Charmont;30;1;31
95142;Chars;1772;15;1787
95144;Châtenay-en-France;64;0;64
95149;Chaumontel;3275;44;3319
95150;Chaussy;650;16;666
95151;Chauvry;289;7;296
95154;Chennevières-lès-Louvres;319;2;321
95157;Chérence;151;2;153
95166;Cléry-en-Vexin;410;10;420
95169;Commeny;374;5;379
95170;Condécourt;537;4;541
95176;Cormeilles-en-Parisis;21824;241;22065
95177;Cormeilles-en-Vexin;977;9;986
95181;Courcelles-sur-Viosne;291;5;296
95183;Courdimanche;6505;100;6605
95197;Deuil-la-Barre;21425;286;21711
95199;Domont;14755;244;14999
95203;Eaubonne;23541;272;23813
95205;Écouen;7383;91;7474
95210;Enghien-les-Bains;12199;125;12324
95211;Ennery;2137;22;2159
95212;Épiais-lès-Louvres;76;2;78
95213;Épiais-Rhus;623;9;632
95214;Épinay-Champlâtreux;67;0;67
95218;Éragny;16416;236;16652
95219;Ermont;27670;335;28005
95229;Ézanville;9113;115;9228
95241;Fontenay-en-Parisis;1925;11;1936
95250;Fosses;9701;66;9767
95252;Franconville;32932;275;33207
95253;Frémainville;481;3;484
95254;Frémécourt;544;3;547
95256;Frépillon;2605;27;2632
95257;La Frette-sur-Seine;4520;63;4583
95258;Frouville;372;12;384
95259;Gadancourt;104;0;104
95268;Garges-lès-Gonesse;39098;287;39385
95270;Genainville;535;4;539
95271;Génicourt;509;9;518
95277;Gonesse;26262;331;26593
95280;Goussainville;30310;245;30555
95282;Gouzangrez;162;3;165
95287;Grisy-les-Plâtres;593;6;599
95288;Groslay;8075;128;8203
95295;Guiry-en-Vexin;163;4;167
95298;Haravilliers;512;7;519
95301;Haute-Isle;339;4;343
95303;Le Heaulme;184;8;192
95304;Hédouville;276;5;281
95306;Herblay;26137;454;26591
95308;Hérouville;580;38;618
95309;Hodent;266;1;267
95313;L' Isle-Adam;11466;192;11658
95316;Jagny-sous-Bois;259;2;261
95323;Jouy-le-Moutier;16923;257;17180
95328;Labbeville;526;10;536
95331;Lassy;172;1;173
95341;Livilliers;353;7;360
95348;Longuesse;524;18;542
95351;Louvres;8905;73;8978
95352;Luzarches;4084;57;4141
95353;Maffliers;1620;13;1633
95355;Magny-en-Vexin;5508;58;5566
95365;Mareil-en-France;609;5;614
95369;Margency;2857;40;2897
95370;Marines;3199;63;3262
95371;Marly-la-Ville;5549;43;5592
95379;Maudétour-en-Vexin;195;3;198
95387;Menouville;79;0;79
95388;Menucourt;5167;30;5197
95392;Mériel;4370;47;4417
95394;Méry-sur-Oise;9190;113;9303
95395;Le Mesnil-Aubry;945;9;954
95409;Moisselles;1114;5;1119
95422;Montgeroult;425;3;428
95424;Montigny-lès-Cormeilles;18526;224;18750
95426;Montlignon;2516;131;2647
95427;Montmagny;14037;175;14212
95428;Montmorency;21381;273;21654
95429;Montreuil-sur-Epte;441;4;445
95430;Montsoult;3474;33;3507
95436;Mours;1401;13;1414
95438;Moussy;158;1;159
95445;Nerville-la-Forêt;735;17;752
95446;Nesles-la-Vallée;1843;31;1874
95447;Neuilly-en-Vexin;210;2;212
95450;Neuville-sur-Oise;1569;43;1612
95452;Nointel;723;15;738
95456;Noisy-sur-Oise;703;9;712
95459;Nucourt;768;7;775
95462;Omerville;300;6;306
95476;Osny;15945;282;16227
95480;Parmain;5462;81;5543
95483;Le Perchay;508;4;512
95487;Persan;10250;98;10348
95488;Pierrelaye;7635;166;7801
95489;Piscop;688;76;764
95491;Le Plessis-Bouchard;7623;62;7685
95492;Le Plessis-Gassot;82;0;82
95493;Le Plessis-Luzarches;132;1;133
95500;Pontoise;29148;1228;30376
95504;Presles;3827;49;3876
95509;Puiseux-en-France;3444;19;3463
95510;Puiseux-Pontoise;474;5;479
95523;La Roche-Guyon;464;69;533
95527;Roissy-en-France;2537;24;2561
95529;Ronquerolles;843;10;853
95535;Sagy;1159;17;1176
95539;Saint-Brice-sous-Forêt;13914;155;14069
95541;Saint-Clair-sur-Epte;857;6;863
95543;Saint-Cyr-en-Arthies;232;2;234
95554;Saint-Gervais;956;19;975
95555;Saint-Gratien;20588;184;20772
95563;Saint-Leu-la-Forêt;14667;166;14833
95566;Saint-Martin-du-Tertre;2381;22;2403
95572;Saint-Ouen-l'Aumône;22876;278;23154
95574;Saint-Prix;7245;131;7376
95580;Saint-Witz;2562;69;2631
95582;Sannois;25975;573;26548
95584;Santeuil;604;9;613
95585;Sarcelles;59594;602;60196
95592;Seraincourt;1369;26;1395
95594;Seugy;1056;16;1072
95598;Soisy-sous-Montmorency;17419;207;17626
95604;Survilliers;3710;31;3741
95607;Taverny;26228;268;26496
95610;Théméricourt;263;3;266
95611;Theuville;32;2;34
95612;Le Thillay;4011;36;4047
95625;Us;1274;18;1292
95627;Vallangoujard;653;8;661
95628;Valmondois;1236;25;1261
95633;Vaudherland;91;1;92
95637;Vauréal;15674;288;15962
95641;Vémars;2030;15;2045
95651;Vétheuil;870;11;881
95652;Viarmes;4767;84;4851
95656;Vienne-en-Arthies;394;9;403
95658;Vigny;1086;15;1101
95660;Villaines-sous-Bois;659;11;670
95675;Villeron;715;5;720
95676;Villers-en-Arthies;465;8;473
95678;Villiers-Adam;801;15;816
95680;Villiers-le-Bel;27091;270;27361
95682;Villiers-le-Sec;160;0;160
95690;Wy-dit-Joli-Village;335;6;341
971101;Les Abymes;59404;743;60147
971102;Anse-Bertrand;4712;65;4777
971103;Baie-Mahault;28379;514;28893
971104;Baillif;5836;96;5932
971105;Basse-Terre;12451;297;12748
971106;Bouillante;7536;94;7630
971107;Capesterre-Belle-Eau;19520;234;19754
971108;Capesterre-de-Marie-Galante;3455;99;3554
971111;Deshaies;4322;61;4383
971110;La Désirade;1591;65;1656
971113;Le Gosier;27193;507;27700
971109;Gourbeyre;8088;231;8319
971114;Goyave;7661;143;7804
971112;Grand-Bourg;5674;235;5909
971115;Lamentin;15785;240;16025
971116;Morne-à-l'Eau;16875;246;17121
971117;Le Moule;21318;284;21602
971118;Petit-Bourg;21283;350;21633
971119;Petit-Canal;8243;105;8348
971120;Pointe-à-Pitre;17408;169;17577
971121;Pointe-Noire;7115;122;7237
971122;Port-Louis;5466;71;5537
971124;Saint-Claude;10548;316;10864
971125;Saint-François;13886;169;14055
971126;Saint-Louis;2810;147;2957
971128;Sainte-Anne;23095;276;23371
971129;Sainte-Rose;19738;237;19975
971130;Terre-de-Bas;1000;43;1043
971131;Terre-de-Haut;1854;54;1908
971132;Trois-Rivières;8884;197;9081
971133;Vieux-Fort;1770;24;1794
971134;Vieux-Habitants;7684;187;7871
972201;L' Ajoupa-Bouillon;1659;28;1687
972202;Les Anses-d'Arlet;3787;39;3826
972203;Basse-Pointe;3845;81;3926
972234;Bellefontaine;1462;68;1530
972204;Le Carbet;3722;46;3768
972205;Case-Pilote;4461;106;4567
972206;Le Diamant;5602;80;5682
972207;Ducos;16122;346;16468
972208;Fonds-Saint-Denis;881;2;883
972209;Fort-de-France;89794;1455;91249
972210;Le François;19333;304;19637
972211;Grand'Rivière;824;11;835
972212;Gros-Morne;10765;130;10895
972213;Le Lamentin;39442;573;40015
972214;Le Lorrain;7716;124;7840
972215;Macouba;1296;18;1314
972216;Le Marigot;3700;55;3755
972217;Le Marin;8769;115;8884
972218;Le Morne-Rouge;5170;91;5261
972233;Le Morne-Vert;1862;43;1905
972219;Le Prêcheur;1699;18;1717
972220;Rivière-Pilote;13621;79;13700
972221;Rivière-Salée;13106;227;13333
972222;Le Robert;24068;189;24257
972223;Saint-Esprit;8899;135;9034
972224;Saint-Joseph;17215;261;17476
972225;Saint-Pierre;4539;51;4590
972226;Sainte-Anne;4963;54;5017
972227;Sainte-Luce;9165;194;9359
972228;Sainte-Marie;19249;160;19409
972229;Schoelcher;21510;441;21951
972230;La Trinité;13582;210;13792
972231;Les Trois-Îlets;7084;91;7175
972232;Le Vauclin;8818;133;8951
973360;Apatou;6357;3;6360
973361;Awala-Yalimapo;1251;16;1267
973356;Camopi;1469;17;1486
973302;Cayenne;58008;361;58369
973357;Grand-Santi;3427;3;3430
973303;Iracoubo;1975;26;2001
973304;Kourou;25688;230;25918
973305;Macouria;8191;95;8286
973306;Mana;8256;66;8322
973353;Maripasoula;5545;39;5584
973307;Matoury;24893;298;25191
973313;Montsinéry-Tonnegrande;1958;12;1970
973314;Ouanary;85;8;93
973362;Papaichton;2296;2;2298
973301;Régina;826;21;847
973309;Remire-Montjoly;18511;436;18947
973310;Roura;2823;69;2892
973358;Saint-Élie;450;1;451
973308;Saint-Georges;3605;87;3692
973311;Saint-Laurent-du-Maroni;34149;187;34336
973352;Saül;158;1;159
973312;Sinnamary;3110;27;3137
974401;Les Avirons;10093;162;10255
974402;Bras-Panon;11216;108;11324
974424;Cilaos;5796;92;5888
974403;Entre-Deux;5868;81;5949
974404;L' Étang-Salé;13179;194;13373
974405;Petite-Île;11672;132;11804
974406;La Plaine-des-Palmistes;4713;93;4806
974407;Le Port;38313;283;38596
974408;La Possession;27175;345;27520
974409;Saint-André;51964;327;52291
974410;Saint-Benoît;33485;244;33729
974411;Saint-Denis;140733;1508;142241
974412;Saint-Joseph;34602;440;35042
974413;Saint-Leu;29422;291;29713
974414;Saint-Louis;50131;475;50606
974415;Saint-Paul;101023;1451;102474
974417;Saint-Philippe;5129;65;5194
974416;Saint-Pierre;75265;840;76105
974418;Sainte-Marie;31143;401;31544
974419;Sainte-Rose;6680;66;6746
974420;Sainte-Suzanne;21856;152;22008
974421;Salazie;7181;71;7252
974422;Le Tampon;70539;967;71506
974423;Les Trois-Bassins;6929;98;7027
